Supplemental results for CODEML (seqf: aln.phy  treef: tree.tre)


MLEs of dN/dS (w) for site classes (K=4)

site class             0        1       2a       2b
proportion       0.66839  0.33161  0.00000  0.00000
background w     0.02600  1.00000  0.02600  1.00000
foreground w     0.02600  1.00000  1.00000  1.00000

Naive Empirical Bayes (NEB) probabilities for 4 classes
(amino acids refer to 1st sequence: KY581700.1)

   1 M   0.97900 0.02100 0.00000 0.00000 ( 1)
   2 I   0.20167 0.79833 0.00000 0.00000 ( 2)
   3 H   0.32790 0.67210 0.00000 0.00000 ( 2)
   4 S   0.91534 0.08466 0.00000 0.00000 ( 1)
   5 V   0.93228 0.06772 0.00000 0.00000 ( 1)
   6 F   0.48877 0.51123 0.00000 0.00000 ( 2)
   7 L   0.88397 0.11603 0.00000 0.00000 ( 1)
   8 L   0.88653 0.11347 0.00000 0.00000 ( 1)
   9 M   0.97900 0.02100 0.00000 0.00000 ( 1)
  10 F   0.29962 0.70038 0.00000 0.00000 ( 2)
  11 L   0.92851 0.07149 0.00000 0.00000 ( 1)
  12 L   0.92168 0.07832 0.00000 0.00000 ( 1)
  13 T   0.94681 0.05319 0.00000 0.00000 ( 1)
  14 -   0.66839 0.33161 0.00000 0.00000 ( 1)
  15 -   0.66839 0.33161 0.00000 0.00000 ( 1)
  16 -   0.66839 0.33161 0.00000 0.00000 ( 1)
  17 P   0.23450 0.76550 0.00000 0.00000 ( 2)
  18 T   0.11968 0.88032 0.00000 0.00000 ( 2)
  19 E   0.11691 0.88309 0.00000 0.00000 ( 2)
  20 S   0.01937 0.98063 0.00000 0.00000 ( 2)
  21 Y   0.00941 0.99059 0.00000 0.00000 ( 2)
  22 V   0.94599 0.05400 0.00000 0.00000 ( 1)
  23 D   0.00495 0.99505 0.00000 0.00000 ( 2)
  24 V   0.32898 0.67102 0.00000 0.00000 ( 2)
  25 G   0.00443 0.99557 0.00000 0.00000 ( 2)
  26 P   0.00433 0.99567 0.00000 0.00000 ( 2)
  27 D   0.44142 0.55858 0.00000 0.00000 ( 2)
  28 S   0.01406 0.98594 0.00000 0.00000 ( 2)
  29 F   0.00000 1.00000 0.00000 0.00000 ( 2)
  30 K   0.11577 0.88422 0.00000 0.00000 ( 2)
  31 S   0.00013 0.99987 0.00000 0.00000 ( 2)
  32 A   0.96325 0.03675 0.00000 0.00000 ( 1)
  33 C   0.96349 0.03651 0.00000 0.00000 ( 1)
  34 I   0.00976 0.99024 0.00000 0.00000 ( 2)
  35 E   0.24892 0.75108 0.00000 0.00000 ( 2)
  36 V   0.95038 0.04962 0.00000 0.00000 ( 1)
  37 D   0.97040 0.02960 0.00000 0.00000 ( 1)
  38 I   0.52495 0.47505 0.00000 0.00000 ( 1)
  39 Q   0.92592 0.07408 0.00000 0.00000 ( 1)
  40 Q   0.10925 0.89075 0.00000 0.00000 ( 2)
  41 T   0.32626 0.67374 0.00000 0.00000 ( 2)
  42 F   0.34055 0.65945 0.00000 0.00000 ( 2)
  43 F   0.95904 0.04096 0.00000 0.00000 ( 1)
  44 D   0.00957 0.99043 0.00000 0.00000 ( 2)
  45 K   0.94027 0.05973 0.00000 0.00000 ( 1)
  46 -   0.66839 0.33161 0.00000 0.00000 ( 1)
  47 T   0.26468 0.73532 0.00000 0.00000 ( 2)
  48 W   0.95689 0.04311 0.00000 0.00000 ( 1)
  49 P   0.96746 0.03254 0.00000 0.00000 ( 1)
  50 R   0.01052 0.98948 0.00000 0.00000 ( 2)
  51 P   0.94926 0.05074 0.00000 0.00000 ( 1)
  52 I   0.96050 0.03950 0.00000 0.00000 ( 1)
  53 D   0.96002 0.03998 0.00000 0.00000 ( 1)
  54 V   0.24311 0.75689 0.00000 0.00000 ( 2)
  55 S   0.00935 0.99065 0.00000 0.00000 ( 2)
  56 K   0.94551 0.05449 0.00000 0.00000 ( 1)
  57 A   0.94989 0.05011 0.00000 0.00000 ( 1)
  58 D   0.95006 0.04994 0.00000 0.00000 ( 1)
  59 G   0.95713 0.04287 0.00000 0.00000 ( 1)
  60 I   0.39175 0.60825 0.00000 0.00000 ( 2)
  61 I   0.94480 0.05520 0.00000 0.00000 ( 1)
  62 Y   0.93770 0.06230 0.00000 0.00000 ( 1)
  63 P   0.95226 0.04774 0.00000 0.00000 ( 1)
  64 Q   0.01118 0.98882 0.00000 0.00000 ( 2)
  65 G   0.92638 0.07362 0.00000 0.00000 ( 1)
  66 R   0.94857 0.05143 0.00000 0.00000 ( 1)
  67 T   0.94681 0.05319 0.00000 0.00000 ( 1)
  68 Y   0.95989 0.04011 0.00000 0.00000 ( 1)
  69 S   0.95571 0.04429 0.00000 0.00000 ( 1)
  70 N   0.95006 0.04994 0.00000 0.00000 ( 1)
  71 I   0.94480 0.05520 0.00000 0.00000 ( 1)
  72 T   0.94989 0.05011 0.00000 0.00000 ( 1)
  73 I   0.13181 0.86819 0.00000 0.00000 ( 2)
  74 T   0.00216 0.99784 0.00000 0.00000 ( 2)
  75 Y   0.00657 0.99343 0.00000 0.00000 ( 2)
  76 Q   0.00202 0.99798 0.00000 0.00000 ( 2)
  77 G   0.02321 0.97679 0.00000 0.00000 ( 2)
  78 L   0.92716 0.07284 0.00000 0.00000 ( 1)
  79 F   0.95904 0.04096 0.00000 0.00000 ( 1)
  80 P   0.95059 0.04941 0.00000 0.00000 ( 1)
  81 Y   0.02662 0.97338 0.00000 0.00000 ( 2)
  82 Q   0.01119 0.98881 0.00000 0.00000 ( 2)
  83 G   0.93625 0.06375 0.00000 0.00000 ( 1)
  84 D   0.95718 0.04282 0.00000 0.00000 ( 1)
  85 H   0.06192 0.93808 0.00000 0.00000 ( 2)
  86 G   0.94568 0.05432 0.00000 0.00000 ( 1)
  87 D   0.01346 0.98654 0.00000 0.00000 ( 2)
  88 M   0.00929 0.99071 0.00000 0.00000 ( 2)
  89 Y   0.96001 0.03999 0.00000 0.00000 ( 1)
  90 V   0.94454 0.05546 0.00000 0.00000 ( 1)
  91 Y   0.94968 0.05032 0.00000 0.00000 ( 1)
  92 S   0.94407 0.05593 0.00000 0.00000 ( 1)
  93 A   0.28164 0.71836 0.00000 0.00000 ( 2)
  94 G   0.00438 0.99562 0.00000 0.00000 ( 2)
  95 H   0.36409 0.63591 0.00000 0.00000 ( 2)
  96 A   0.12337 0.87663 0.00000 0.00000 ( 2)
  97 T   0.21615 0.78385 0.00000 0.00000 ( 2)
  98 G   0.28391 0.71609 0.00000 0.00000 ( 2)
  99 T   0.00068 0.99932 0.00000 0.00000 ( 2)
 100 T   0.96326 0.03674 0.00000 0.00000 ( 1)
 101 P   0.00345 0.99655 0.00000 0.00000 ( 2)
 102 Q   0.01118 0.98882 0.00000 0.00000 ( 2)
 103 K   0.01018 0.98982 0.00000 0.00000 ( 2)
 104 L   0.00674 0.99326 0.00000 0.00000 ( 2)
 105 F   0.95904 0.04096 0.00000 0.00000 ( 1)
 106 V   0.35265 0.64735 0.00000 0.00000 ( 2)
 107 A   0.01228 0.98772 0.00000 0.00000 ( 2)
 108 N   0.95718 0.04282 0.00000 0.00000 ( 1)
 109 Y   0.96001 0.03999 0.00000 0.00000 ( 1)
 110 S   0.94407 0.05593 0.00000 0.00000 ( 1)
 111 Q   0.01073 0.98927 0.00000 0.00000 ( 2)
 112 D   0.29430 0.70570 0.00000 0.00000 ( 2)
 113 V   0.20290 0.79710 0.00000 0.00000 ( 2)
 114 K   0.39011 0.60989 0.00000 0.00000 ( 2)
 115 Q   0.10925 0.89075 0.00000 0.00000 ( 2)
 116 F   0.95904 0.04096 0.00000 0.00000 ( 1)
 117 A   0.23699 0.76301 0.00000 0.00000 ( 2)
 118 N   0.40071 0.59929 0.00000 0.00000 ( 2)
 119 G   0.93046 0.06954 0.00000 0.00000 ( 1)
 120 F   0.37216 0.62784 0.00000 0.00000 ( 2)
 121 V   0.93067 0.06933 0.00000 0.00000 ( 1)
 122 V   0.31239 0.68761 0.00000 0.00000 ( 2)
 123 R   0.96155 0.03845 0.00000 0.00000 ( 1)
 124 I   0.95551 0.04449 0.00000 0.00000 ( 1)
 125 G   0.93625 0.06375 0.00000 0.00000 ( 1)
 126 A   0.00484 0.99516 0.00000 0.00000 ( 2)
 127 A   0.01320 0.98680 0.00000 0.00000 ( 2)
 128 A   0.24224 0.75776 0.00000 0.00000 ( 2)
 129 N   0.97040 0.02960 0.00000 0.00000 ( 1)
 130 S   0.00166 0.99834 0.00000 0.00000 ( 2)
 131 T   0.96326 0.03674 0.00000 0.00000 ( 1)
 132 G   0.94188 0.05812 0.00000 0.00000 ( 1)
 133 T   0.32667 0.67333 0.00000 0.00000 ( 2)
 134 V   0.94581 0.05419 0.00000 0.00000 ( 1)
 135 I   0.96050 0.03950 0.00000 0.00000 ( 1)
 136 I   0.31169 0.68831 0.00000 0.00000 ( 2)
 137 S   0.28911 0.71089 0.00000 0.00000 ( 2)
 138 P   0.69527 0.30473 0.00000 0.00000 ( 1)
 139 S   0.25747 0.74253 0.00000 0.00000 ( 2)
 140 T   0.26136 0.73864 0.00000 0.00000 ( 2)
 141 S   0.00239 0.99761 0.00000 0.00000 ( 2)
 142 A   0.41418 0.58582 0.00000 0.00000 ( 2)
 143 T   0.96326 0.03674 0.00000 0.00000 ( 1)
 144 I   0.95074 0.04926 0.00000 0.00000 ( 1)
 145 R   0.10668 0.89332 0.00000 0.00000 ( 2)
 146 K   0.94027 0.05973 0.00000 0.00000 ( 1)
 147 I   0.95571 0.04429 0.00000 0.00000 ( 1)
 148 Y   0.93770 0.06230 0.00000 0.00000 ( 1)
 149 P   0.95226 0.04774 0.00000 0.00000 ( 1)
 150 A   0.96325 0.03675 0.00000 0.00000 ( 1)
 151 F   0.50601 0.49399 0.00000 0.00000 ( 1)
 152 M   0.97900 0.02100 0.00000 0.00000 ( 1)
 153 L   0.91707 0.08293 0.00000 0.00000 ( 1)
 154 G   0.95713 0.04287 0.00000 0.00000 ( 1)
 155 S   0.00938 0.99062 0.00000 0.00000 ( 2)
 156 S   0.93763 0.06237 0.00000 0.00000 ( 1)
 157 V   0.32571 0.67429 0.00000 0.00000 ( 2)
 158 G   0.94568 0.05432 0.00000 0.00000 ( 1)
 159 N   0.97040 0.02960 0.00000 0.00000 ( 1)
 160 F   0.95128 0.04872 0.00000 0.00000 ( 1)
 161 S   0.93763 0.06237 0.00000 0.00000 ( 1)
 162 -   0.66839 0.33161 0.00000 0.00000 ( 1)
 163 D   0.02002 0.97998 0.00000 0.00000 ( 2)
 164 G   0.02321 0.97679 0.00000 0.00000 ( 2)
 165 K   0.94027 0.05973 0.00000 0.00000 ( 1)
 166 M   0.00888 0.99112 0.00000 0.00000 ( 2)
 167 G   0.94188 0.05812 0.00000 0.00000 ( 1)
 168 R   0.00445 0.99555 0.00000 0.00000 ( 2)
 169 F   0.33943 0.66057 0.00000 0.00000 ( 2)
 170 F   0.95406 0.04594 0.00000 0.00000 ( 1)
 171 N   0.97040 0.02960 0.00000 0.00000 ( 1)
 172 H   0.96122 0.03878 0.00000 0.00000 ( 1)
 173 T   0.95079 0.04921 0.00000 0.00000 ( 1)
 174 L   0.91638 0.08362 0.00000 0.00000 ( 1)
 175 V   0.28043 0.71957 0.00000 0.00000 ( 2)
 176 L   0.26963 0.73036 0.00000 0.00000 ( 2)
 177 L   0.92436 0.07564 0.00000 0.00000 ( 1)
 178 P   0.95059 0.04941 0.00000 0.00000 ( 1)
 179 D   0.01733 0.98267 0.00000 0.00000 ( 2)
 180 G   0.00918 0.99082 0.00000 0.00000 ( 2)
 181 C   0.96349 0.03651 0.00000 0.00000 ( 1)
 182 G   0.92638 0.07362 0.00000 0.00000 ( 1)
 183 T   0.96326 0.03674 0.00000 0.00000 ( 1)
 184 L   0.23491 0.76509 0.00000 0.00000 ( 2)
 185 L   0.48951 0.51049 0.00000 0.00000 ( 2)
 186 R   0.09732 0.90268 0.00000 0.00000 ( 2)
 187 A   0.35591 0.64409 0.00000 0.00000 ( 2)
 188 F   0.01006 0.98994 0.00000 0.00000 ( 2)
 189 Y   0.95360 0.04640 0.00000 0.00000 ( 1)
 190 C   0.95796 0.04204 0.00000 0.00000 ( 1)
 191 I   0.30615 0.69385 0.00000 0.00000 ( 2)
 192 L   0.88397 0.11603 0.00000 0.00000 ( 1)
 193 E   0.22961 0.77039 0.00000 0.00000 ( 2)
 194 P   0.95226 0.04774 0.00000 0.00000 ( 1)
 195 R   0.80171 0.19829 0.00000 0.00000 ( 1)
 196 S   0.30881 0.69119 0.00000 0.00000 ( 2)
 197 G   0.16281 0.83719 0.00000 0.00000 ( 2)
 198 N   0.00914 0.99086 0.00000 0.00000 ( 2)
 199 H   0.25201 0.74799 0.00000 0.00000 ( 2)
 200 C   0.96349 0.03651 0.00000 0.00000 ( 1)
 201 P   0.95400 0.04600 0.00000 0.00000 ( 1)
 202 A   0.28704 0.71296 0.00000 0.00000 ( 2)
 203 G   0.01461 0.98539 0.00000 0.00000 ( 2)
 204 N   0.01346 0.98654 0.00000 0.00000 ( 2)
 205 S   0.00548 0.99452 0.00000 0.00000 ( 2)
 206 Y   0.96001 0.03999 0.00000 0.00000 ( 1)
 207 T   0.02260 0.97740 0.00000 0.00000 ( 2)
 208 S   0.00732 0.99268 0.00000 0.00000 ( 2)
 209 F   0.38369 0.61631 0.00000 0.00000 ( 2)
 210 A   0.93417 0.06583 0.00000 0.00000 ( 1)
 211 T   0.00989 0.99011 0.00000 0.00000 ( 2)
 212 Y   0.01222 0.98778 0.00000 0.00000 ( 2)
 213 H   0.27593 0.72407 0.00000 0.00000 ( 2)
 214 T   0.29986 0.70014 0.00000 0.00000 ( 2)
 215 P   0.96746 0.03254 0.00000 0.00000 ( 1)
 216 A   0.69519 0.30481 0.00000 0.00000 ( 1)
 217 T   0.93616 0.06384 0.00000 0.00000 ( 1)
 218 D   0.97040 0.02960 0.00000 0.00000 ( 1)
 219 C   0.96349 0.03651 0.00000 0.00000 ( 1)
 220 S   0.25747 0.74253 0.00000 0.00000 ( 2)
 221 D   0.00912 0.99088 0.00000 0.00000 ( 2)
 222 G   0.18544 0.81456 0.00000 0.00000 ( 2)
 223 N   0.48925 0.51075 0.00000 0.00000 ( 2)
 224 Y   0.00798 0.99202 0.00000 0.00000 ( 2)
 225 N   0.00914 0.99086 0.00000 0.00000 ( 2)
 226 -   0.66839 0.33161 0.00000 0.00000 ( 1)
 227 R   0.96155 0.03845 0.00000 0.00000 ( 1)
 228 N   0.01915 0.98085 0.00000 0.00000 ( 2)
 229 A   0.00851 0.99149 0.00000 0.00000 ( 2)
 230 S   0.44245 0.55755 0.00000 0.00000 ( 2)
 231 L   0.91707 0.08293 0.00000 0.00000 ( 1)
 232 N   0.01400 0.98600 0.00000 0.00000 ( 2)
 233 S   0.00729 0.99270 0.00000 0.00000 ( 2)
 234 F   0.01516 0.98484 0.00000 0.00000 ( 2)
 235 K   0.94027 0.05973 0.00000 0.00000 ( 1)
 236 E   0.32115 0.67884 0.00000 0.00000 ( 2)
 237 Y   0.95360 0.04640 0.00000 0.00000 ( 1)
 238 F   0.95799 0.04201 0.00000 0.00000 ( 1)
 239 N   0.97040 0.02960 0.00000 0.00000 ( 1)
 240 L   0.92300 0.07700 0.00000 0.00000 ( 1)
 241 R   0.00603 0.99397 0.00000 0.00000 ( 2)
 242 N   0.95718 0.04282 0.00000 0.00000 ( 1)
 243 C   0.95440 0.04560 0.00000 0.00000 ( 1)
 244 T   0.93291 0.06709 0.00000 0.00000 ( 1)
 245 F   0.38369 0.61631 0.00000 0.00000 ( 2)
 246 M   0.02519 0.97481 0.00000 0.00000 ( 2)
 247 Y   0.00798 0.99202 0.00000 0.00000 ( 2)
 248 T   0.00341 0.99659 0.00000 0.00000 ( 2)
 249 Y   0.36496 0.63504 0.00000 0.00000 ( 2)
 250 N   0.95718 0.04282 0.00000 0.00000 ( 1)
 251 I   0.39175 0.60825 0.00000 0.00000 ( 2)
 252 T   0.93417 0.06583 0.00000 0.00000 ( 1)
 253 E   0.11691 0.88309 0.00000 0.00000 ( 2)
 254 D   0.96002 0.03998 0.00000 0.00000 ( 1)
 255 E   0.94551 0.05449 0.00000 0.00000 ( 1)
 256 I   0.00946 0.99054 0.00000 0.00000 ( 2)
 257 L   0.00878 0.99122 0.00000 0.00000 ( 2)
 258 E   0.94551 0.05449 0.00000 0.00000 ( 1)
 259 W   0.95689 0.04311 0.00000 0.00000 ( 1)
 260 F   0.95904 0.04096 0.00000 0.00000 ( 1)
 261 G   0.92638 0.07362 0.00000 0.00000 ( 1)
 262 I   0.95571 0.04429 0.00000 0.00000 ( 1)
 263 T   0.93484 0.06516 0.00000 0.00000 ( 1)
 264 Q   0.93045 0.06954 0.00000 0.00000 ( 1)
 265 T   0.01320 0.98680 0.00000 0.00000 ( 2)
 266 A   0.29985 0.70014 0.00000 0.00000 ( 2)
 267 Q   0.92592 0.07408 0.00000 0.00000 ( 1)
 268 G   0.95713 0.04287 0.00000 0.00000 ( 1)
 269 V   0.94599 0.05400 0.00000 0.00000 ( 1)
 270 H   0.95190 0.04810 0.00000 0.00000 ( 1)
 271 L   0.93634 0.06366 0.00000 0.00000 ( 1)
 272 F   0.29045 0.70955 0.00000 0.00000 ( 2)
 273 S   0.19808 0.80192 0.00000 0.00000 ( 2)
 274 S   0.95571 0.04429 0.00000 0.00000 ( 1)
 275 R   0.93668 0.06332 0.00000 0.00000 ( 1)
 276 Y   0.01063 0.98937 0.00000 0.00000 ( 2)
 277 V   0.01641 0.98359 0.00000 0.00000 ( 2)
 278 D   0.44142 0.55858 0.00000 0.00000 ( 2)
 279 L   0.40838 0.59162 0.00000 0.00000 ( 2)
 280 Y   0.29849 0.70151 0.00000 0.00000 ( 2)
 281 G   0.00371 0.99629 0.00000 0.00000 ( 2)
 282 G   0.01461 0.98539 0.00000 0.00000 ( 2)
 283 N   0.97040 0.02960 0.00000 0.00000 ( 1)
 284 M   0.15324 0.84675 0.00000 0.00000 ( 2)
 285 F   0.95904 0.04096 0.00000 0.00000 ( 1)
 286 Q   0.14211 0.85789 0.00000 0.00000 ( 2)
 287 F   0.95904 0.04096 0.00000 0.00000 ( 1)
 288 A   0.94721 0.05279 0.00000 0.00000 ( 1)
 289 T   0.24225 0.75775 0.00000 0.00000 ( 2)
 290 L   0.24744 0.75256 0.00000 0.00000 ( 2)
 291 P   0.95400 0.04600 0.00000 0.00000 ( 1)
 292 V   0.43712 0.56288 0.00000 0.00000 ( 2)
 293 Y   0.96001 0.03999 0.00000 0.00000 ( 1)
 294 D   0.97040 0.02960 0.00000 0.00000 ( 1)
 295 T   0.12153 0.87847 0.00000 0.00000 ( 2)
 296 I   0.95571 0.04429 0.00000 0.00000 ( 1)
 297 K   0.39118 0.60882 0.00000 0.00000 ( 2)
 298 Y   0.95360 0.04640 0.00000 0.00000 ( 1)
 299 Y   0.95261 0.04739 0.00000 0.00000 ( 1)
 300 S   0.30881 0.69119 0.00000 0.00000 ( 2)
 301 I   0.30879 0.69121 0.00000 0.00000 ( 2)
 302 I   0.96050 0.03950 0.00000 0.00000 ( 1)
 303 P   0.96746 0.03254 0.00000 0.00000 ( 1)
 304 H   0.29247 0.70753 0.00000 0.00000 ( 2)
 305 S   0.00500 0.99500 0.00000 0.00000 ( 2)
 306 I   0.95299 0.04701 0.00000 0.00000 ( 1)
 307 R   0.02076 0.97924 0.00000 0.00000 ( 2)
 308 S   0.30881 0.69119 0.00000 0.00000 ( 2)
 309 I   0.00979 0.99021 0.00000 0.00000 ( 2)
 310 Q   0.00203 0.99797 0.00000 0.00000 ( 2)
 311 S   0.40249 0.59751 0.00000 0.00000 ( 2)
 312 D   0.00032 0.99968 0.00000 0.00000 ( 2)
 313 R   0.81257 0.18743 0.00000 0.00000 ( 1)
 314 K   0.00170 0.99830 0.00000 0.00000 ( 2)
 315 A   0.96325 0.03675 0.00000 0.00000 ( 1)
 316 W   0.95689 0.04311 0.00000 0.00000 ( 1)
 317 A   0.94989 0.05011 0.00000 0.00000 ( 1)
 318 A   0.93417 0.06583 0.00000 0.00000 ( 1)
 319 F   0.95406 0.04594 0.00000 0.00000 ( 1)
 320 Y   0.94968 0.05032 0.00000 0.00000 ( 1)
 321 V   0.93150 0.06850 0.00000 0.00000 ( 1)
 322 Y   0.96001 0.03999 0.00000 0.00000 ( 1)
 323 K   0.00224 0.99776 0.00000 0.00000 ( 2)
 324 L   0.85227 0.14773 0.00000 0.00000 ( 1)
 325 Q   0.31503 0.68497 0.00000 0.00000 ( 2)
 326 P   0.19267 0.80733 0.00000 0.00000 ( 2)
 327 L   0.84211 0.15789 0.00000 0.00000 ( 1)
 328 T   0.26552 0.73448 0.00000 0.00000 ( 2)
 329 F   0.29045 0.70955 0.00000 0.00000 ( 2)
 330 L   0.90098 0.09901 0.00000 0.00000 ( 1)
 331 L   0.90586 0.09414 0.00000 0.00000 ( 1)
 332 D   0.48925 0.51075 0.00000 0.00000 ( 2)
 333 F   0.95904 0.04096 0.00000 0.00000 ( 1)
 334 S   0.00933 0.99067 0.00000 0.00000 ( 2)
 335 V   0.95038 0.04962 0.00000 0.00000 ( 1)
 336 D   0.48925 0.51075 0.00000 0.00000 ( 2)
 337 G   0.95713 0.04287 0.00000 0.00000 ( 1)
 338 Y   0.96001 0.03999 0.00000 0.00000 ( 1)
 339 I   0.95074 0.04926 0.00000 0.00000 ( 1)
 340 R   0.02462 0.97538 0.00000 0.00000 ( 2)
 341 R   0.00303 0.99697 0.00000 0.00000 ( 2)
 342 A   0.94989 0.05011 0.00000 0.00000 ( 1)
 343 I   0.01287 0.98713 0.00000 0.00000 ( 2)
 344 D   0.95006 0.04994 0.00000 0.00000 ( 1)
 345 C   0.96349 0.03651 0.00000 0.00000 ( 1)
 346 G   0.95713 0.04287 0.00000 0.00000 ( 1)
 347 F   0.34680 0.65320 0.00000 0.00000 ( 2)
 348 N   0.97040 0.02960 0.00000 0.00000 ( 1)
 349 D   0.97040 0.02960 0.00000 0.00000 ( 1)
 350 L   0.01576 0.98424 0.00000 0.00000 ( 2)
 351 S   0.19808 0.80192 0.00000 0.00000 ( 2)
 352 Q   0.92592 0.07408 0.00000 0.00000 ( 1)
 353 L   0.94376 0.05624 0.00000 0.00000 ( 1)
 354 H   0.00523 0.99477 0.00000 0.00000 ( 2)
 355 C   0.94729 0.05271 0.00000 0.00000 ( 1)
 356 S   0.92236 0.07764 0.00000 0.00000 ( 1)
 357 Y   0.96001 0.03999 0.00000 0.00000 ( 1)
 358 E   0.17519 0.82481 0.00000 0.00000 ( 2)
 359 S   0.00673 0.99327 0.00000 0.00000 ( 2)
 360 F   0.95406 0.04594 0.00000 0.00000 ( 1)
 361 D   0.48925 0.51075 0.00000 0.00000 ( 2)
 362 V   0.24311 0.75689 0.00000 0.00000 ( 2)
 363 E   0.31857 0.68143 0.00000 0.00000 ( 2)
 364 S   0.95571 0.04429 0.00000 0.00000 ( 1)
 365 G   0.93625 0.06375 0.00000 0.00000 ( 1)
 366 V   0.95038 0.04962 0.00000 0.00000 ( 1)
 367 Y   0.95360 0.04640 0.00000 0.00000 ( 1)
 368 S   0.93763 0.06237 0.00000 0.00000 ( 1)
 369 V   0.02323 0.97677 0.00000 0.00000 ( 2)
 370 S   0.92373 0.07627 0.00000 0.00000 ( 1)
 371 S   0.30841 0.69159 0.00000 0.00000 ( 2)
 372 F   0.33943 0.66057 0.00000 0.00000 ( 2)
 373 E   0.00313 0.99687 0.00000 0.00000 ( 2)
 374 A   0.93484 0.06516 0.00000 0.00000 ( 1)
 375 K   0.94480 0.05520 0.00000 0.00000 ( 1)
 376 P   0.96746 0.03254 0.00000 0.00000 ( 1)
 377 S   0.01052 0.98948 0.00000 0.00000 ( 2)
 378 G   0.94188 0.05812 0.00000 0.00000 ( 1)
 379 S   0.19486 0.80514 0.00000 0.00000 ( 2)
 380 V   0.00943 0.99057 0.00000 0.00000 ( 2)
 381 V   0.00495 0.99505 0.00000 0.00000 ( 2)
 382 E   0.94480 0.05520 0.00000 0.00000 ( 1)
 383 Q   0.00195 0.99805 0.00000 0.00000 ( 2)
 384 A   0.00761 0.99239 0.00000 0.00000 ( 2)
 385 E   0.15528 0.84472 0.00000 0.00000 ( 2)
 386 G   0.01250 0.98750 0.00000 0.00000 ( 2)
 387 V   0.00835 0.99165 0.00000 0.00000 ( 2)
 388 E   0.39048 0.60952 0.00000 0.00000 ( 2)
 389 C   0.95796 0.04204 0.00000 0.00000 ( 1)
 390 D   0.48925 0.51075 0.00000 0.00000 ( 2)
 391 F   0.95904 0.04096 0.00000 0.00000 ( 1)
 392 S   0.22959 0.77041 0.00000 0.00000 ( 2)
 393 P   0.00764 0.99236 0.00000 0.00000 ( 2)
 394 L   0.85604 0.14396 0.00000 0.00000 ( 1)
 395 L   0.32861 0.67139 0.00000 0.00000 ( 2)
 396 S   0.00020 0.99980 0.00000 0.00000 ( 2)
 397 G   0.15922 0.84078 0.00000 0.00000 ( 2)
 398 T   0.15849 0.84151 0.00000 0.00000 ( 2)
 399 P   0.30445 0.69555 0.00000 0.00000 ( 2)
 400 P   0.95400 0.04600 0.00000 0.00000 ( 1)
 401 Q   0.00451 0.99549 0.00000 0.00000 ( 2)
 402 V   0.38949 0.61051 0.00000 0.00000 ( 2)
 403 Y   0.00047 0.99953 0.00000 0.00000 ( 2)
 404 N   0.01231 0.98769 0.00000 0.00000 ( 2)
 405 F   0.33943 0.66057 0.00000 0.00000 ( 2)
 406 K   0.31122 0.68878 0.00000 0.00000 ( 2)
 407 R   0.96155 0.03845 0.00000 0.00000 ( 1)
 408 L   0.14125 0.85875 0.00000 0.00000 ( 2)
 409 V   0.95038 0.04962 0.00000 0.00000 ( 1)
 410 F   0.95904 0.04096 0.00000 0.00000 ( 1)
 411 T   0.93435 0.06565 0.00000 0.00000 ( 1)
 412 N   0.01400 0.98600 0.00000 0.00000 ( 2)
 413 C   0.95440 0.04560 0.00000 0.00000 ( 1)
 414 N   0.97040 0.02960 0.00000 0.00000 ( 1)
 415 Y   0.95360 0.04640 0.00000 0.00000 ( 1)
 416 N   0.96002 0.03998 0.00000 0.00000 ( 1)
 417 L   0.94839 0.05161 0.00000 0.00000 ( 1)
 418 T   0.93417 0.06583 0.00000 0.00000 ( 1)
 419 K   0.00585 0.99414 0.00000 0.00000 ( 2)
 420 L   0.90811 0.09189 0.00000 0.00000 ( 1)
 421 L   0.94839 0.05161 0.00000 0.00000 ( 1)
 422 S   0.93763 0.06237 0.00000 0.00000 ( 1)
 423 L   0.95488 0.04512 0.00000 0.00000 ( 1)
 424 F   0.20870 0.79130 0.00000 0.00000 ( 2)
 425 S   0.00323 0.99677 0.00000 0.00000 ( 2)
 426 V   0.93228 0.06772 0.00000 0.00000 ( 1)
 427 N   0.48925 0.51075 0.00000 0.00000 ( 2)
 428 D   0.40963 0.59037 0.00000 0.00000 ( 2)
 429 F   0.95883 0.04117 0.00000 0.00000 ( 1)
 430 T   0.00046 0.99954 0.00000 0.00000 ( 2)
 431 C   0.95796 0.04204 0.00000 0.00000 ( 1)
 432 S   0.02554 0.97446 0.00000 0.00000 ( 2)
 433 Q   0.22586 0.77414 0.00000 0.00000 ( 2)
 434 I   0.95074 0.04926 0.00000 0.00000 ( 1)
 435 S   0.26211 0.73789 0.00000 0.00000 ( 2)
 436 P   0.94926 0.05074 0.00000 0.00000 ( 1)
 437 A   0.00644 0.99356 0.00000 0.00000 ( 2)
 438 A   0.94681 0.05319 0.00000 0.00000 ( 1)
 439 I   0.30615 0.69385 0.00000 0.00000 ( 2)
 440 A   0.33010 0.66990 0.00000 0.00000 ( 2)
 441 S   0.12125 0.87875 0.00000 0.00000 ( 2)
 442 N   0.00446 0.99554 0.00000 0.00000 ( 2)
 443 C   0.96349 0.03651 0.00000 0.00000 ( 1)
 444 Y   0.96001 0.03999 0.00000 0.00000 ( 1)
 445 S   0.94646 0.05354 0.00000 0.00000 ( 1)
 446 S   0.93763 0.06237 0.00000 0.00000 ( 1)
 447 L   0.91707 0.08293 0.00000 0.00000 ( 1)
 448 I   0.37688 0.62312 0.00000 0.00000 ( 2)
 449 L   0.15509 0.84491 0.00000 0.00000 ( 2)
 450 D   0.97040 0.02960 0.00000 0.00000 ( 1)
 451 Y   0.02054 0.97946 0.00000 0.00000 ( 2)
 452 F   0.95904 0.04096 0.00000 0.00000 ( 1)
 453 S   0.19277 0.80723 0.00000 0.00000 ( 2)
 454 Y   0.31040 0.68960 0.00000 0.00000 ( 2)
 455 P   0.93860 0.06140 0.00000 0.00000 ( 1)
 456 L   0.01997 0.98003 0.00000 0.00000 ( 2)
 457 S   0.01263 0.98737 0.00000 0.00000 ( 2)
 458 M   0.01282 0.98718 0.00000 0.00000 ( 2)
 459 K   0.94027 0.05973 0.00000 0.00000 ( 1)
 460 S   0.93034 0.06966 0.00000 0.00000 ( 1)
 461 D   0.31475 0.68525 0.00000 0.00000 ( 2)
 462 L   0.91086 0.08913 0.00000 0.00000 ( 1)
 463 S   0.01263 0.98737 0.00000 0.00000 ( 2)
 464 V   0.37726 0.62274 0.00000 0.00000 ( 2)
 465 S   0.00053 0.99947 0.00000 0.00000 ( 2)
 466 S   0.94407 0.05593 0.00000 0.00000 ( 1)
 467 A   0.94989 0.05011 0.00000 0.00000 ( 1)
 468 G   0.43515 0.56485 0.00000 0.00000 ( 2)
 469 P   0.18106 0.81894 0.00000 0.00000 ( 2)
 470 I   0.95074 0.04926 0.00000 0.00000 ( 1)
 471 S   0.00020 0.99980 0.00000 0.00000 ( 2)
 472 Q   0.24586 0.75414 0.00000 0.00000 ( 2)
 473 F   0.95904 0.04096 0.00000 0.00000 ( 1)
 474 N   0.97040 0.02960 0.00000 0.00000 ( 1)
 475 Y   0.96001 0.03999 0.00000 0.00000 ( 1)
 476 K   0.34096 0.65904 0.00000 0.00000 ( 2)
 477 Q   0.93191 0.06809 0.00000 0.00000 ( 1)
 478 S   0.00674 0.99326 0.00000 0.00000 ( 2)
 479 F   0.00042 0.99958 0.00000 0.00000 ( 2)
 480 S   0.00732 0.99268 0.00000 0.00000 ( 2)
 481 N   0.97040 0.02960 0.00000 0.00000 ( 1)
 482 P   0.93712 0.06288 0.00000 0.00000 ( 1)
 483 T   0.23925 0.76075 0.00000 0.00000 ( 2)
 484 C   0.96349 0.03651 0.00000 0.00000 ( 1)
 485 L   0.01879 0.98121 0.00000 0.00000 ( 2)
 486 I   0.96041 0.03959 0.00000 0.00000 ( 1)
 487 L   0.05026 0.94974 0.00000 0.00000 ( 2)
 488 A   0.21302 0.78698 0.00000 0.00000 ( 2)
 489 T   0.12153 0.87847 0.00000 0.00000 ( 2)
 490 V   0.94599 0.05400 0.00000 0.00000 ( 1)
 491 P   0.70865 0.29135 0.00000 0.00000 ( 1)
 492 H   0.36409 0.63591 0.00000 0.00000 ( 2)
 493 N   0.00665 0.99335 0.00000 0.00000 ( 2)
 494 L   0.09143 0.90857 0.00000 0.00000 ( 2)
 495 T   0.02260 0.97740 0.00000 0.00000 ( 2)
 496 T   0.00846 0.99154 0.00000 0.00000 ( 2)
 497 I   0.96050 0.03950 0.00000 0.00000 ( 1)
 498 T   0.29986 0.70014 0.00000 0.00000 ( 2)
 499 K   0.00781 0.99219 0.00000 0.00000 ( 2)
 500 P   0.42387 0.57613 0.00000 0.00000 ( 2)
 501 L   0.00761 0.99239 0.00000 0.00000 ( 2)
 502 K   0.00474 0.99526 0.00000 0.00000 ( 2)
 503 Y   0.94968 0.05032 0.00000 0.00000 ( 1)
 504 S   0.95764 0.04236 0.00000 0.00000 ( 1)
 505 Y   0.96001 0.03999 0.00000 0.00000 ( 1)
 506 I   0.96050 0.03950 0.00000 0.00000 ( 1)
 507 N   0.25494 0.74506 0.00000 0.00000 ( 2)
 508 K   0.39118 0.60882 0.00000 0.00000 ( 2)
 509 C   0.95440 0.04560 0.00000 0.00000 ( 1)
 510 S   0.00935 0.99065 0.00000 0.00000 ( 2)
 511 R   0.01929 0.98071 0.00000 0.00000 ( 2)
 512 L   0.00615 0.99385 0.00000 0.00000 ( 2)
 513 L   0.00615 0.99385 0.00000 0.00000 ( 2)
 514 S   0.44011 0.55989 0.00000 0.00000 ( 2)
 515 D   0.40071 0.59929 0.00000 0.00000 ( 2)
 516 D   0.01931 0.98069 0.00000 0.00000 ( 2)
 517 R   0.01275 0.98725 0.00000 0.00000 ( 2)
 518 T   0.00942 0.99058 0.00000 0.00000 ( 2)
 519 E   0.15528 0.84472 0.00000 0.00000 ( 2)
 520 V   0.94193 0.05807 0.00000 0.00000 ( 1)
 521 P   0.00234 0.99766 0.00000 0.00000 ( 2)
 522 Q   0.11352 0.88648 0.00000 0.00000 ( 2)
 523 L   0.00302 0.99698 0.00000 0.00000 ( 2)
 524 V   0.24771 0.75229 0.00000 0.00000 ( 2)
 525 N   0.00940 0.99060 0.00000 0.00000 ( 2)
 526 A   0.95079 0.04921 0.00000 0.00000 ( 1)
 527 N   0.49129 0.50871 0.00000 0.00000 ( 2)
 528 Q   0.93045 0.06954 0.00000 0.00000 ( 1)
 529 Y   0.69609 0.30391 0.00000 0.00000 ( 1)
 530 S   0.69253 0.30746 0.00000 0.00000 ( 1)
 531 P   0.93712 0.06288 0.00000 0.00000 ( 1)
 532 C   0.96349 0.03651 0.00000 0.00000 ( 1)
 533 V   0.94193 0.05807 0.00000 0.00000 ( 1)
 534 S   0.25292 0.74708 0.00000 0.00000 ( 2)
 535 I   0.00031 0.99969 0.00000 0.00000 ( 2)
 536 V   0.28959 0.71041 0.00000 0.00000 ( 2)
 537 P   0.25530 0.74470 0.00000 0.00000 ( 2)
 538 S   0.00674 0.99326 0.00000 0.00000 ( 2)
 539 T   0.70797 0.29203 0.00000 0.00000 ( 1)
 540 V   0.69876 0.30124 0.00000 0.00000 ( 1)
 541 W   0.69964 0.30036 0.00000 0.00000 ( 1)
 542 E   0.69646 0.30354 0.00000 0.00000 ( 1)
 543 D   0.69739 0.30261 0.00000 0.00000 ( 1)
 544 G   0.70679 0.29321 0.00000 0.00000 ( 1)
 545 D   0.71203 0.28797 0.00000 0.00000 ( 1)
 546 Y   0.71379 0.28621 0.00000 0.00000 ( 1)
 547 Y   0.71379 0.28621 0.00000 0.00000 ( 1)
 548 R   0.69809 0.30191 0.00000 0.00000 ( 1)
 549 K   0.69646 0.30354 0.00000 0.00000 ( 1)
 550 Q   0.69172 0.30828 0.00000 0.00000 ( 1)
 551 L   0.68696 0.31304 0.00000 0.00000 ( 1)
 552 S   0.94407 0.05593 0.00000 0.00000 ( 1)
 553 P   0.94926 0.05074 0.00000 0.00000 ( 1)
 554 L   0.01349 0.98651 0.00000 0.00000 ( 2)
 555 E   0.01391 0.98609 0.00000 0.00000 ( 2)
 556 G   0.95713 0.04287 0.00000 0.00000 ( 1)
 557 G   0.00363 0.99637 0.00000 0.00000 ( 2)
 558 G   0.19961 0.80039 0.00000 0.00000 ( 2)
 559 W   0.95689 0.04311 0.00000 0.00000 ( 1)
 560 L   0.04067 0.95933 0.00000 0.00000 ( 2)
 561 V   0.32571 0.67429 0.00000 0.00000 ( 2)
 562 A   0.01320 0.98680 0.00000 0.00000 ( 2)
 563 S   0.01284 0.98716 0.00000 0.00000 ( 2)
 564 G   0.94188 0.05812 0.00000 0.00000 ( 1)
 565 S   0.00373 0.99627 0.00000 0.00000 ( 2)
 566 T   0.01724 0.98276 0.00000 0.00000 ( 2)
 567 V   0.01239 0.98761 0.00000 0.00000 ( 2)
 568 A   0.00494 0.99506 0.00000 0.00000 ( 2)
 569 M   0.17214 0.82786 0.00000 0.00000 ( 2)
 570 T   0.95079 0.04921 0.00000 0.00000 ( 1)
 571 E   0.00167 0.99833 0.00000 0.00000 ( 2)
 572 Q   0.14053 0.85947 0.00000 0.00000 ( 2)
 573 -   0.66839 0.33161 0.00000 0.00000 ( 1)
 574 -   0.66839 0.33161 0.00000 0.00000 ( 1)
 575 -   0.66839 0.33161 0.00000 0.00000 ( 1)
 576 -   0.66839 0.33161 0.00000 0.00000 ( 1)
 577 -   0.66839 0.33161 0.00000 0.00000 ( 1)
 578 -   0.66839 0.33161 0.00000 0.00000 ( 1)
 579 -   0.66839 0.33161 0.00000 0.00000 ( 1)
 580 -   0.66839 0.33161 0.00000 0.00000 ( 1)
 581 -   0.66839 0.33161 0.00000 0.00000 ( 1)
 582 -   0.66839 0.33161 0.00000 0.00000 ( 1)
 583 L   0.90195 0.09805 0.00000 0.00000 ( 1)
 584 Q   0.01119 0.98881 0.00000 0.00000 ( 2)
 585 M   0.97900 0.02100 0.00000 0.00000 ( 1)
 586 G   0.23621 0.76379 0.00000 0.00000 ( 2)
 587 F   0.38369 0.61631 0.00000 0.00000 ( 2)
 588 G   0.25617 0.74383 0.00000 0.00000 ( 2)
 589 I   0.95571 0.04429 0.00000 0.00000 ( 1)
 590 T   0.94681 0.05319 0.00000 0.00000 ( 1)
 591 V   0.95038 0.04962 0.00000 0.00000 ( 1)
 592 Q   0.22586 0.77414 0.00000 0.00000 ( 2)
 593 Y   0.96001 0.03999 0.00000 0.00000 ( 1)
 594 G   0.18244 0.81756 0.00000 0.00000 ( 2)
 595 T   0.20478 0.79522 0.00000 0.00000 ( 2)
 596 D   0.28878 0.71122 0.00000 0.00000 ( 2)
 597 T   0.31846 0.68154 0.00000 0.00000 ( 2)
 598 N   0.01926 0.98074 0.00000 0.00000 ( 2)
 599 S   0.33102 0.66898 0.00000 0.00000 ( 2)
 600 V   0.31145 0.68855 0.00000 0.00000 ( 2)
 601 C   0.95440 0.04560 0.00000 0.00000 ( 1)
 602 P   0.93712 0.06288 0.00000 0.00000 ( 1)
 603 K   0.94027 0.05973 0.00000 0.00000 ( 1)
 604 -   0.66839 0.33161 0.00000 0.00000 ( 1)
 605 L   0.00862 0.99138 0.00000 0.00000 ( 2)
 606 E   0.00379 0.99621 0.00000 0.00000 ( 2)
 607 F   0.03213 0.96787 0.00000 0.00000 ( 2)
 608 A   0.32515 0.67485 0.00000 0.00000 ( 2)
 609 N   0.36037 0.63963 0.00000 0.00000 ( 2)
 610 D   0.01614 0.98386 0.00000 0.00000 ( 2)
 611 T   0.93484 0.06516 0.00000 0.00000 ( 1)
 612 K   0.39011 0.60989 0.00000 0.00000 ( 2)
 613 I   0.96050 0.03950 0.00000 0.00000 ( 1)
 614 A   0.01201 0.98799 0.00000 0.00000 ( 2)
 615 S   0.00652 0.99348 0.00000 0.00000 ( 2)
 616 Q   0.14211 0.85789 0.00000 0.00000 ( 2)
 617 L   0.92168 0.07832 0.00000 0.00000 ( 1)
 618 G   0.92638 0.07362 0.00000 0.00000 ( 1)
 619 N   0.00914 0.99086 0.00000 0.00000 ( 2)
 620 C   0.95440 0.04560 0.00000 0.00000 ( 1)
 621 V   0.24130 0.75870 0.00000 0.00000 ( 2)
 622 E   0.00285 0.99715 0.00000 0.00000 ( 2)
 623 Y   0.96001 0.03999 0.00000 0.00000 ( 1)
 624 S   0.00547 0.99453 0.00000 0.00000 ( 2)
 625 L   0.24664 0.75336 0.00000 0.00000 ( 2)
 626 Y   0.96001 0.03999 0.00000 0.00000 ( 1)
 627 G   0.95713 0.04287 0.00000 0.00000 ( 1)
 628 V   0.01548 0.98452 0.00000 0.00000 ( 2)
 629 S   0.00813 0.99187 0.00000 0.00000 ( 2)
 630 G   0.94188 0.05812 0.00000 0.00000 ( 1)
 631 R   0.00782 0.99218 0.00000 0.00000 ( 2)
 632 G   0.95713 0.04287 0.00000 0.00000 ( 1)
 633 V   0.95029 0.04971 0.00000 0.00000 ( 1)
 634 F   0.95799 0.04201 0.00000 0.00000 ( 1)
 635 Q   0.93191 0.06809 0.00000 0.00000 ( 1)
 636 N   0.00347 0.99653 0.00000 0.00000 ( 2)
 637 C   0.95440 0.04560 0.00000 0.00000 ( 1)
 638 T   0.15849 0.84151 0.00000 0.00000 ( 2)
 639 A   0.94989 0.05011 0.00000 0.00000 ( 1)
 640 V   0.01564 0.98436 0.00000 0.00000 ( 2)
 641 G   0.94087 0.05913 0.00000 0.00000 ( 1)
 642 V   0.43712 0.56288 0.00000 0.00000 ( 2)
 643 R   0.00016 0.99984 0.00000 0.00000 ( 2)
 644 Q   0.92592 0.07408 0.00000 0.00000 ( 1)
 645 Q   0.92592 0.07408 0.00000 0.00000 ( 1)
 646 R   0.04019 0.95981 0.00000 0.00000 ( 2)
 647 F   0.95904 0.04096 0.00000 0.00000 ( 1)
 648 V   0.94581 0.05419 0.00000 0.00000 ( 1)
 649 Y   0.96001 0.03999 0.00000 0.00000 ( 1)
 650 D   0.96002 0.03998 0.00000 0.00000 ( 1)
 651 A   0.00630 0.99370 0.00000 0.00000 ( 2)
 652 Y   0.31040 0.68960 0.00000 0.00000 ( 2)
 653 Q   0.01119 0.98881 0.00000 0.00000 ( 2)
 654 N   0.97040 0.02960 0.00000 0.00000 ( 1)
 655 L   0.25873 0.74127 0.00000 0.00000 ( 2)
 656 V   0.43712 0.56288 0.00000 0.00000 ( 2)
 657 G   0.92638 0.07362 0.00000 0.00000 ( 1)
 658 Y   0.36496 0.63504 0.00000 0.00000 ( 2)
 659 Y   0.40715 0.59285 0.00000 0.00000 ( 2)
 660 S   0.95571 0.04429 0.00000 0.00000 ( 1)
 661 D   0.97040 0.02960 0.00000 0.00000 ( 1)
 662 D   0.95985 0.04015 0.00000 0.00000 ( 1)
 663 G   0.92638 0.07362 0.00000 0.00000 ( 1)
 664 N   0.95718 0.04282 0.00000 0.00000 ( 1)
 665 Y   0.94968 0.05032 0.00000 0.00000 ( 1)
 666 Y   0.94968 0.05032 0.00000 0.00000 ( 1)
 667 C   0.96349 0.03651 0.00000 0.00000 ( 1)
 668 L   0.24696 0.75304 0.00000 0.00000 ( 2)
 669 R   0.00477 0.99523 0.00000 0.00000 ( 2)
 670 A   0.30376 0.69624 0.00000 0.00000 ( 2)
 671 C   0.96349 0.03651 0.00000 0.00000 ( 1)
 672 V   0.94581 0.05419 0.00000 0.00000 ( 1)
 673 S   0.97075 0.02925 0.00000 0.00000 ( 1)
 674 V   0.94599 0.05400 0.00000 0.00000 ( 1)
 675 P   0.96746 0.03254 0.00000 0.00000 ( 1)
 676 V   0.95038 0.04962 0.00000 0.00000 ( 1)
 677 S   0.95571 0.04429 0.00000 0.00000 ( 1)
 678 V   0.94128 0.05872 0.00000 0.00000 ( 1)
 679 I   0.94289 0.05711 0.00000 0.00000 ( 1)
 680 Y   0.96001 0.03999 0.00000 0.00000 ( 1)
 681 D   0.97040 0.02960 0.00000 0.00000 ( 1)
 682 K   0.01391 0.98609 0.00000 0.00000 ( 2)
 683 E   0.01391 0.98609 0.00000 0.00000 ( 2)
 684 T   0.96326 0.03674 0.00000 0.00000 ( 1)
 685 K   0.39011 0.60989 0.00000 0.00000 ( 2)
 686 T   0.00211 0.99789 0.00000 0.00000 ( 2)
 687 H   0.32790 0.67210 0.00000 0.00000 ( 2)
 688 A   0.95079 0.04921 0.00000 0.00000 ( 1)
 689 T   0.94989 0.05011 0.00000 0.00000 ( 1)
 690 L   0.89890 0.10110 0.00000 0.00000 ( 1)
 691 F   0.95904 0.04096 0.00000 0.00000 ( 1)
 692 G   0.94568 0.05432 0.00000 0.00000 ( 1)
 693 S   0.97075 0.02925 0.00000 0.00000 ( 1)
 694 V   0.33047 0.66952 0.00000 0.00000 ( 2)
 695 A   0.94681 0.05319 0.00000 0.00000 ( 1)
 696 C   0.96349 0.03651 0.00000 0.00000 ( 1)
 697 E   0.24683 0.75317 0.00000 0.00000 ( 2)
 698 H   0.95838 0.04162 0.00000 0.00000 ( 1)
 699 I   0.95299 0.04701 0.00000 0.00000 ( 1)
 700 S   0.35073 0.64927 0.00000 0.00000 ( 2)
 701 S   0.25747 0.74253 0.00000 0.00000 ( 2)
 702 T   0.17274 0.82726 0.00000 0.00000 ( 2)
 703 M   0.01023 0.98977 0.00000 0.00000 ( 2)
 704 S   0.01148 0.98852 0.00000 0.00000 ( 2)
 705 Q   0.92592 0.07408 0.00000 0.00000 ( 1)
 706 Y   0.31040 0.68960 0.00000 0.00000 ( 2)
 707 S   0.94550 0.05450 0.00000 0.00000 ( 1)
 708 R   0.96155 0.03845 0.00000 0.00000 ( 1)
 709 S   0.00189 0.99811 0.00000 0.00000 ( 2)
 710 T   0.94698 0.05302 0.00000 0.00000 ( 1)
 711 R   0.92644 0.07356 0.00000 0.00000 ( 1)
 712 S   0.22959 0.77041 0.00000 0.00000 ( 2)
 713 M   0.00504 0.99496 0.00000 0.00000 ( 2)
 714 L   0.94839 0.05161 0.00000 0.00000 ( 1)
 715 K   0.00557 0.99443 0.00000 0.00000 ( 2)
 716 R   0.00666 0.99333 0.00000 0.00000 ( 2)
 717 R   0.88179 0.11821 0.00000 0.00000 ( 1)
 718 D   0.48925 0.51075 0.00000 0.00000 ( 2)
 719 S   0.71663 0.28337 0.00000 0.00000 ( 1)
 720 T   0.20357 0.79643 0.00000 0.00000 ( 2)
 721 Y   0.01546 0.98454 0.00000 0.00000 ( 2)
 722 G   0.01506 0.98494 0.00000 0.00000 ( 2)
 723 P   0.32861 0.67139 0.00000 0.00000 ( 2)
 724 L   0.92663 0.07337 0.00000 0.00000 ( 1)
 725 Q   0.93191 0.06809 0.00000 0.00000 ( 1)
 726 T   0.94681 0.05319 0.00000 0.00000 ( 1)
 727 P   0.00050 0.99950 0.00000 0.00000 ( 2)
 728 V   0.94581 0.05419 0.00000 0.00000 ( 1)
 729 G   0.95713 0.04287 0.00000 0.00000 ( 1)
 730 C   0.96349 0.03651 0.00000 0.00000 ( 1)
 731 V   0.93067 0.06933 0.00000 0.00000 ( 1)
 732 L   0.19796 0.80204 0.00000 0.00000 ( 2)
 733 G   0.93625 0.06375 0.00000 0.00000 ( 1)
 734 L   0.46056 0.53944 0.00000 0.00000 ( 2)
 735 V   0.00866 0.99134 0.00000 0.00000 ( 2)
 736 N   0.01926 0.98074 0.00000 0.00000 ( 2)
 737 S   0.25292 0.74708 0.00000 0.00000 ( 2)
 738 S   0.00935 0.99065 0.00000 0.00000 ( 2)
 739 L   0.00198 0.99802 0.00000 0.00000 ( 2)
 740 F   0.01070 0.98930 0.00000 0.00000 ( 2)
 741 V   0.94193 0.05807 0.00000 0.00000 ( 1)
 742 E   0.94027 0.05973 0.00000 0.00000 ( 1)
 743 D   0.95006 0.04994 0.00000 0.00000 ( 1)
 744 C   0.94722 0.05278 0.00000 0.00000 ( 1)
 745 K   0.39118 0.60882 0.00000 0.00000 ( 2)
 746 L   0.84859 0.15141 0.00000 0.00000 ( 1)
 747 P   0.42387 0.57613 0.00000 0.00000 ( 2)
 748 L   0.85307 0.14693 0.00000 0.00000 ( 1)
 749 G   0.94087 0.05913 0.00000 0.00000 ( 1)
 750 Q   0.93045 0.06954 0.00000 0.00000 ( 1)
 751 S   0.94407 0.05593 0.00000 0.00000 ( 1)
 752 L   0.93634 0.06366 0.00000 0.00000 ( 1)
 753 C   0.95796 0.04204 0.00000 0.00000 ( 1)
 754 A   0.94989 0.05011 0.00000 0.00000 ( 1)
 755 L   0.26963 0.73036 0.00000 0.00000 ( 2)
 756 P   0.95226 0.04774 0.00000 0.00000 ( 1)
 757 D   0.00536 0.99464 0.00000 0.00000 ( 2)
 758 T   0.11968 0.88032 0.00000 0.00000 ( 2)
 759 P   0.24443 0.75557 0.00000 0.00000 ( 2)
 760 S   0.40095 0.59905 0.00000 0.00000 ( 2)
 761 T   0.00543 0.99457 0.00000 0.00000 ( 2)
 762 L   0.03691 0.96308 0.00000 0.00000 ( 2)
 763 T   0.00038 0.99962 0.00000 0.00000 ( 2)
 764 P   0.00639 0.99361 0.00000 0.00000 ( 2)
 765 R   0.93110 0.06890 0.00000 0.00000 ( 1)
 766 S   0.00722 0.99278 0.00000 0.00000 ( 2)
 767 V   0.00997 0.99003 0.00000 0.00000 ( 2)
 768 R   0.69248 0.30752 0.00000 0.00000 ( 1)
 769 S   0.71663 0.28337 0.00000 0.00000 ( 1)
 770 V   0.71341 0.28659 0.00000 0.00000 ( 1)
 771 P   0.69527 0.30473 0.00000 0.00000 ( 1)
 772 G   0.70679 0.29321 0.00000 0.00000 ( 1)
 773 E   0.69646 0.30354 0.00000 0.00000 ( 1)
 774 M   0.02519 0.97481 0.00000 0.00000 ( 2)
 775 R   0.19629 0.80371 0.00000 0.00000 ( 2)
 776 L   0.92436 0.07564 0.00000 0.00000 ( 1)
 777 A   0.21619 0.78381 0.00000 0.00000 ( 2)
 778 S   0.94550 0.05450 0.00000 0.00000 ( 1)
 779 I   0.14909 0.85091 0.00000 0.00000 ( 2)
 780 A   0.95079 0.04921 0.00000 0.00000 ( 1)
 781 F   0.34680 0.65320 0.00000 0.00000 ( 2)
 782 N   0.96002 0.03998 0.00000 0.00000 ( 1)
 783 H   0.01495 0.98505 0.00000 0.00000 ( 2)
 784 P   0.95134 0.04866 0.00000 0.00000 ( 1)
 785 I   0.09335 0.90665 0.00000 0.00000 ( 2)
 786 Q   0.15915 0.84085 0.00000 0.00000 ( 2)
 787 V   0.95023 0.04977 0.00000 0.00000 ( 1)
 788 D   0.97040 0.02960 0.00000 0.00000 ( 1)
 789 Q   0.00477 0.99523 0.00000 0.00000 ( 2)
 790 L   0.95488 0.04512 0.00000 0.00000 ( 1)
 791 N   0.96002 0.03998 0.00000 0.00000 ( 1)
 792 S   0.00722 0.99278 0.00000 0.00000 ( 2)
 793 S   0.00917 0.99083 0.00000 0.00000 ( 2)
 794 Y   0.01045 0.98955 0.00000 0.00000 ( 2)
 795 F   0.95904 0.04096 0.00000 0.00000 ( 1)
 796 K   0.94027 0.05973 0.00000 0.00000 ( 1)
 797 L   0.14871 0.85129 0.00000 0.00000 ( 2)
 798 S   0.00722 0.99278 0.00000 0.00000 ( 2)
 799 I   0.19451 0.80549 0.00000 0.00000 ( 2)
 800 P   0.95206 0.04794 0.00000 0.00000 ( 1)
 801 T   0.00989 0.99011 0.00000 0.00000 ( 2)
 802 N   0.97040 0.02960 0.00000 0.00000 ( 1)
 803 F   0.95904 0.04096 0.00000 0.00000 ( 1)
 804 S   0.21358 0.78642 0.00000 0.00000 ( 2)
 805 F   0.95904 0.04096 0.00000 0.00000 ( 1)
 806 G   0.95713 0.04287 0.00000 0.00000 ( 1)
 807 V   0.94217 0.05783 0.00000 0.00000 ( 1)
 808 T   0.96326 0.03674 0.00000 0.00000 ( 1)
 809 Q   0.26300 0.73700 0.00000 0.00000 ( 2)
 810 E   0.94027 0.05973 0.00000 0.00000 ( 1)
 811 Y   0.94976 0.05024 0.00000 0.00000 ( 1)
 812 I   0.96050 0.03950 0.00000 0.00000 ( 1)
 813 Q   0.22593 0.77407 0.00000 0.00000 ( 2)
 814 T   0.94681 0.05319 0.00000 0.00000 ( 1)
 815 T   0.21913 0.78087 0.00000 0.00000 ( 2)
 816 I   0.95299 0.04701 0.00000 0.00000 ( 1)
 817 Q   0.93191 0.06809 0.00000 0.00000 ( 1)
 818 K   0.94027 0.05973 0.00000 0.00000 ( 1)
 819 V   0.43712 0.56288 0.00000 0.00000 ( 2)
 820 T   0.94989 0.05011 0.00000 0.00000 ( 1)
 821 V   0.95038 0.04962 0.00000 0.00000 ( 1)
 822 D   0.96002 0.03998 0.00000 0.00000 ( 1)
 823 C   0.96349 0.03651 0.00000 0.00000 ( 1)
 824 K   0.94480 0.05520 0.00000 0.00000 ( 1)
 825 Q   0.93191 0.06809 0.00000 0.00000 ( 1)
 826 Y   0.93770 0.06230 0.00000 0.00000 ( 1)
 827 V   0.94599 0.05400 0.00000 0.00000 ( 1)
 828 C   0.94724 0.05276 0.00000 0.00000 ( 1)
 829 N   0.97040 0.02960 0.00000 0.00000 ( 1)
 830 G   0.95713 0.04287 0.00000 0.00000 ( 1)
 831 F   0.95406 0.04594 0.00000 0.00000 ( 1)
 832 Q   0.00195 0.99805 0.00000 0.00000 ( 2)
 833 K   0.94551 0.05449 0.00000 0.00000 ( 1)
 834 C   0.96349 0.03651 0.00000 0.00000 ( 1)
 835 E   0.94027 0.05973 0.00000 0.00000 ( 1)
 836 Q   0.22586 0.77414 0.00000 0.00000 ( 2)
 837 L   0.90199 0.09801 0.00000 0.00000 ( 1)
 838 L   0.90740 0.09260 0.00000 0.00000 ( 1)
 839 R   0.00361 0.99639 0.00000 0.00000 ( 2)
 840 E   0.22961 0.77039 0.00000 0.00000 ( 2)
 841 Y   0.95360 0.04640 0.00000 0.00000 ( 1)
 842 G   0.94188 0.05812 0.00000 0.00000 ( 1)
 843 Q   0.93191 0.06809 0.00000 0.00000 ( 1)
 844 F   0.95904 0.04096 0.00000 0.00000 ( 1)
 845 C   0.95796 0.04204 0.00000 0.00000 ( 1)
 846 S   0.94550 0.05450 0.00000 0.00000 ( 1)
 847 K   0.94480 0.05520 0.00000 0.00000 ( 1)
 848 I   0.95074 0.04926 0.00000 0.00000 ( 1)
 849 N   0.95006 0.04994 0.00000 0.00000 ( 1)
 850 Q   0.26247 0.73753 0.00000 0.00000 ( 2)
 851 A   0.96325 0.03675 0.00000 0.00000 ( 1)
 852 L   0.93634 0.06366 0.00000 0.00000 ( 1)
 853 H   0.97268 0.02732 0.00000 0.00000 ( 1)
 854 G   0.94568 0.05432 0.00000 0.00000 ( 1)
 855 A   0.93436 0.06564 0.00000 0.00000 ( 1)
 856 N   0.97040 0.02960 0.00000 0.00000 ( 1)
 857 L   0.84211 0.15789 0.00000 0.00000 ( 1)
 858 R   0.93110 0.06890 0.00000 0.00000 ( 1)
 859 Q   0.93191 0.06809 0.00000 0.00000 ( 1)
 860 D   0.97040 0.02960 0.00000 0.00000 ( 1)
 861 D   0.96002 0.03998 0.00000 0.00000 ( 1)
 862 S   0.47229 0.52771 0.00000 0.00000 ( 2)
 863 V   0.94193 0.05807 0.00000 0.00000 ( 1)
 864 R   0.96155 0.03845 0.00000 0.00000 ( 1)
 865 N   0.97040 0.02960 0.00000 0.00000 ( 1)
 866 L   0.90811 0.09189 0.00000 0.00000 ( 1)
 867 F   0.95904 0.04096 0.00000 0.00000 ( 1)
 868 A   0.21923 0.78077 0.00000 0.00000 ( 2)
 869 S   0.95767 0.04233 0.00000 0.00000 ( 1)
 870 V   0.94217 0.05783 0.00000 0.00000 ( 1)
 871 K   0.94480 0.05520 0.00000 0.00000 ( 1)
 872 S   0.12125 0.87875 0.00000 0.00000 ( 2)
 873 S   0.01346 0.98654 0.00000 0.00000 ( 2)
 874 Q   0.92592 0.07408 0.00000 0.00000 ( 1)
 875 S   0.19277 0.80723 0.00000 0.00000 ( 2)
 876 S   0.01726 0.98274 0.00000 0.00000 ( 2)
 877 P   0.96746 0.03254 0.00000 0.00000 ( 1)
 878 I   0.25422 0.74578 0.00000 0.00000 ( 2)
 879 I   0.36821 0.63179 0.00000 0.00000 ( 2)
 880 P   0.20513 0.79487 0.00000 0.00000 ( 2)
 881 G   0.95713 0.04287 0.00000 0.00000 ( 1)
 882 F   0.95904 0.04096 0.00000 0.00000 ( 1)
 883 G   0.91164 0.08836 0.00000 0.00000 ( 1)
 884 G   0.94473 0.05527 0.00000 0.00000 ( 1)
 885 D   0.34297 0.65703 0.00000 0.00000 ( 2)
 886 F   0.95904 0.04096 0.00000 0.00000 ( 1)
 887 N   0.97040 0.02960 0.00000 0.00000 ( 1)
 888 L   0.84859 0.15141 0.00000 0.00000 ( 1)
 889 T   0.94681 0.05319 0.00000 0.00000 ( 1)
 890 L   0.95488 0.04512 0.00000 0.00000 ( 1)
 891 L   0.88397 0.11603 0.00000 0.00000 ( 1)
 892 E   0.94027 0.05973 0.00000 0.00000 ( 1)
 893 P   0.95262 0.04738 0.00000 0.00000 ( 1)
 894 V   0.28043 0.71957 0.00000 0.00000 ( 2)
 895 S   0.35968 0.64031 0.00000 0.00000 ( 2)
 896 I   0.37027 0.62973 0.00000 0.00000 ( 2)
 897 S   0.95571 0.04429 0.00000 0.00000 ( 1)
 898 T   0.94989 0.05011 0.00000 0.00000 ( 1)
 899 G   0.94188 0.05812 0.00000 0.00000 ( 1)
 900 S   0.00917 0.99083 0.00000 0.00000 ( 2)
 901 R   0.01315 0.98685 0.00000 0.00000 ( 2)
 902 S   0.49129 0.50871 0.00000 0.00000 ( 2)
 903 A   0.93616 0.06384 0.00000 0.00000 ( 1)
 904 R   0.96155 0.03845 0.00000 0.00000 ( 1)
 905 S   0.97075 0.02925 0.00000 0.00000 ( 1)
 906 A   0.96325 0.03675 0.00000 0.00000 ( 1)
 907 I   0.09335 0.90665 0.00000 0.00000 ( 2)
 908 E   0.94027 0.05973 0.00000 0.00000 ( 1)
 909 D   0.40963 0.59037 0.00000 0.00000 ( 2)
 910 L   0.84859 0.15141 0.00000 0.00000 ( 1)
 911 L   0.89857 0.10143 0.00000 0.00000 ( 1)
 912 F   0.95904 0.04096 0.00000 0.00000 ( 1)
 913 D   0.95006 0.04994 0.00000 0.00000 ( 1)
 914 K   0.94480 0.05520 0.00000 0.00000 ( 1)
 915 V   0.93067 0.06933 0.00000 0.00000 ( 1)
 916 T   0.96326 0.03674 0.00000 0.00000 ( 1)
 917 I   0.95551 0.04449 0.00000 0.00000 ( 1)
 918 A   0.96325 0.03675 0.00000 0.00000 ( 1)
 919 D   0.97040 0.02960 0.00000 0.00000 ( 1)
 920 P   0.96746 0.03254 0.00000 0.00000 ( 1)
 921 G   0.94568 0.05432 0.00000 0.00000 ( 1)
 922 Y   0.95360 0.04640 0.00000 0.00000 ( 1)
 923 M   0.97900 0.02100 0.00000 0.00000 ( 1)
 924 Q   0.93045 0.06954 0.00000 0.00000 ( 1)
 925 G   0.95713 0.04287 0.00000 0.00000 ( 1)
 926 Y   0.94968 0.05032 0.00000 0.00000 ( 1)
 927 D   0.97040 0.02960 0.00000 0.00000 ( 1)
 928 D   0.96002 0.03998 0.00000 0.00000 ( 1)
 929 C   0.94960 0.05040 0.00000 0.00000 ( 1)
 930 M   0.97900 0.02100 0.00000 0.00000 ( 1)
 931 Q   0.92592 0.07408 0.00000 0.00000 ( 1)
 932 Q   0.92592 0.07408 0.00000 0.00000 ( 1)
 933 G   0.94568 0.05432 0.00000 0.00000 ( 1)
 934 P   0.94926 0.05074 0.00000 0.00000 ( 1)
 935 A   0.93484 0.06516 0.00000 0.00000 ( 1)
 936 S   0.91534 0.08466 0.00000 0.00000 ( 1)
 937 A   0.96325 0.03675 0.00000 0.00000 ( 1)
 938 R   0.96155 0.03845 0.00000 0.00000 ( 1)
 939 D   0.97040 0.02960 0.00000 0.00000 ( 1)
 940 L   0.95488 0.04512 0.00000 0.00000 ( 1)
 941 I   0.95571 0.04429 0.00000 0.00000 ( 1)
 942 C   0.96349 0.03651 0.00000 0.00000 ( 1)
 943 A   0.96325 0.03675 0.00000 0.00000 ( 1)
 944 Q   0.93045 0.06954 0.00000 0.00000 ( 1)
 945 Y   0.96001 0.03999 0.00000 0.00000 ( 1)
 946 V   0.94217 0.05783 0.00000 0.00000 ( 1)
 947 A   0.96325 0.03675 0.00000 0.00000 ( 1)
 948 G   0.94568 0.05432 0.00000 0.00000 ( 1)
 949 Y   0.94050 0.05950 0.00000 0.00000 ( 1)
 950 K   0.94480 0.05520 0.00000 0.00000 ( 1)
 951 V   0.93374 0.06626 0.00000 0.00000 ( 1)
 952 L   0.92168 0.07832 0.00000 0.00000 ( 1)
 953 P   0.95226 0.04774 0.00000 0.00000 ( 1)
 954 P   0.95400 0.04600 0.00000 0.00000 ( 1)
 955 L   0.95488 0.04512 0.00000 0.00000 ( 1)
 956 M   0.97900 0.02100 0.00000 0.00000 ( 1)
 957 D   0.97040 0.02960 0.00000 0.00000 ( 1)
 958 V   0.95038 0.04962 0.00000 0.00000 ( 1)
 959 N   0.96002 0.03998 0.00000 0.00000 ( 1)
 960 M   0.97900 0.02100 0.00000 0.00000 ( 1)
 961 E   0.94480 0.05520 0.00000 0.00000 ( 1)
 962 A   0.94721 0.05279 0.00000 0.00000 ( 1)
 963 A   0.93616 0.06384 0.00000 0.00000 ( 1)
 964 Y   0.95250 0.04750 0.00000 0.00000 ( 1)
 965 T   0.95037 0.04963 0.00000 0.00000 ( 1)
 966 S   0.93813 0.06187 0.00000 0.00000 ( 1)
 967 S   0.95571 0.04429 0.00000 0.00000 ( 1)
 968 L   0.92851 0.07149 0.00000 0.00000 ( 1)
 969 L   0.95488 0.04512 0.00000 0.00000 ( 1)
 970 G   0.94188 0.05812 0.00000 0.00000 ( 1)
 971 S   0.95045 0.04955 0.00000 0.00000 ( 1)
 972 I   0.95551 0.04449 0.00000 0.00000 ( 1)
 973 A   0.94681 0.05319 0.00000 0.00000 ( 1)
 974 G   0.95713 0.04287 0.00000 0.00000 ( 1)
 975 V   0.41769 0.58231 0.00000 0.00000 ( 2)
 976 G   0.92638 0.07362 0.00000 0.00000 ( 1)
 977 W   0.95689 0.04311 0.00000 0.00000 ( 1)
 978 T   0.96326 0.03674 0.00000 0.00000 ( 1)
 979 A   0.96325 0.03675 0.00000 0.00000 ( 1)
 980 G   0.94188 0.05812 0.00000 0.00000 ( 1)
 981 L   0.92168 0.07832 0.00000 0.00000 ( 1)
 982 S   0.93034 0.06966 0.00000 0.00000 ( 1)
 983 S   0.93034 0.06966 0.00000 0.00000 ( 1)
 984 F   0.95904 0.04096 0.00000 0.00000 ( 1)
 985 A   0.96325 0.03675 0.00000 0.00000 ( 1)
 986 A   0.95079 0.04921 0.00000 0.00000 ( 1)
 987 I   0.96050 0.03950 0.00000 0.00000 ( 1)
 988 P   0.94121 0.05879 0.00000 0.00000 ( 1)
 989 F   0.95904 0.04096 0.00000 0.00000 ( 1)
 990 A   0.93785 0.06215 0.00000 0.00000 ( 1)
 991 Q   0.93191 0.06809 0.00000 0.00000 ( 1)
 992 S   0.97075 0.02925 0.00000 0.00000 ( 1)
 993 I   0.94379 0.05621 0.00000 0.00000 ( 1)
 994 F   0.95904 0.04096 0.00000 0.00000 ( 1)
 995 Y   0.95360 0.04640 0.00000 0.00000 ( 1)
 996 R   0.94704 0.05296 0.00000 0.00000 ( 1)
 997 L   0.92168 0.07832 0.00000 0.00000 ( 1)
 998 N   0.95718 0.04282 0.00000 0.00000 ( 1)
 999 G   0.95713 0.04287 0.00000 0.00000 ( 1)
1000 V   0.95038 0.04962 0.00000 0.00000 ( 1)
1001 G   0.94188 0.05812 0.00000 0.00000 ( 1)
1002 I   0.95299 0.04701 0.00000 0.00000 ( 1)
1003 T   0.94989 0.05011 0.00000 0.00000 ( 1)
1004 Q   0.93045 0.06954 0.00000 0.00000 ( 1)
1005 Q   0.93191 0.06809 0.00000 0.00000 ( 1)
1006 V   0.95038 0.04962 0.00000 0.00000 ( 1)
1007 L   0.92663 0.07337 0.00000 0.00000 ( 1)
1008 S   0.93763 0.06237 0.00000 0.00000 ( 1)
1009 E   0.94551 0.05449 0.00000 0.00000 ( 1)
1010 N   0.95718 0.04282 0.00000 0.00000 ( 1)
1011 Q   0.93045 0.06954 0.00000 0.00000 ( 1)
1012 K   0.94551 0.05449 0.00000 0.00000 ( 1)
1013 L   0.30502 0.69498 0.00000 0.00000 ( 2)
1014 I   0.96050 0.03950 0.00000 0.00000 ( 1)
1015 A   0.94721 0.05279 0.00000 0.00000 ( 1)
1016 N   0.96002 0.03998 0.00000 0.00000 ( 1)
1017 K   0.94551 0.05449 0.00000 0.00000 ( 1)
1018 F   0.95904 0.04096 0.00000 0.00000 ( 1)
1019 N   0.96002 0.03998 0.00000 0.00000 ( 1)
1020 Q   0.92592 0.07408 0.00000 0.00000 ( 1)
1021 A   0.96325 0.03675 0.00000 0.00000 ( 1)
1022 L   0.91707 0.08293 0.00000 0.00000 ( 1)
1023 G   0.93629 0.06371 0.00000 0.00000 ( 1)
1024 A   0.95079 0.04921 0.00000 0.00000 ( 1)
1025 M   0.97900 0.02100 0.00000 0.00000 ( 1)
1026 Q   0.93045 0.06954 0.00000 0.00000 ( 1)
1027 T   0.94681 0.05319 0.00000 0.00000 ( 1)
1028 G   0.94188 0.05812 0.00000 0.00000 ( 1)
1029 F   0.95128 0.04872 0.00000 0.00000 ( 1)
1030 T   0.94989 0.05011 0.00000 0.00000 ( 1)
1031 T   0.93785 0.06215 0.00000 0.00000 ( 1)
1032 T   0.96326 0.03674 0.00000 0.00000 ( 1)
1033 N   0.97040 0.02960 0.00000 0.00000 ( 1)
1034 E   0.94480 0.05520 0.00000 0.00000 ( 1)
1035 A   0.96325 0.03675 0.00000 0.00000 ( 1)
1036 F   0.95904 0.04096 0.00000 0.00000 ( 1)
1037 R   0.20346 0.79654 0.00000 0.00000 ( 2)
1038 K   0.94027 0.05973 0.00000 0.00000 ( 1)
1039 V   0.95035 0.04965 0.00000 0.00000 ( 1)
1040 Q   0.92592 0.07408 0.00000 0.00000 ( 1)
1041 D   0.97040 0.02960 0.00000 0.00000 ( 1)
1042 A   0.96325 0.03675 0.00000 0.00000 ( 1)
1043 V   0.93228 0.06772 0.00000 0.00000 ( 1)
1044 N   0.95027 0.04973 0.00000 0.00000 ( 1)
1045 N   0.25472 0.74528 0.00000 0.00000 ( 2)
1046 N   0.97040 0.02960 0.00000 0.00000 ( 1)
1047 A   0.93785 0.06215 0.00000 0.00000 ( 1)
1048 Q   0.93191 0.06809 0.00000 0.00000 ( 1)
1049 A   0.96325 0.03675 0.00000 0.00000 ( 1)
1050 L   0.88397 0.11603 0.00000 0.00000 ( 1)
1051 S   0.25292 0.74708 0.00000 0.00000 ( 2)
1052 K   0.94027 0.05973 0.00000 0.00000 ( 1)
1053 L   0.92300 0.07700 0.00000 0.00000 ( 1)
1054 A   0.96325 0.03675 0.00000 0.00000 ( 1)
1055 S   0.95767 0.04233 0.00000 0.00000 ( 1)
1056 E   0.94027 0.05973 0.00000 0.00000 ( 1)
1057 L   0.88432 0.11568 0.00000 0.00000 ( 1)
1058 S   0.94999 0.05001 0.00000 0.00000 ( 1)
1059 N   0.97040 0.02960 0.00000 0.00000 ( 1)
1060 T   0.96326 0.03674 0.00000 0.00000 ( 1)
1061 F   0.95904 0.04096 0.00000 0.00000 ( 1)
1062 G   0.95713 0.04287 0.00000 0.00000 ( 1)
1063 A   0.96325 0.03675 0.00000 0.00000 ( 1)
1064 I   0.96050 0.03950 0.00000 0.00000 ( 1)
1065 S   0.94550 0.05450 0.00000 0.00000 ( 1)
1066 A   0.24224 0.75776 0.00000 0.00000 ( 2)
1067 S   0.94999 0.05001 0.00000 0.00000 ( 1)
1068 I   0.96050 0.03950 0.00000 0.00000 ( 1)
1069 G   0.93625 0.06375 0.00000 0.00000 ( 1)
1070 D   0.95006 0.04994 0.00000 0.00000 ( 1)
1071 I   0.94542 0.05458 0.00000 0.00000 ( 1)
1072 I   0.95074 0.04926 0.00000 0.00000 ( 1)
1073 Q   0.25798 0.74201 0.00000 0.00000 ( 2)
1074 R   0.96155 0.03845 0.00000 0.00000 ( 1)
1075 L   0.95488 0.04512 0.00000 0.00000 ( 1)
1076 D   0.97035 0.02965 0.00000 0.00000 ( 1)
1077 V   0.31258 0.68742 0.00000 0.00000 ( 2)
1078 L   0.94376 0.05624 0.00000 0.00000 ( 1)
1079 E   0.94480 0.05520 0.00000 0.00000 ( 1)
1080 Q   0.93191 0.06809 0.00000 0.00000 ( 1)
1081 D   0.34193 0.65806 0.00000 0.00000 ( 2)
1082 A   0.27459 0.72541 0.00000 0.00000 ( 2)
1083 Q   0.93045 0.06954 0.00000 0.00000 ( 1)
1084 I   0.95551 0.04449 0.00000 0.00000 ( 1)
1085 D   0.95027 0.04973 0.00000 0.00000 ( 1)
1086 R   0.93330 0.06670 0.00000 0.00000 ( 1)
1087 L   0.95488 0.04512 0.00000 0.00000 ( 1)
1088 I   0.96050 0.03950 0.00000 0.00000 ( 1)
1089 N   0.97040 0.02960 0.00000 0.00000 ( 1)
1090 G   0.92638 0.07362 0.00000 0.00000 ( 1)
1091 R   0.96155 0.03845 0.00000 0.00000 ( 1)
1092 L   0.90811 0.09189 0.00000 0.00000 ( 1)
1093 T   0.94681 0.05319 0.00000 0.00000 ( 1)
1094 T   0.93785 0.06215 0.00000 0.00000 ( 1)
1095 L   0.90696 0.09304 0.00000 0.00000 ( 1)
1096 N   0.96002 0.03998 0.00000 0.00000 ( 1)
1097 A   0.95079 0.04921 0.00000 0.00000 ( 1)
1098 F   0.95881 0.04119 0.00000 0.00000 ( 1)
1099 V   0.95038 0.04962 0.00000 0.00000 ( 1)
1100 A   0.31665 0.68335 0.00000 0.00000 ( 2)
1101 Q   0.93191 0.06809 0.00000 0.00000 ( 1)
1102 Q   0.93191 0.06809 0.00000 0.00000 ( 1)
1103 L   0.95488 0.04512 0.00000 0.00000 ( 1)
1104 V   0.95038 0.04962 0.00000 0.00000 ( 1)
1105 R   0.96155 0.03845 0.00000 0.00000 ( 1)
1106 S   0.94560 0.05440 0.00000 0.00000 ( 1)
1107 E   0.94480 0.05520 0.00000 0.00000 ( 1)
1108 S   0.93763 0.06237 0.00000 0.00000 ( 1)
1109 A   0.96325 0.03675 0.00000 0.00000 ( 1)
1110 A   0.96325 0.03675 0.00000 0.00000 ( 1)
1111 L   0.30236 0.69764 0.00000 0.00000 ( 2)
1112 S   0.94378 0.05622 0.00000 0.00000 ( 1)
1113 A   0.94989 0.05011 0.00000 0.00000 ( 1)
1114 Q   0.93045 0.06954 0.00000 0.00000 ( 1)
1115 L   0.92851 0.07149 0.00000 0.00000 ( 1)
1116 A   0.96325 0.03675 0.00000 0.00000 ( 1)
1117 K   0.94027 0.05973 0.00000 0.00000 ( 1)
1118 D   0.97040 0.02960 0.00000 0.00000 ( 1)
1119 K   0.94480 0.05520 0.00000 0.00000 ( 1)
1120 V   0.93067 0.06933 0.00000 0.00000 ( 1)
1121 N   0.97040 0.02960 0.00000 0.00000 ( 1)
1122 E   0.94551 0.05449 0.00000 0.00000 ( 1)
1123 C   0.96349 0.03651 0.00000 0.00000 ( 1)
1124 V   0.94128 0.05872 0.00000 0.00000 ( 1)
1125 K   0.94027 0.05973 0.00000 0.00000 ( 1)
1126 A   0.19444 0.80556 0.00000 0.00000 ( 2)
1127 Q   0.93045 0.06954 0.00000 0.00000 ( 1)
1128 S   0.93737 0.06263 0.00000 0.00000 ( 1)
1129 K   0.11577 0.88422 0.00000 0.00000 ( 2)
1130 R   0.82251 0.17749 0.00000 0.00000 ( 1)
1131 S   0.95571 0.04429 0.00000 0.00000 ( 1)
1132 G   0.91164 0.08836 0.00000 0.00000 ( 1)
1133 F   0.95904 0.04096 0.00000 0.00000 ( 1)
1134 C   0.95440 0.04560 0.00000 0.00000 ( 1)
1135 G   0.95713 0.04287 0.00000 0.00000 ( 1)
1136 Q   0.93045 0.06954 0.00000 0.00000 ( 1)
1137 G   0.92638 0.07362 0.00000 0.00000 ( 1)
1138 T   0.94681 0.05319 0.00000 0.00000 ( 1)
1139 H   0.97268 0.02732 0.00000 0.00000 ( 1)
1140 I   0.95551 0.04449 0.00000 0.00000 ( 1)
1141 V   0.93228 0.06772 0.00000 0.00000 ( 1)
1142 S   0.93737 0.06263 0.00000 0.00000 ( 1)
1143 F   0.95904 0.04096 0.00000 0.00000 ( 1)
1144 V   0.95038 0.04962 0.00000 0.00000 ( 1)
1145 V   0.35265 0.64735 0.00000 0.00000 ( 2)
1146 N   0.96002 0.03998 0.00000 0.00000 ( 1)
1147 A   0.93291 0.06709 0.00000 0.00000 ( 1)
1148 P   0.96746 0.03254 0.00000 0.00000 ( 1)
1149 N   0.97040 0.02960 0.00000 0.00000 ( 1)
1150 G   0.92638 0.07362 0.00000 0.00000 ( 1)
1151 L   0.94839 0.05161 0.00000 0.00000 ( 1)
1152 Y   0.93770 0.06230 0.00000 0.00000 ( 1)
1153 F   0.95528 0.04472 0.00000 0.00000 ( 1)
1154 M   0.97900 0.02100 0.00000 0.00000 ( 1)
1155 H   0.97268 0.02732 0.00000 0.00000 ( 1)
1156 V   0.95038 0.04962 0.00000 0.00000 ( 1)
1157 G   0.95713 0.04287 0.00000 0.00000 ( 1)
1158 Y   0.95360 0.04640 0.00000 0.00000 ( 1)
1159 Y   0.32654 0.67346 0.00000 0.00000 ( 2)
1160 P   0.96746 0.03254 0.00000 0.00000 ( 1)
1161 S   0.95045 0.04955 0.00000 0.00000 ( 1)
1162 N   0.00942 0.99058 0.00000 0.00000 ( 2)
1163 H   0.95838 0.04162 0.00000 0.00000 ( 1)
1164 I   0.96050 0.03950 0.00000 0.00000 ( 1)
1165 E   0.94551 0.05449 0.00000 0.00000 ( 1)
1166 V   0.95038 0.04962 0.00000 0.00000 ( 1)
1167 V   0.95038 0.04962 0.00000 0.00000 ( 1)
1168 S   0.30880 0.69120 0.00000 0.00000 ( 2)
1169 A   0.95079 0.04921 0.00000 0.00000 ( 1)
1170 Y   0.96001 0.03999 0.00000 0.00000 ( 1)
1171 G   0.95713 0.04287 0.00000 0.00000 ( 1)
1172 L   0.95488 0.04512 0.00000 0.00000 ( 1)
1173 C   0.95465 0.04535 0.00000 0.00000 ( 1)
1174 D   0.96002 0.03998 0.00000 0.00000 ( 1)
1175 A   0.21470 0.78530 0.00000 0.00000 ( 2)
1176 A   0.95079 0.04921 0.00000 0.00000 ( 1)
1177 N   0.95006 0.04994 0.00000 0.00000 ( 1)
1178 P   0.95400 0.04600 0.00000 0.00000 ( 1)
1179 T   0.96326 0.03674 0.00000 0.00000 ( 1)
1180 N   0.97040 0.02960 0.00000 0.00000 ( 1)
1181 C   0.96349 0.03651 0.00000 0.00000 ( 1)
1182 I   0.95551 0.04449 0.00000 0.00000 ( 1)
1183 A   0.93291 0.06709 0.00000 0.00000 ( 1)
1184 P   0.95226 0.04774 0.00000 0.00000 ( 1)
1185 V   0.95038 0.04962 0.00000 0.00000 ( 1)
1186 N   0.97040 0.02960 0.00000 0.00000 ( 1)
1187 G   0.92638 0.07362 0.00000 0.00000 ( 1)
1188 Y   0.93770 0.06230 0.00000 0.00000 ( 1)
1189 F   0.95904 0.04096 0.00000 0.00000 ( 1)
1190 I   0.96050 0.03950 0.00000 0.00000 ( 1)
1191 K   0.94480 0.05520 0.00000 0.00000 ( 1)
1192 T   0.32574 0.67426 0.00000 0.00000 ( 2)
1193 N   0.01231 0.98769 0.00000 0.00000 ( 2)
1194 N   0.25532 0.74468 0.00000 0.00000 ( 2)
1195 T   0.96326 0.03674 0.00000 0.00000 ( 1)
1196 R   0.94704 0.05296 0.00000 0.00000 ( 1)
1197 I   0.01542 0.98458 0.00000 0.00000 ( 2)
1198 V   0.95038 0.04962 0.00000 0.00000 ( 1)
1199 D   0.97040 0.02960 0.00000 0.00000 ( 1)
1200 E   0.39168 0.60832 0.00000 0.00000 ( 2)
1201 W   0.95689 0.04311 0.00000 0.00000 ( 1)
1202 S   0.91534 0.08466 0.00000 0.00000 ( 1)
1203 Y   0.96001 0.03999 0.00000 0.00000 ( 1)
1204 T   0.94989 0.05011 0.00000 0.00000 ( 1)
1205 G   0.94188 0.05812 0.00000 0.00000 ( 1)
1206 S   0.94135 0.05865 0.00000 0.00000 ( 1)
1207 S   0.93737 0.06263 0.00000 0.00000 ( 1)
1208 F   0.95428 0.04572 0.00000 0.00000 ( 1)
1209 Y   0.96001 0.03999 0.00000 0.00000 ( 1)
1210 S   0.31607 0.68393 0.00000 0.00000 ( 2)
1211 P   0.95226 0.04774 0.00000 0.00000 ( 1)
1212 E   0.94027 0.05973 0.00000 0.00000 ( 1)
1213 P   0.93712 0.06288 0.00000 0.00000 ( 1)
1214 I   0.94542 0.05458 0.00000 0.00000 ( 1)
1215 T   0.93291 0.06709 0.00000 0.00000 ( 1)
1216 S   0.28618 0.71382 0.00000 0.00000 ( 2)
1217 L   0.95488 0.04512 0.00000 0.00000 ( 1)
1218 N   0.97040 0.02960 0.00000 0.00000 ( 1)
1219 T   0.96326 0.03674 0.00000 0.00000 ( 1)
1220 K   0.31679 0.68321 0.00000 0.00000 ( 2)
1221 Y   0.96001 0.03999 0.00000 0.00000 ( 1)
1222 V   0.94581 0.05419 0.00000 0.00000 ( 1)
1223 A   0.93785 0.06215 0.00000 0.00000 ( 1)
1224 P   0.94926 0.05074 0.00000 0.00000 ( 1)
1225 Q   0.92592 0.07408 0.00000 0.00000 ( 1)
1226 V   0.93228 0.06772 0.00000 0.00000 ( 1)
1227 T   0.93785 0.06215 0.00000 0.00000 ( 1)
1228 Y   0.27595 0.72405 0.00000 0.00000 ( 2)
1229 Q   0.93045 0.06954 0.00000 0.00000 ( 1)
1230 N   0.95006 0.04994 0.00000 0.00000 ( 1)
1231 I   0.96050 0.03950 0.00000 0.00000 ( 1)
1232 S   0.95553 0.04447 0.00000 0.00000 ( 1)
1233 T   0.96326 0.03674 0.00000 0.00000 ( 1)
1234 N   0.95006 0.04994 0.00000 0.00000 ( 1)
1235 L   0.94376 0.05624 0.00000 0.00000 ( 1)
1236 P   0.96746 0.03254 0.00000 0.00000 ( 1)
1237 P   0.96746 0.03254 0.00000 0.00000 ( 1)
1238 P   0.96746 0.03254 0.00000 0.00000 ( 1)
1239 L   0.92724 0.07276 0.00000 0.00000 ( 1)
1240 L   0.84047 0.15953 0.00000 0.00000 ( 1)
1241 G   0.24660 0.75340 0.00000 0.00000 ( 2)
1242 N   0.97040 0.02960 0.00000 0.00000 ( 1)
1243 S   0.93737 0.06263 0.00000 0.00000 ( 1)
1244 T   0.94721 0.05279 0.00000 0.00000 ( 1)
1245 G   0.92287 0.07713 0.00000 0.00000 ( 1)
1246 I   0.45052 0.54948 0.00000 0.00000 ( 2)
1247 D   0.95006 0.04994 0.00000 0.00000 ( 1)
1248 F   0.95128 0.04872 0.00000 0.00000 ( 1)
1249 Q   0.24288 0.75712 0.00000 0.00000 ( 2)
1250 D   0.97040 0.02960 0.00000 0.00000 ( 1)
1251 E   0.94551 0.05449 0.00000 0.00000 ( 1)
1252 L   0.92851 0.07149 0.00000 0.00000 ( 1)
1253 D   0.97040 0.02960 0.00000 0.00000 ( 1)
1254 E   0.94027 0.05973 0.00000 0.00000 ( 1)
1255 F   0.95904 0.04096 0.00000 0.00000 ( 1)
1256 F   0.95128 0.04872 0.00000 0.00000 ( 1)
1257 K   0.94027 0.05973 0.00000 0.00000 ( 1)
1258 N   0.97040 0.02960 0.00000 0.00000 ( 1)
1259 V   0.95038 0.04962 0.00000 0.00000 ( 1)
1260 S   0.95045 0.04955 0.00000 0.00000 ( 1)
1261 T   0.93291 0.06709 0.00000 0.00000 ( 1)
1262 S   0.97075 0.02925 0.00000 0.00000 ( 1)
1263 I   0.95551 0.04449 0.00000 0.00000 ( 1)
1264 P   0.95226 0.04774 0.00000 0.00000 ( 1)
1265 N   0.97040 0.02960 0.00000 0.00000 ( 1)
1266 F   0.95904 0.04096 0.00000 0.00000 ( 1)
1267 G   0.95713 0.04287 0.00000 0.00000 ( 1)
1268 S   0.01144 0.98856 0.00000 0.00000 ( 2)
1269 L   0.88397 0.11603 0.00000 0.00000 ( 1)
1270 T   0.93785 0.06215 0.00000 0.00000 ( 1)
1271 Q   0.92592 0.07408 0.00000 0.00000 ( 1)
1272 I   0.96050 0.03950 0.00000 0.00000 ( 1)
1273 N   0.97040 0.02960 0.00000 0.00000 ( 1)
1274 T   0.96326 0.03674 0.00000 0.00000 ( 1)
1275 T   0.94681 0.05319 0.00000 0.00000 ( 1)
1276 L   0.92168 0.07832 0.00000 0.00000 ( 1)
1277 L   0.84047 0.15953 0.00000 0.00000 ( 1)
1278 D   0.97040 0.02960 0.00000 0.00000 ( 1)
1279 L   0.95458 0.04542 0.00000 0.00000 ( 1)
1280 T   0.21034 0.78966 0.00000 0.00000 ( 2)
1281 Y   0.29849 0.70151 0.00000 0.00000 ( 2)
1282 E   0.94027 0.05973 0.00000 0.00000 ( 1)
1283 M   0.97900 0.02100 0.00000 0.00000 ( 1)
1284 L   0.90586 0.09414 0.00000 0.00000 ( 1)
1285 S   0.30880 0.69120 0.00000 0.00000 ( 2)
1286 L   0.85227 0.14773 0.00000 0.00000 ( 1)
1287 Q   0.92592 0.07408 0.00000 0.00000 ( 1)
1288 Q   0.93045 0.06954 0.00000 0.00000 ( 1)
1289 V   0.95038 0.04962 0.00000 0.00000 ( 1)
1290 V   0.94581 0.05419 0.00000 0.00000 ( 1)
1291 K   0.94480 0.05520 0.00000 0.00000 ( 1)
1292 A   0.93436 0.06564 0.00000 0.00000 ( 1)
1293 L   0.95488 0.04512 0.00000 0.00000 ( 1)
1294 N   0.97040 0.02960 0.00000 0.00000 ( 1)
1295 E   0.94551 0.05449 0.00000 0.00000 ( 1)
1296 S   0.94407 0.05593 0.00000 0.00000 ( 1)
1297 Y   0.94989 0.05011 0.00000 0.00000 ( 1)
1298 I   0.95074 0.04926 0.00000 0.00000 ( 1)
1299 D   0.95006 0.04994 0.00000 0.00000 ( 1)
1300 L   0.95488 0.04512 0.00000 0.00000 ( 1)
1301 K   0.94480 0.05520 0.00000 0.00000 ( 1)
1302 E   0.94551 0.05449 0.00000 0.00000 ( 1)
1303 L   0.94839 0.05161 0.00000 0.00000 ( 1)
1304 G   0.92638 0.07362 0.00000 0.00000 ( 1)
1305 N   0.96002 0.03998 0.00000 0.00000 ( 1)
1306 Y   0.96001 0.03999 0.00000 0.00000 ( 1)
1307 T   0.96326 0.03674 0.00000 0.00000 ( 1)
1308 Y   0.96001 0.03999 0.00000 0.00000 ( 1)
1309 Y   0.93770 0.06230 0.00000 0.00000 ( 1)
1310 N   0.95006 0.04994 0.00000 0.00000 ( 1)
1311 K   0.94480 0.05520 0.00000 0.00000 ( 1)
1312 W   0.95689 0.04311 0.00000 0.00000 ( 1)
1313 P   0.94965 0.05035 0.00000 0.00000 ( 1)
1314 W   0.95689 0.04311 0.00000 0.00000 ( 1)
1315 Y   0.93770 0.06230 0.00000 0.00000 ( 1)
1316 I   0.96050 0.03950 0.00000 0.00000 ( 1)
1317 W   0.95689 0.04311 0.00000 0.00000 ( 1)
1318 L   0.85604 0.14396 0.00000 0.00000 ( 1)
1319 G   0.95713 0.04287 0.00000 0.00000 ( 1)
1320 F   0.95128 0.04872 0.00000 0.00000 ( 1)
1321 I   0.96050 0.03950 0.00000 0.00000 ( 1)
1322 A   0.96325 0.03675 0.00000 0.00000 ( 1)
1323 G   0.92287 0.07713 0.00000 0.00000 ( 1)
1324 L   0.95488 0.04512 0.00000 0.00000 ( 1)
1325 V   0.21934 0.78066 0.00000 0.00000 ( 2)
1326 A   0.93291 0.06709 0.00000 0.00000 ( 1)
1327 L   0.90195 0.09805 0.00000 0.00000 ( 1)
1328 A   0.95079 0.04921 0.00000 0.00000 ( 1)
1329 L   0.91638 0.08362 0.00000 0.00000 ( 1)
1330 C   0.95440 0.04560 0.00000 0.00000 ( 1)
1331 V   0.29420 0.70580 0.00000 0.00000 ( 2)
1332 F   0.95128 0.04872 0.00000 0.00000 ( 1)
1333 F   0.95406 0.04594 0.00000 0.00000 ( 1)
1334 I   0.95074 0.04926 0.00000 0.00000 ( 1)
1335 L   0.91707 0.08293 0.00000 0.00000 ( 1)
1336 C   0.94722 0.05278 0.00000 0.00000 ( 1)
1337 C   0.94722 0.05278 0.00000 0.00000 ( 1)
1338 T   0.96326 0.03674 0.00000 0.00000 ( 1)
1339 G   0.95713 0.04287 0.00000 0.00000 ( 1)
1340 C   0.95796 0.04204 0.00000 0.00000 ( 1)
1341 G   0.92638 0.07362 0.00000 0.00000 ( 1)
1342 T   0.93785 0.06215 0.00000 0.00000 ( 1)
1343 N   0.38541 0.61458 0.00000 0.00000 ( 2)
1344 C   0.96349 0.03651 0.00000 0.00000 ( 1)
1345 M   0.24233 0.75767 0.00000 0.00000 ( 2)
1346 G   0.91164 0.08836 0.00000 0.00000 ( 1)
1347 K   0.94480 0.05520 0.00000 0.00000 ( 1)
1348 L   0.95488 0.04512 0.00000 0.00000 ( 1)
1349 K   0.94027 0.05973 0.00000 0.00000 ( 1)
1350 C   0.96349 0.03651 0.00000 0.00000 ( 1)
1351 N   0.97040 0.02960 0.00000 0.00000 ( 1)
1352 R   0.96155 0.03845 0.00000 0.00000 ( 1)
1353 C   0.96349 0.03651 0.00000 0.00000 ( 1)
1354 C   0.96349 0.03651 0.00000 0.00000 ( 1)
1355 D   0.96002 0.03998 0.00000 0.00000 ( 1)
1356 R   0.28812 0.71188 0.00000 0.00000 ( 2)
1357 Y   0.94999 0.05001 0.00000 0.00000 ( 1)
1358 E   0.94027 0.05973 0.00000 0.00000 ( 1)
1359 E   0.94480 0.05520 0.00000 0.00000 ( 1)
1360 Y   0.93770 0.06230 0.00000 0.00000 ( 1)
1361 D   0.95006 0.04994 0.00000 0.00000 ( 1)
1362 L   0.94376 0.05624 0.00000 0.00000 ( 1)
1363 E   0.94551 0.05449 0.00000 0.00000 ( 1)
1364 P   0.94226 0.05774 0.00000 0.00000 ( 1)
1365 H   0.97268 0.02732 0.00000 0.00000 ( 1)
1366 K   0.94027 0.05973 0.00000 0.00000 ( 1)
1367 V   0.43712 0.56288 0.00000 0.00000 ( 2)
1368 H   0.97268 0.02732 0.00000 0.00000 ( 1)
1369 V   0.43712 0.56288 0.00000 0.00000 ( 2)
1370 H   0.95190 0.04810 0.00000 0.00000 ( 1)


lnL = -10235.008384

