

TREE # 1

  0  0.0000  10491.172506  x:  0.73234   0.00104   0.01063   0.01706   0.00878   0.00196   0.00196   0.00321   0.00119   0.00069   0.00465   0.00272   0.00323   0.00398   0.00462   0.00115   0.00308   0.00134   0.00523   0.00773   0.00567   0.00332   0.00224   0.00394   0.00067   0.00579   0.00200   0.00143   0.00060   0.00234   0.00148   0.00181   0.00173   0.00462   0.00000   0.00383   0.00505   0.00279   0.00290   0.00716   0.00697   0.00615   0.00768   0.00360   0.00206   0.00302   0.00430   0.74048   1.06953   1.63777   1.01928   0.95238   1.03484   0.07824   0.22552  
  1 99.0000  10491.155005  x:  0.73234   0.00104   0.01063   0.01706   0.00878   0.00197   0.00196   0.00321   0.00119   0.00069   0.00465   0.00272   0.00322   0.00398   0.00462   0.00115   0.00308   0.00133   0.00523   0.00773   0.00567   0.00332   0.00224   0.00394   0.00067   0.00579   0.00200   0.00143   0.00060   0.00233   0.00148   0.00181   0.00173   0.00462   0.00000   0.00383   0.00505   0.00279   0.00290   0.00716   0.00697   0.00615   0.00768   0.00360   0.00206   0.00302   0.00430   0.74048   1.06953   1.63777   1.01928   0.95238   1.03484   0.07824   0.22552  
  2 5228.9801  10481.414367  x:  0.73237   0.00108   0.01060   0.01709   0.00866   0.00167   0.00158   0.00301   0.00060   0.00010   0.00452   0.00240   0.00302   0.00401   0.00448   0.00059   0.00268   0.00132   0.00506   0.00764   0.00555   0.00294   0.00218   0.00405   0.00031   0.00550   0.00180   0.00083   0.00000   0.00174   0.00089   0.00165   0.00118   0.00464   0.00000   0.00342   0.00497   0.00232   0.00286   0.00714   0.00694   0.00602   0.00748   0.00320   0.00184   0.00284   0.00420   0.74051   1.06958   1.63769   1.01926   0.95261   1.03486   0.07823   0.22519  
  3 27681.2792  10480.029801  x:  0.73238   0.00108   0.01060   0.01709   0.00864   0.00160   0.00153   0.00299   0.00050   0.00000   0.00451   0.00236   0.00300   0.00401   0.00447   0.00050   0.00261   0.00134   0.00504   0.00762   0.00554   0.00288   0.00219   0.00405   0.00034   0.00545   0.00178   0.00074   0.00000   0.00165   0.00079   0.00164   0.00109   0.00465   0.00000   0.00335   0.00496   0.00224   0.00286   0.00714   0.00694   0.00600   0.00745   0.00314   0.00182   0.00282   0.00419   0.74051   1.06959   1.63768   1.01926   0.95265   1.03486   0.07822   0.22513  
  4 47817.7297  10474.685192  x:  0.73240   0.00107   0.01058   0.01710   0.00854   0.00166   0.00136   0.00297   0.00000   0.00000   0.00449   0.00226   0.00298   0.00401   0.00452   0.00003   0.00233   0.00150   0.00500   0.00758   0.00550   0.00270   0.00226   0.00396   0.00034   0.00528   0.00183   0.00024   0.00000   0.00115   0.00030   0.00173   0.00063   0.00471   0.00000   0.00307   0.00501   0.00188   0.00289   0.00715   0.00690   0.00599   0.00732   0.00292   0.00186   0.00283   0.00419   0.74054   1.06963   1.63761   1.01924   0.95284   1.03488   0.07821   0.22485  
  5 23531.1749  10474.415990  x:  0.73240   0.00107   0.01058   0.01710   0.00854   0.00166   0.00136   0.00298   0.00000   0.00000   0.00449   0.00226   0.00298   0.00401   0.00453   0.00000   0.00232   0.00149   0.00500   0.00758   0.00550   0.00269   0.00226   0.00397   0.00034   0.00527   0.00183   0.00021   0.00000   0.00112   0.00027   0.00174   0.00060   0.00471   0.00000   0.00306   0.00502   0.00186   0.00289   0.00715   0.00690   0.00599   0.00731   0.00292   0.00186   0.00283   0.00419   0.74054   1.06963   1.63761   1.01924   0.95285   1.03488   0.07821   0.22484  
  6 31858.9453  10472.981384  x:  0.73240   0.00109   0.01058   0.01710   0.00853   0.00166   0.00136   0.00298   0.00000   0.00000   0.00449   0.00227   0.00299   0.00401   0.00458   0.00000   0.00223   0.00150   0.00501   0.00758   0.00551   0.00269   0.00226   0.00399   0.00034   0.00524   0.00182   0.00000   0.00000   0.00091   0.00006   0.00172   0.00040   0.00473   0.00000   0.00298   0.00505   0.00174   0.00288   0.00717   0.00689   0.00601   0.00728   0.00290   0.00185   0.00283   0.00419   0.74054   1.06965   1.63758   1.01923   0.95293   1.03489   0.07820   0.22472  
  7 81519.3654  10472.665866  x:  0.73241   0.00109   0.01058   0.01710   0.00852   0.00165   0.00136   0.00298   0.00000   0.00000   0.00449   0.00227   0.00298   0.00401   0.00459   0.00000   0.00221   0.00150   0.00501   0.00758   0.00551   0.00269   0.00226   0.00399   0.00034   0.00523   0.00182   0.00000   0.00000   0.00086   0.00000   0.00172   0.00034   0.00473   0.00000   0.00296   0.00505   0.00171   0.00288   0.00717   0.00688   0.00602   0.00727   0.00290   0.00185   0.00283   0.00419   0.74054   1.06965   1.63757   1.01923   0.95296   1.03489   0.07820   0.22469  
  8 229146.4525  10471.205835  x:  0.73242   0.00111   0.01057   0.01709   0.00851   0.00165   0.00139   0.00297   0.00000   0.00000   0.00448   0.00226   0.00298   0.00400   0.00464   0.00000   0.00205   0.00151   0.00500   0.00758   0.00550   0.00268   0.00225   0.00404   0.00034   0.00520   0.00182   0.00000   0.00000   0.00052   0.00000   0.00172   0.00000   0.00476   0.00000   0.00287   0.00508   0.00155   0.00288   0.00719   0.00686   0.00604   0.00719   0.00289   0.00186   0.00283   0.00418   0.74055   1.06968   1.63752   1.01922   0.95309   1.03490   0.07819   0.22451  
  9 375573.7305  10469.625048  x:  0.73243   0.00112   0.01057   0.01709   0.00849   0.00164   0.00143   0.00298   0.00000   0.00000   0.00449   0.00226   0.00299   0.00399   0.00475   0.00000   0.00180   0.00149   0.00499   0.00758   0.00549   0.00265   0.00226   0.00406   0.00034   0.00515   0.00180   0.00000   0.00000   0.00000   0.00000   0.00169   0.00000   0.00479   0.00000   0.00272   0.00514   0.00138   0.00287   0.00721   0.00684   0.00606   0.00706   0.00285   0.00184   0.00283   0.00419   0.74057   1.06972   1.63744   1.01921   0.95328   1.03493   0.07817   0.22423  
 10 86989.7816  10464.017709  x:  0.73253   0.00109   0.01052   0.01712   0.00820   0.00162   0.00157   0.00298   0.00000   0.00000   0.00455   0.00245   0.00300   0.00389   0.00584   0.00000   0.00000   0.00159   0.00510   0.00754   0.00553   0.00244   0.00240   0.00469   0.00035   0.00474   0.00165   0.00000   0.00000   0.00000   0.00000   0.00182   0.00000   0.00455   0.00000   0.00246   0.00518   0.00042   0.00295   0.00728   0.00674   0.00620   0.00622   0.00240   0.00164   0.00272   0.00418   0.74067   1.06997   1.63697   1.01908   0.95455   1.03506   0.07805   0.22238  
 11 11603.0158  10462.327535  x:  0.73259   0.00127   0.01051   0.01714   0.00810   0.00160   0.00146   0.00290   0.00000   0.00000   0.00451   0.00242   0.00292   0.00394   0.00644   0.00000   0.00000   0.00147   0.00512   0.00752   0.00553   0.00242   0.00229   0.00463   0.00036   0.00459   0.00171   0.00000   0.00000   0.00000   0.00000   0.00176   0.00000   0.00459   0.00000   0.00264   0.00507   0.00000   0.00289   0.00736   0.00665   0.00629   0.00581   0.00228   0.00171   0.00268   0.00414   0.74073   1.07009   1.63676   1.01900   0.95516   1.03513   0.07799   0.22143  
 12 4588.5649  10456.449417  x:  0.73298   0.00076   0.01045   0.01721   0.00709   0.00159   0.00000   0.00292   0.00000   0.00000   0.00435   0.00201   0.00292   0.00433   0.00723   0.00000   0.00000   0.00159   0.00499   0.00744   0.00543   0.00263   0.00219   0.00488   0.00036   0.00439   0.00161   0.00000   0.00000   0.00000   0.00000   0.00148   0.00000   0.00515   0.00000   0.00287   0.00507   0.00000   0.00291   0.00797   0.00597   0.00704   0.00618   0.00262   0.00169   0.00297   0.00417   0.74112   1.07075   1.63573   1.01860   0.95824   1.03546   0.07770   0.21636  
 13 2049.9900  10409.499192  x:  0.73861   0.00558   0.01035   0.01764   0.00320   0.00124   0.00000   0.00221   0.00000   0.00000   0.00384   0.00138   0.00228   0.01046   0.01081   0.00000   0.00000   0.00000   0.00585   0.00589   0.00640   0.00450   0.00243   0.00357   0.00039   0.00399   0.00131   0.00000   0.00000   0.00000   0.00000   0.00480   0.00000   0.00276   0.00000   0.00091   0.00582   0.00000   0.00259   0.01023   0.00574   0.01087   0.01620   0.00517   0.00026   0.00109   0.00365   0.74674   1.07965   1.62221   1.01328   0.99948   1.03982   0.07391   0.14684  
 14 7184.4811  10408.626179  x:  0.73868   0.00560   0.01035   0.01765   0.00315   0.00124   0.00000   0.00216   0.00000   0.00000   0.00383   0.00139   0.00224   0.01053   0.01086   0.00000   0.00000   0.00001   0.00587   0.00587   0.00642   0.00453   0.00245   0.00358   0.00039   0.00399   0.00132   0.00000   0.00000   0.00000   0.00000   0.00482   0.00000   0.00277   0.00000   0.00085   0.00584   0.00000   0.00256   0.01023   0.00578   0.01089   0.01629   0.00520   0.00029   0.00102   0.00363   0.74681   1.07977   1.62204   1.01321   1.00000   1.03987   0.07387   0.14595  
 15 35545.2724  10407.055387  x:  0.73888   0.00562   0.01035   0.01764   0.00311   0.00123   0.00000   0.00206   0.00000   0.00000   0.00381   0.00147   0.00213   0.01053   0.01091   0.00000   0.00000   0.00000   0.00592   0.00585   0.00646   0.00459   0.00253   0.00360   0.00039   0.00400   0.00125   0.00000   0.00000   0.00000   0.00000   0.00480   0.00000   0.00287   0.00000   0.00087   0.00583   0.00000   0.00255   0.01016   0.00590   0.01086   0.01647   0.00521   0.00039   0.00110   0.00355   0.74701   1.08005   1.62163   1.01304   1.00000   1.04001   0.07375   0.14374  
 16 20197.5530  10396.025830  x:  0.74063   0.00579   0.01038   0.01760   0.00280   0.00117   0.00000   0.00120   0.00000   0.00000   0.00367   0.00211   0.00124   0.01051   0.01130   0.00000   0.00000   0.00002   0.00632   0.00573   0.00680   0.00519   0.00308   0.00382   0.00039   0.00408   0.00145   0.00000   0.00000   0.00000   0.00000   0.00480   0.00000   0.00407   0.00000   0.00107   0.00578   0.00000   0.00236   0.00946   0.00709   0.01049   0.01773   0.00536   0.00003   0.00198   0.00291   0.74876   1.08257   1.61798   1.01158   1.00000   1.04120   0.07273   0.12395  
 17 120627.9856  10362.194104  x:  0.74703   0.00389   0.01043   0.01723   0.00266   0.00101   0.00000   0.00278   0.00000   0.00000   0.00319   0.00088   0.00235   0.00804   0.01150   0.00000   0.00000   0.00001   0.00685   0.00618   0.00717   0.00732   0.00329   0.00339   0.00041   0.00403   0.00308   0.00000   0.00000   0.00000   0.00000   0.00223   0.00000   0.00443   0.00000   0.00305   0.00551   0.00000   0.00269   0.00651   0.00884   0.00807   0.01977   0.00548   0.00005   0.00027   0.00236   0.75515   1.09132   1.60552   1.00651   1.00000   1.04523   0.06930   0.05536  
 18 24817.4432  10358.407262  x:  0.74816   0.00339   0.01043   0.01717   0.00278   0.00099   0.00000   0.00269   0.00000   0.00000   0.00295   0.00031   0.00225   0.00785   0.01161   0.00000   0.00000   0.00001   0.00681   0.00615   0.00714   0.00787   0.00322   0.00315   0.00042   0.00401   0.00323   0.00000   0.00000   0.00000   0.00000   0.00177   0.00000   0.00331   0.00000   0.00274   0.00525   0.00000   0.00260   0.00622   0.00878   0.00763   0.01970   0.00558   0.00007   0.00116   0.00236   0.75628   1.09278   1.60350   1.00565   1.00000   1.04587   0.06876   0.04414  
 19 21677.1671  10355.646010  x:  0.74920   0.00301   0.01032   0.01710   0.00301   0.00097   0.00000   0.00221   0.00000   0.00000   0.00275   0.00197   0.00196   0.00744   0.01088   0.00000   0.00000   0.00002   0.00607   0.00607   0.00650   0.00786   0.00261   0.00273   0.00042   0.00362   0.00334   0.00000   0.00000   0.00000   0.00000   0.00180   0.00000   0.00259   0.00000   0.00239   0.00457   0.00000   0.00271   0.00672   0.00748   0.00745   0.01925   0.00544   0.00007   0.00138   0.00303   0.75732   1.09403   1.60181   1.00488   1.00000   1.04636   0.06836   0.03529  
 20 6914.2633  10351.020274  x:  0.75053   0.00445   0.00993   0.01683   0.00449   0.00097   0.00000   0.00134   0.00000   0.00000   0.00433   0.00135   0.00194   0.00600   0.01013   0.00000   0.00000   0.00002   0.00576   0.00584   0.00571   0.00711   0.00242   0.00287   0.00040   0.00254   0.00155   0.00000   0.00000   0.00000   0.00000   0.00366   0.00000   0.00379   0.00000   0.00206   0.00419   0.00000   0.00306   0.00795   0.00488   0.00782   0.01908   0.00399   0.00006   0.00116   0.00399   0.75865   1.09533   1.60019   1.00397   1.00000   1.04666   0.06816   0.02903  
 21 1833.5721  10347.569479  x:  0.75175   0.00609   0.00946   0.01650   0.00304   0.00097   0.00000   0.00295   0.00000   0.00000   0.00315   0.00140   0.00100   0.00527   0.00879   0.00000   0.00000   0.00002   0.00523   0.00567   0.00495   0.00504   0.00163   0.00257   0.00038   0.00252   0.00065   0.00000   0.00000   0.00000   0.00000   0.00500   0.00000   0.00423   0.00000   0.00248   0.00425   0.00000   0.00254   0.00888   0.00457   0.00896   0.01930   0.00182   0.00006   0.00121   0.00265   0.75987   1.09647   1.59874   1.00315   1.00000   1.04668   0.06821   0.02767  
 22 930.0965  10345.010470  x:  0.75270   0.00758   0.00918   0.01631   0.00140   0.00097   0.00000   0.00225   0.00000   0.00000   0.00244   0.00141   0.00186   0.00492   0.00771   0.00000   0.00000   0.00002   0.00481   0.00557   0.00451   0.00312   0.00173   0.00249   0.00037   0.00244   0.00085   0.00000   0.00000   0.00000   0.00000   0.00499   0.00000   0.00427   0.00000   0.00291   0.00405   0.00000   0.00234   0.00943   0.00475   0.00984   0.01970   0.00047   0.00007   0.00123   0.00219   0.76081   1.09738   1.59758   1.00249   1.00000   1.04667   0.06829   0.02733  
 23 1961.1519  10343.067650  x:  0.75344   0.00872   0.00897   0.01623   0.00000   0.00098   0.00000   0.00216   0.00000   0.00000   0.00244   0.00137   0.00177   0.00473   0.00717   0.00000   0.00000   0.00002   0.00458   0.00547   0.00434   0.00106   0.00187   0.00253   0.00036   0.00209   0.00095   0.00000   0.00000   0.00000   0.00000   0.00488   0.00000   0.00425   0.00000   0.00319   0.00398   0.00000   0.00243   0.00955   0.00502   0.01021   0.01970   0.00082   0.00008   0.00121   0.00245   0.76156   1.09810   1.59665   1.00197   1.00000   1.04666   0.06835   0.02710  
 24 2366.8866  10343.067650  x:  0.75344   0.00872   0.00897   0.01623   0.00000   0.00098   0.00000   0.00216   0.00000   0.00000   0.00244   0.00137   0.00177   0.00473   0.00717   0.00000   0.00000   0.00002   0.00458   0.00547   0.00434   0.00106   0.00187   0.00253   0.00036   0.00209   0.00095   0.00000   0.00000   0.00000   0.00000   0.00488   0.00000   0.00425   0.00000   0.00319   0.00398   0.00000   0.00243   0.00955   0.00502   0.01021   0.01970   0.00082   0.00008   0.00121   0.00245   0.76156   1.09810   1.59665   1.00197   1.00000   1.04666   0.06835   0.02710  
 25 705.1839  10338.998193  x:  0.75345   0.00871   0.00897   0.01623   0.00002   0.00110   0.00000   0.00214   0.00000   0.00000   0.00245   0.00134   0.00176   0.00473   0.00713   0.00000   0.00002   0.00140   0.00456   0.00547   0.00434   0.00104   0.00185   0.00262   0.00042   0.00209   0.00093   0.00000   0.00000   0.00000   0.00000   0.00483   0.00000   0.00425   0.00000   0.00314   0.00397   0.00000   0.00243   0.00953   0.00503   0.01018   0.01965   0.00081   0.00062   0.00123   0.00246   0.76156   1.09810   1.59664   1.00196   1.00000   1.04666   0.06836   0.02712  
 26 32156.4933  10328.100357  x:  0.75362   0.00826   0.00904   0.01630   0.00053   0.00463   0.00000   0.00138   0.00000   0.00000   0.00283   0.00027   0.00138   0.00457   0.00587   0.00000   0.00039   0.00106   0.00398   0.00545   0.00417   0.00037   0.00139   0.00556   0.00205   0.00216   0.00040   0.00000   0.00000   0.00000   0.00000   0.00288   0.00000   0.00428   0.00000   0.00143   0.00379   0.00000   0.00218   0.00880   0.00535   0.00891   0.01784   0.00052   0.00132   0.00166   0.00289   0.76174   1.09822   1.59652   1.00186   1.00000   1.04661   0.06842   0.02777  
 27 4075.2325  10323.644893  x:  0.75376   0.00788   0.00909   0.01636   0.00082   0.00559   0.00000   0.00113   0.00000   0.00000   0.00299   0.00147   0.00130   0.00447   0.00494   0.00000   0.00011   0.00104   0.00357   0.00547   0.00403   0.00104   0.00127   0.00673   0.00205   0.00219   0.00098   0.00000   0.00000   0.00000   0.00000   0.00141   0.00000   0.00430   0.00000   0.00032   0.00369   0.00000   0.00210   0.00827   0.00554   0.00794   0.01641   0.00075   0.00132   0.00171   0.00307   0.76188   1.09831   1.59642   1.00178   1.00000   1.04657   0.06847   0.02828  
 28 5186.6148  10322.520299  x:  0.75379   0.00778   0.00910   0.01637   0.00087   0.00564   0.00000   0.00115   0.00000   0.00000   0.00300   0.00149   0.00131   0.00446   0.00476   0.00000   0.00000   0.00106   0.00350   0.00548   0.00400   0.00105   0.00128   0.00687   0.00194   0.00219   0.00098   0.00000   0.00000   0.00000   0.00000   0.00113   0.00000   0.00430   0.00000   0.00043   0.00368   0.00000   0.00209   0.00816   0.00557   0.00773   0.01608   0.00076   0.00128   0.00169   0.00309   0.76191   1.09833   1.59639   1.00176   1.00000   1.04656   0.06848   0.02840  
 29 4269.1411  10319.853351  x:  0.75393   0.00739   0.00914   0.01642   0.00105   0.00550   0.00000   0.00131   0.00000   0.00000   0.00301   0.00123   0.00139   0.00441   0.00412   0.00000   0.00000   0.00116   0.00326   0.00552   0.00391   0.00089   0.00138   0.00722   0.00131   0.00218   0.00083   0.00000   0.00000   0.00000   0.00000   0.00031   0.00000   0.00431   0.00000   0.00014   0.00364   0.00000   0.00211   0.00774   0.00568   0.00690   0.01469   0.00073   0.00103   0.00158   0.00310   0.76205   1.09843   1.59629   1.00168   1.00000   1.04652   0.06853   0.02886  
 30 9383.2954  10316.034026  x:  0.75424   0.00654   0.00922   0.01652   0.00147   0.00541   0.00000   0.00130   0.00000   0.00000   0.00303   0.00105   0.00142   0.00431   0.00294   0.00000   0.00000   0.00126   0.00286   0.00558   0.00374   0.00082   0.00140   0.00809   0.00033   0.00217   0.00079   0.00000   0.00000   0.00000   0.00000   0.00092   0.00000   0.00432   0.00000   0.00005   0.00357   0.00000   0.00212   0.00687   0.00588   0.00516   0.01157   0.00069   0.00079   0.00147   0.00313   0.76236   1.09863   1.59606   1.00149   1.00000   1.04644   0.06863   0.02988  
 31 5350.1755  10311.882611  x:  0.75479   0.00514   0.00931   0.01667   0.00206   0.00413   0.00000   0.00116   0.00000   0.00000   0.00285   0.00100   0.00135   0.00429   0.00256   0.00000   0.00000   0.00122   0.00288   0.00566   0.00369   0.00079   0.00135   0.00855   0.00146   0.00214   0.00076   0.00000   0.00000   0.00000   0.00000   0.00110   0.00000   0.00432   0.00000   0.00002   0.00361   0.00000   0.00220   0.00585   0.00597   0.00290   0.00623   0.00046   0.00092   0.00144   0.00293   0.76291   1.09900   1.59566   1.00116   1.00000   1.04631   0.06880   0.03148  
 32 4683.5429  10310.122080  x:  0.75509   0.00450   0.00933   0.01673   0.00239   0.00387   0.00000   0.00086   0.00000   0.00000   0.00276   0.00105   0.00117   0.00434   0.00326   0.00000   0.00000   0.00108   0.00317   0.00567   0.00378   0.00069   0.00115   0.00887   0.00116   0.00214   0.00068   0.00000   0.00000   0.00000   0.00000   0.00101   0.00000   0.00431   0.00000   0.00005   0.00368   0.00000   0.00224   0.00562   0.00592   0.00255   0.00359   0.00057   0.00130   0.00163   0.00283   0.76320   1.09920   1.59543   1.00098   1.00000   1.04624   0.06888   0.03223  
 33 4323.4241  10309.640275  x:  0.75525   0.00424   0.00935   0.01676   0.00262   0.00391   0.00000   0.00129   0.00000   0.00000   0.00281   0.00095   0.00129   0.00435   0.00341   0.00000   0.00000   0.00110   0.00317   0.00569   0.00377   0.00083   0.00128   0.00899   0.00120   0.00215   0.00082   0.00000   0.00000   0.00000   0.00000   0.00105   0.00000   0.00432   0.00000   0.00005   0.00368   0.00000   0.00221   0.00564   0.00590   0.00293   0.00273   0.00065   0.00126   0.00164   0.00286   0.76337   1.09931   1.59530   1.00088   1.00000   1.04621   0.06893   0.03262  
 34 1487.2936  10309.364785  x:  0.75551   0.00390   0.00936   0.01680   0.00295   0.00381   0.00000   0.00106   0.00000   0.00000   0.00286   0.00100   0.00137   0.00436   0.00340   0.00000   0.00000   0.00118   0.00307   0.00574   0.00372   0.00082   0.00136   0.00899   0.00123   0.00216   0.00077   0.00000   0.00000   0.00000   0.00000   0.00106   0.00000   0.00432   0.00000   0.00005   0.00368   0.00000   0.00218   0.00572   0.00589   0.00330   0.00251   0.00041   0.00104   0.00154   0.00291   0.76362   1.09949   1.59510   1.00072   1.00000   1.04616   0.06899   0.03316  
 35 660.3119  10309.105102  x:  0.75584   0.00347   0.00937   0.01684   0.00335   0.00367   0.00016   0.00086   0.00000   0.00000   0.00290   0.00101   0.00138   0.00438   0.00338   0.00000   0.00000   0.00124   0.00298   0.00579   0.00367   0.00074   0.00137   0.00896   0.00130   0.00217   0.00069   0.00000   0.00000   0.00000   0.00000   0.00107   0.00000   0.00432   0.00000   0.00005   0.00367   0.00000   0.00216   0.00582   0.00587   0.00355   0.00244   0.00067   0.00087   0.00146   0.00295   0.76395   1.09971   1.59485   1.00052   1.00000   1.04610   0.06907   0.03384  
 36 1702.6860  10307.959673  x:  0.75757   0.00143   0.00944   0.01706   0.00532   0.00298   0.00028   0.00120   0.00000   0.00000   0.00292   0.00114   0.00098   0.00430   0.00352   0.00000   0.00000   0.00114   0.00288   0.00600   0.00357   0.00058   0.00093   0.00874   0.00126   0.00217   0.00070   0.00000   0.00000   0.00000   0.00000   0.00108   0.00000   0.00435   0.00000   0.00005   0.00370   0.00000   0.00218   0.00629   0.00575   0.00380   0.00292   0.00057   0.00114   0.00154   0.00297   0.76569   1.10089   1.59349   0.99947   1.00000   1.04579   0.06951   0.03730  
 37 1654.6973  10307.339115  x:  0.75830   0.00074   0.00946   0.01714   0.00609   0.00281   0.00000   0.00113   0.00000   0.00000   0.00290   0.00106   0.00113   0.00428   0.00365   0.00000   0.00000   0.00111   0.00295   0.00605   0.00359   0.00073   0.00112   0.00859   0.00124   0.00217   0.00071   0.00000   0.00000   0.00000   0.00000   0.00108   0.00000   0.00435   0.00000   0.00005   0.00372   0.00000   0.00220   0.00646   0.00571   0.00378   0.00310   0.00060   0.00124   0.00159   0.00295   0.76641   1.10138   1.59292   0.99903   1.00000   1.04566   0.06968   0.03867  
 38 3679.0480  10306.976908  x:  0.75921   0.00045   0.00946   0.01718   0.00674   0.00304   0.00000   0.00118   0.00000   0.00000   0.00283   0.00114   0.00130   0.00450   0.00394   0.00000   0.00000   0.00123   0.00320   0.00598   0.00376   0.00047   0.00116   0.00810   0.00125   0.00218   0.00095   0.00000   0.00000   0.00000   0.00000   0.00110   0.00000   0.00437   0.00000   0.00005   0.00375   0.00000   0.00224   0.00648   0.00572   0.00357   0.00322   0.00061   0.00090   0.00148   0.00287   0.76732   1.10199   1.59220   0.99848   1.00000   1.04552   0.06988   0.03999  
 39 1280.2558  10306.728331  x:  0.75990   0.00049   0.00946   0.01719   0.00702   0.00326   0.00000   0.00123   0.00000   0.00000   0.00280   0.00110   0.00120   0.00473   0.00408   0.00000   0.00000   0.00132   0.00334   0.00587   0.00389   0.00072   0.00104   0.00761   0.00125   0.00219   0.00082   0.00000   0.00000   0.00000   0.00000   0.00110   0.00000   0.00437   0.00000   0.00005   0.00376   0.00000   0.00225   0.00641   0.00577   0.00344   0.00325   0.00060   0.00064   0.00137   0.00283   0.76801   1.10246   1.59166   0.99807   1.00000   1.04543   0.07002   0.04077  
 40 1693.8748  10306.275841  x:  0.76131   0.00106   0.00942   0.01714   0.00698   0.00359   0.00000   0.00127   0.00000   0.00000   0.00285   0.00128   0.00108   0.00516   0.00386   0.00000   0.00000   0.00119   0.00331   0.00562   0.00403   0.00066   0.00127   0.00647   0.00121   0.00219   0.00063   0.00000   0.00000   0.00000   0.00000   0.00110   0.00000   0.00439   0.00000   0.00005   0.00372   0.00000   0.00223   0.00608   0.00595   0.00349   0.00317   0.00059   0.00100   0.00129   0.00288   0.76943   1.10343   1.59052   0.99724   1.00000   1.04527   0.07028   0.04183  
 41 1203.7541  10305.902551  x:  0.76269   0.00147   0.00938   0.01707   0.00647   0.00360   0.00000   0.00112   0.00000   0.00000   0.00290   0.00107   0.00124   0.00529   0.00366   0.00000   0.00000   0.00115   0.00322   0.00547   0.00404   0.00073   0.00098   0.00576   0.00117   0.00219   0.00096   0.00000   0.00000   0.00000   0.00000   0.00105   0.00000   0.00440   0.00000   0.00004   0.00371   0.00000   0.00224   0.00587   0.00606   0.00360   0.00312   0.00057   0.00111   0.00161   0.00293   0.77081   1.10437   1.58941   0.99642   1.00000   1.04514   0.07051   0.04256  
 42 1462.4809  10304.291700  x:  0.76901   0.00264   0.00926   0.01676   0.00312   0.00310   0.00000   0.00127   0.00000   0.00000   0.00289   0.00134   0.00101   0.00492   0.00377   0.00000   0.00000   0.00132   0.00319   0.00531   0.00383   0.00063   0.00136   0.00502   0.00120   0.00217   0.00082   0.00000   0.00000   0.00000   0.00000   0.00109   0.00000   0.00440   0.00000   0.00005   0.00378   0.00000   0.00234   0.00564   0.00616   0.00369   0.00322   0.00057   0.00062   0.00222   0.00292   0.77713   1.10871   1.58430   0.99271   1.00000   1.04455   0.07154   0.04514  
 43 1825.7273  10303.202951  x:  0.77357   0.00408   0.00923   0.01658   0.00142   0.00242   0.00000   0.00136   0.00000   0.00000   0.00282   0.00148   0.00155   0.00469   0.00383   0.00000   0.00000   0.00127   0.00323   0.00542   0.00376   0.00063   0.00101   0.00509   0.00119   0.00218   0.00069   0.00000   0.00000   0.00000   0.00000   0.00112   0.00000   0.00440   0.00000   0.00005   0.00381   0.00000   0.00235   0.00577   0.00611   0.00371   0.00326   0.00060   0.00077   0.00136   0.00285   0.78169   1.11185   1.58061   0.99004   1.00000   1.04415   0.07227   0.04656  
 44 4172.5142  10302.521500  x:  0.77679   0.00536   0.00926   0.01652   0.00115   0.00176   0.00000   0.00125   0.00000   0.00000   0.00278   0.00129   0.00110   0.00457   0.00379   0.00000   0.00000   0.00130   0.00318   0.00564   0.00373   0.00061   0.00116   0.00530   0.00119   0.00218   0.00108   0.00000   0.00000   0.00000   0.00000   0.00110   0.00000   0.00440   0.00000   0.00005   0.00381   0.00000   0.00233   0.00602   0.00600   0.00374   0.00321   0.00064   0.00069   0.00112   0.00280   0.78491   1.11407   1.57800   0.98816   1.00000   1.04389   0.07276   0.04722  
 45 3384.9558  10301.954536  x:  0.77974   0.00634   0.00934   0.01653   0.00127   0.00147   0.00000   0.00138   0.00000   0.00000   0.00271   0.00151   0.00134   0.00450   0.00367   0.00000   0.00000   0.00136   0.00310   0.00599   0.00369   0.00052   0.00109   0.00537   0.00121   0.00215   0.00078   0.00000   0.00000   0.00000   0.00000   0.00112   0.00000   0.00440   0.00000   0.00006   0.00381   0.00000   0.00236   0.00638   0.00577   0.00361   0.00311   0.00064   0.00052   0.00172   0.00272   0.78786   1.11613   1.57559   0.98644   1.00000   1.04369   0.07317   0.04697  
 46 2120.9553  10299.678670  x:  0.79158   0.00789   0.00970   0.01676   0.00000   0.00224   0.00000   0.00161   0.00000   0.00000   0.00230   0.00142   0.00143   0.00408   0.00345   0.00000   0.00000   0.00131   0.00301   0.00749   0.00338   0.00068   0.00144   0.00481   0.00107   0.00202   0.00115   0.00000   0.00000   0.00000   0.00000   0.00107   0.00000   0.00435   0.00000   0.00007   0.00393   0.00000   0.00272   0.00763   0.00473   0.00245   0.00277   0.00030   0.00064   0.00180   0.00229   0.79970   1.12447   1.56585   0.97960   1.00000   1.04306   0.07467   0.04274  
 47 2833.4736  10298.460450  x:  0.80127   0.00769   0.00991   0.01702   0.00010   0.00237   0.00190   0.00165   0.00000   0.00000   0.00240   0.00142   0.00144   0.00392   0.00331   0.00000   0.00000   0.00130   0.00312   0.00810   0.00337   0.00071   0.00148   0.00438   0.00103   0.00207   0.00120   0.00000   0.00000   0.00000   0.00000   0.00106   0.00000   0.00434   0.00000   0.00007   0.00398   0.00000   0.00281   0.00798   0.00450   0.00217   0.00264   0.00026   0.00066   0.00172   0.00241   0.80938   1.13128   1.55792   0.97398   1.00000   1.04244   0.07598   0.04092  
 48 10220.1882  10288.919655  x:  0.85505   0.00334   0.01067   0.01855   0.00337   0.00219   0.00106   0.00144   0.00000   0.00000   0.00288   0.00163   0.00130   0.00253   0.00219   0.00000   0.00000   0.00129   0.00442   0.00955   0.00409   0.00060   0.00103   0.00216   0.00104   0.00234   0.00091   0.00000   0.00000   0.00000   0.00000   0.00103   0.00000   0.00436   0.00000   0.00006   0.00415   0.00000   0.00297   0.00793   0.00507   0.00273   0.00229   0.00056   0.00065   0.00089   0.00293   0.86317   1.16911   1.51400   0.94272   1.00000   1.03881   0.08353   0.03496  
 49 13012.3091  10280.559072  x:  0.90505   0.00105   0.01075   0.01942   0.00442   0.00124   0.00024   0.00165   0.00000   0.00000   0.00265   0.00147   0.00171   0.00591   0.00270   0.00000   0.00000   0.00121   0.00447   0.00844   0.00473   0.00089   0.00144   0.00353   0.00094   0.00208   0.00109   0.00000   0.00000   0.00000   0.00000   0.00102   0.00000   0.00439   0.00000   0.00007   0.00388   0.00000   0.00266   0.00541   0.00645   0.00259   0.00299   0.00024   0.00088   0.00095   0.00269   0.91316   1.20439   1.47318   0.91372   1.00000   1.03554   0.09045   0.02714  
 50 24548.4372  10276.231787  x:  0.92813   0.00034   0.00987   0.01890   0.00572   0.00161   0.00022   0.00158   0.00000   0.00000   0.00204   0.00146   0.00174   0.00537   0.00384   0.00000   0.00000   0.00123   0.00213   0.00595   0.00292   0.00083   0.00131   0.00374   0.00103   0.00203   0.00099   0.00000   0.00000   0.00000   0.00000   0.00107   0.00000   0.00425   0.00000   0.00007   0.00368   0.00000   0.00230   0.00555   0.00541   0.00258   0.00299   0.00037   0.00085   0.00068   0.00203   0.93625   1.22082   1.45458   0.90040   1.00000   1.03377   0.09393   0.02813  
 51 6877.8609  10272.676230  x:  0.94958   0.00123   0.00878   0.01767   0.00553   0.00206   0.00014   0.00157   0.00000   0.00000   0.00341   0.00136   0.00169   0.00443   0.00366   0.00000   0.00000   0.00124   0.00311   0.00386   0.00302   0.00078   0.00126   0.00494   0.00106   0.00233   0.00097   0.00000   0.00000   0.00000   0.00000   0.00107   0.00000   0.00424   0.00000   0.00006   0.00368   0.00000   0.00251   0.00642   0.00439   0.00236   0.00294   0.00035   0.00085   0.00086   0.00345   0.95769   1.23627   1.43747   0.88815   1.00000   1.03207   0.09723   0.02966  
 52 7811.1610  10268.907687  x:  0.97295   0.00169   0.00817   0.01611   0.00522   0.00296   0.00049   0.00131   0.00000   0.00000   0.00250   0.00127   0.00132   0.00399   0.00294   0.00000   0.00000   0.00120   0.00372   0.00573   0.00462   0.00068   0.00104   0.00638   0.00116   0.00200   0.00086   0.00000   0.00000   0.00000   0.00000   0.00107   0.00000   0.00443   0.00000   0.00006   0.00381   0.00000   0.00242   0.00707   0.00524   0.00336   0.00291   0.00054   0.00095   0.00119   0.00255   0.98107   1.25329   1.41912   0.87494   1.00000   1.03005   0.10105   0.03440  
 53 7524.2575  10268.297080  x:  0.97705   0.00191   0.00900   0.01622   0.00518   0.00309   0.00036   0.00130   0.00000   0.00000   0.00312   0.00122   0.00133   0.00405   0.00356   0.00000   0.00000   0.00121   0.00339   0.00682   0.00416   0.00067   0.00105   0.00647   0.00118   0.00253   0.00085   0.00000   0.00000   0.00000   0.00000   0.00108   0.00000   0.00445   0.00000   0.00005   0.00383   0.00000   0.00225   0.00695   0.00583   0.00323   0.00298   0.00055   0.00094   0.00122   0.00308   0.98517   1.25642   1.41609   0.87275   1.00000   1.02966   0.10178   0.03543  
 54 2089.4540  10268.178279  x:  0.97784   0.00195   0.00960   0.01659   0.00518   0.00313   0.00037   0.00128   0.00000   0.00000   0.00312   0.00123   0.00132   0.00410   0.00356   0.00000   0.00000   0.00121   0.00354   0.00686   0.00386   0.00066   0.00103   0.00652   0.00119   0.00211   0.00084   0.00000   0.00000   0.00000   0.00000   0.00109   0.00000   0.00444   0.00000   0.00005   0.00382   0.00000   0.00245   0.00687   0.00579   0.00332   0.00300   0.00057   0.00094   0.00121   0.00316   0.98595   1.25718   1.41572   0.87248   1.00000   1.02956   0.10197   0.03574  
 55 440.0419  10268.097198  x:  0.97839   0.00202   0.01018   0.01718   0.00509   0.00315   0.00040   0.00127   0.00000   0.00000   0.00297   0.00122   0.00129   0.00409   0.00345   0.00000   0.00000   0.00121   0.00368   0.00668   0.00388   0.00066   0.00102   0.00659   0.00119   0.00238   0.00084   0.00000   0.00000   0.00000   0.00000   0.00108   0.00000   0.00443   0.00000   0.00005   0.00382   0.00000   0.00231   0.00684   0.00563   0.00340   0.00301   0.00058   0.00094   0.00125   0.00303   0.98650   1.25793   1.41577   0.87250   1.00000   1.02945   0.10217   0.03591  
 56 272.6480  10268.020486  x:  0.97900   0.00210   0.01031   0.01785   0.00499   0.00315   0.00040   0.00127   0.00000   0.00000   0.00311   0.00122   0.00129   0.00395   0.00354   0.00000   0.00000   0.00121   0.00340   0.00655   0.00432   0.00065   0.00103   0.00661   0.00120   0.00224   0.00084   0.00000   0.00000   0.00000   0.00000   0.00109   0.00000   0.00446   0.00000   0.00005   0.00384   0.00000   0.00229   0.00694   0.00570   0.00336   0.00301   0.00057   0.00094   0.00126   0.00301   0.98711   1.25908   1.41624   0.87282   1.00000   1.02929   0.10249   0.03595  
 57 197.0431  10267.741307  x:  0.98161   0.00220   0.00937   0.01955   0.00493   0.00318   0.00040   0.00126   0.00000   0.00000   0.00286   0.00122   0.00128   0.00410   0.00354   0.00000   0.00000   0.00121   0.00339   0.00664   0.00410   0.00065   0.00102   0.00666   0.00121   0.00248   0.00083   0.00000   0.00000   0.00000   0.00000   0.00109   0.00000   0.00448   0.00000   0.00005   0.00382   0.00000   0.00278   0.00724   0.00607   0.00339   0.00298   0.00059   0.00094   0.00127   0.00326   0.98973   1.26445   1.41893   0.87463   1.00000   1.02854   0.10401   0.03611  
 58 356.1037  10267.364872  x:  0.98489   0.00228   0.00854   0.02063   0.00487   0.00320   0.00039   0.00125   0.00000   0.00000   0.00316   0.00121   0.00127   0.00417   0.00353   0.00000   0.00000   0.00121   0.00373   0.00690   0.00367   0.00065   0.00102   0.00665   0.00120   0.00221   0.00083   0.00000   0.00000   0.00000   0.00000   0.00109   0.00000   0.00445   0.00000   0.00005   0.00382   0.00000   0.00201   0.00723   0.00605   0.00338   0.00300   0.00059   0.00094   0.00129   0.00308   0.99300   1.27144   1.42263   0.87713   1.00000   1.02756   0.10599   0.03609  
 59 1452.9144  10264.888557  x:  1.00682   0.00250   0.00789   0.02085   0.00507   0.00332   0.00038   0.00125   0.00000   0.00000   0.00419   0.00122   0.00129   0.00381   0.00382   0.00000   0.00000   0.00121   0.00371   0.00784   0.00390   0.00064   0.00100   0.00692   0.00124   0.00256   0.00082   0.00000   0.00000   0.00000   0.00000   0.00111   0.00000   0.00434   0.00000   0.00005   0.00384   0.00000   0.00300   0.00521   0.00421   0.00381   0.00331   0.00061   0.00094   0.00125   0.00222   1.01493   1.31949   1.44904   0.89489   1.00000   1.02084   0.11960   0.03499  
 60 2187.5747  10258.166205  x:  1.06944   0.00237   0.00924   0.01841   0.00534   0.00350   0.00023   0.00127   0.00000   0.00000   0.00194   0.00116   0.00132   0.00365   0.00429   0.00000   0.00000   0.00120   0.00342   0.00778   0.00467   0.00065   0.00102   0.00722   0.00126   0.00217   0.00082   0.00000   0.00000   0.00000   0.00000   0.00114   0.00000   0.00447   0.00000   0.00005   0.00395   0.00000   0.00185   0.00559   0.00410   0.00385   0.00348   0.00061   0.00098   0.00129   0.00485   1.07756   1.45680   1.52443   0.94543   1.00000   1.00166   0.15846   0.03141  
 61 15805.7434  10255.321275  x:  1.09738   0.00197   0.01048   0.01688   0.00548   0.00356   0.00021   0.00122   0.00000   0.00000   0.00315   0.00115   0.00128   0.00432   0.00398   0.00000   0.00000   0.00118   0.00359   0.00679   0.00423   0.00065   0.00100   0.00736   0.00128   0.00240   0.00081   0.00000   0.00000   0.00000   0.00000   0.00115   0.00000   0.00460   0.00000   0.00005   0.00394   0.00000   0.00240   0.00793   0.00602   0.00380   0.00330   0.00065   0.00103   0.00133   0.00319   1.10550   1.51810   1.55795   0.96776   1.00000   0.99309   0.17583   0.03001  
 62 19896.4576  10255.286570  x:  1.09716   0.00216   0.01048   0.01686   0.00544   0.00358   0.00025   0.00124   0.00000   0.00000   0.00308   0.00115   0.00129   0.00403   0.00403   0.00000   0.00000   0.00118   0.00369   0.00671   0.00417   0.00065   0.00101   0.00739   0.00128   0.00240   0.00082   0.00000   0.00000   0.00000   0.00000   0.00115   0.00000   0.00468   0.00000   0.00005   0.00381   0.00000   0.00241   0.00775   0.00626   0.00379   0.00332   0.00063   0.00103   0.00134   0.00312   1.10527   1.51917   1.55863   0.96725   1.00000   0.99299   0.17618   0.02975  
 63 66.8924  10254.335230  x:  1.09312   0.00252   0.01049   0.01693   0.00531   0.00363   0.00032   0.00127   0.00000   0.00000   0.00304   0.00115   0.00130   0.00385   0.00394   0.00000   0.00000   0.00118   0.00368   0.00663   0.00405   0.00065   0.00101   0.00747   0.00129   0.00241   0.00083   0.00000   0.00000   0.00000   0.00000   0.00116   0.00000   0.00434   0.00000   0.00005   0.00551   0.00000   0.00242   0.00755   0.00652   0.00382   0.00335   0.00062   0.00102   0.00135   0.00309   1.10123   1.55634   1.57558   0.94508   1.00000   0.98942   0.18831   0.02835  
 64 356.5523  10253.708402  x:  1.09096   0.00229   0.01053   0.01700   0.00526   0.00359   0.00027   0.00124   0.00000   0.00000   0.00315   0.00115   0.00127   0.00424   0.00392   0.00000   0.00000   0.00119   0.00360   0.00685   0.00420   0.00064   0.00100   0.00737   0.00130   0.00240   0.00081   0.00000   0.00000   0.00000   0.00000   0.00116   0.00000   0.00475   0.00000   0.00005   0.00400   0.00000   0.00241   0.00791   0.00606   0.00381   0.00330   0.00066   0.00101   0.00134   0.00319   1.09908   1.57922   1.58544   0.93141   1.00000   0.98721   0.19577   0.02797  
 65 4359.9260  10253.696378  x:  1.09081   0.00230   0.01053   0.01700   0.00525   0.00359   0.00027   0.00124   0.00000   0.00000   0.00315   0.00115   0.00127   0.00423   0.00392   0.00000   0.00000   0.00119   0.00360   0.00685   0.00422   0.00064   0.00100   0.00737   0.00130   0.00240   0.00081   0.00000   0.00000   0.00000   0.00000   0.00116   0.00000   0.00447   0.00000   0.00005   0.00391   0.00000   0.00241   0.00791   0.00608   0.00381   0.00330   0.00065   0.00101   0.00134   0.00319   1.09893   1.57980   1.58543   0.93128   1.00000   0.98718   0.19596   0.02796  
 66 89.0506  10248.884233  x:  1.00179   0.00315   0.01052   0.01684   0.00426   0.00334   0.00032   0.00128   0.00000   0.00000   0.00309   0.00116   0.00129   0.00425   0.00364   0.00000   0.00000   0.00121   0.00352   0.00672   0.00413   0.00064   0.00105   0.00693   0.00130   0.00236   0.00085   0.00000   0.00000   0.00000   0.00000   0.00115   0.00000   0.00456   0.00000   0.00005   0.00391   0.00000   0.00239   0.00766   0.00612   0.00367   0.00329   0.00064   0.00094   0.00133   0.00314   1.00991   1.86048   1.51420   0.92442   1.00000   0.97634   0.28864   0.02469  
 67 133.5904  10247.379865  x:  1.01040   0.00303   0.01048   0.01669   0.00447   0.00343   0.00030   0.00142   0.00000   0.00000   0.00318   0.00104   0.00139   0.00432   0.00282   0.00000   0.00000   0.00124   0.00311   0.00644   0.00400   0.00066   0.00115   0.00702   0.00147   0.00235   0.00091   0.00000   0.00000   0.00000   0.00000   0.00122   0.00000   0.00457   0.00000   0.00008   0.00376   0.00000   0.00232   0.00710   0.00643   0.00366   0.00348   0.00063   0.00084   0.00127   0.00328   1.01852   1.89681   1.52060   0.92402   1.00000   1.32601   0.47872   0.03332  
 68  4.9653  10244.492689  x:  1.03318   0.00364   0.01051   0.01722   0.00432   0.00377   0.00034   0.00163   0.00000   0.00000   0.00340   0.00079   0.00154   0.00441   0.00162   0.00000   0.00000   0.00130   0.00249   0.00668   0.00384   0.00066   0.00134   0.00729   0.00179   0.00238   0.00101   0.00000   0.00000   0.00000   0.00000   0.00136   0.00000   0.00466   0.00000   0.00013   0.00363   0.00000   0.00231   0.00675   0.00661   0.00379   0.00395   0.00068   0.00068   0.00124   0.00355   1.04131   1.86479   1.51957   0.92515   1.00000   1.81645   1.11780   0.02640  
 69 36.8982  10240.802526  x:  1.05366   0.00329   0.01030   0.01721   0.00442   0.00358   0.00000   0.00153   0.00000   0.00000   0.00327   0.00080   0.00149   0.00469   0.00280   0.00000   0.00000   0.00124   0.00274   0.00634   0.00391   0.00072   0.00138   0.00705   0.00148   0.00235   0.00095   0.00000   0.00000   0.00000   0.00000   0.00121   0.00000   0.00465   0.00000   0.00011   0.00373   0.00000   0.00231   0.00694   0.00650   0.00395   0.00398   0.00067   0.00081   0.00145   0.00337   1.06178   1.88156   1.51786   0.92211   1.00000   2.42737   1.73349   0.02662  
 70 14.0120  10237.149656  x:  1.13634   0.00231   0.00974   0.01766   0.00434   0.00318   0.00000   0.00143   0.00000   0.00000   0.00302   0.00072   0.00144   0.00507   0.00338   0.00000   0.00000   0.00115   0.00352   0.00547   0.00388   0.00080   0.00151   0.00710   0.00049   0.00229   0.00067   0.00000   0.00000   0.00000   0.00000   0.00065   0.00000   0.00459   0.00000   0.00012   0.00393   0.00000   0.00231   0.00716   0.00622   0.00445   0.00393   0.00075   0.00093   0.00163   0.00285   1.14446   2.07182   1.50609   0.90879   1.00000   3.43363   2.70975   0.02834  
 71  1.0840  10236.250077  x:  1.17371   0.00370   0.00965   0.01785   0.00382   0.00333   0.00000   0.00163   0.00000   0.00000   0.00316   0.00075   0.00162   0.00485   0.00377   0.00000   0.00000   0.00115   0.00318   0.00612   0.00393   0.00082   0.00167   0.00712   0.00104   0.00229   0.00077   0.00000   0.00000   0.00000   0.00000   0.00085   0.00000   0.00464   0.00000   0.00017   0.00379   0.00000   0.00237   0.00704   0.00615   0.00490   0.00440   0.00080   0.00083   0.00162   0.00318   1.18184   2.15547   1.50892   0.90733   1.00000   3.72233   3.03307   0.02494  
 72  0.4725  10235.889172  x:  1.20566   0.00375   0.00993   0.01766   0.00380   0.00309   0.00000   0.00166   0.00000   0.00000   0.00313   0.00081   0.00162   0.00435   0.00387   0.00000   0.00000   0.00108   0.00304   0.00627   0.00396   0.00080   0.00162   0.00718   0.00089   0.00233   0.00079   0.00000   0.00000   0.00000   0.00000   0.00078   0.00000   0.00465   0.00000   0.00020   0.00387   0.00000   0.00235   0.00674   0.00625   0.00468   0.00401   0.00079   0.00088   0.00149   0.00316   1.21378   2.23783   1.52080   0.90955   1.00000   4.10013   3.40774   0.02636  
 73  0.3726  10235.722974  x:  1.21384   0.00380   0.01007   0.01770   0.00362   0.00297   0.00000   0.00161   0.00000   0.00000   0.00307   0.00079   0.00157   0.00454   0.00385   0.00000   0.00000   0.00103   0.00314   0.00623   0.00394   0.00080   0.00159   0.00693   0.00074   0.00233   0.00082   0.00000   0.00000   0.00000   0.00000   0.00073   0.00000   0.00463   0.00000   0.00023   0.00387   0.00000   0.00231   0.00706   0.00613   0.00465   0.00389   0.00081   0.00086   0.00153   0.00304   1.22196   2.27336   1.52164   0.91112   1.00000   4.35591   3.65365   0.02482  
 74  0.2877  10235.537063  x:  1.21206   0.00361   0.00989   0.01793   0.00356   0.00295   0.00000   0.00154   0.00000   0.00000   0.00298   0.00072   0.00153   0.00494   0.00370   0.00000   0.00000   0.00095   0.00327   0.00584   0.00393   0.00077   0.00152   0.00649   0.00083   0.00229   0.00076   0.00000   0.00000   0.00000   0.00000   0.00086   0.00000   0.00464   0.00000   0.00030   0.00384   0.00000   0.00235   0.00694   0.00632   0.00452   0.00394   0.00075   0.00080   0.00154   0.00302   1.22018   2.27565   1.51668   0.90968   1.00000   4.67732   3.96970   0.02618  
 75  0.1799  10235.308732  x:  1.19947   0.00370   0.00979   0.01788   0.00354   0.00316   0.00000   0.00147   0.00000   0.00000   0.00318   0.00087   0.00152   0.00452   0.00352   0.00000   0.00000   0.00079   0.00321   0.00635   0.00395   0.00072   0.00142   0.00649   0.00078   0.00233   0.00069   0.00000   0.00000   0.00000   0.00000   0.00087   0.00000   0.00462   0.00000   0.00041   0.00391   0.00000   0.00241   0.00696   0.00617   0.00446   0.00398   0.00071   0.00078   0.00144   0.00324   1.20760   2.23824   1.51496   0.90805   1.00000   5.14330   4.44823   0.02519  
 76  0.2823  10235.191000  x:  1.19446   0.00396   0.00998   0.01764   0.00346   0.00325   0.00000   0.00150   0.00000   0.00000   0.00318   0.00069   0.00151   0.00451   0.00354   0.00000   0.00000   0.00068   0.00309   0.00624   0.00396   0.00076   0.00151   0.00651   0.00078   0.00233   0.00087   0.00000   0.00000   0.00000   0.00000   0.00081   0.00000   0.00465   0.00000   0.00048   0.00384   0.00000   0.00235   0.00692   0.00619   0.00452   0.00402   0.00073   0.00078   0.00155   0.00313   1.20259   2.21658   1.51745   0.90937   1.00000   5.44796   4.75045   0.02556  
 77  0.3076  10235.124202  x:  1.19106   0.00388   0.01005   0.01769   0.00351   0.00322   0.00000   0.00156   0.00000   0.00000   0.00308   0.00084   0.00157   0.00464   0.00365   0.00000   0.00000   0.00062   0.00317   0.00605   0.00398   0.00078   0.00157   0.00663   0.00080   0.00233   0.00080   0.00000   0.00000   0.00000   0.00000   0.00077   0.00000   0.00465   0.00000   0.00054   0.00383   0.00000   0.00232   0.00701   0.00620   0.00459   0.00397   0.00077   0.00071   0.00155   0.00302   1.19919   2.20797   1.51838   0.91101   1.00000   5.75230   5.04830   0.02617  
 78  0.3003  10235.094315  x:  1.18923   0.00363   0.00991   0.01779   0.00360   0.00315   0.00000   0.00156   0.00000   0.00000   0.00306   0.00075   0.00156   0.00459   0.00377   0.00000   0.00000   0.00062   0.00318   0.00611   0.00393   0.00079   0.00156   0.00681   0.00080   0.00232   0.00075   0.00000   0.00000   0.00000   0.00000   0.00075   0.00000   0.00463   0.00000   0.00057   0.00388   0.00000   0.00235   0.00697   0.00617   0.00462   0.00390   0.00080   0.00069   0.00152   0.00311   1.19736   2.21038   1.51654   0.91027   1.00000   5.91920   5.21687   0.02604  
 79  0.1750  10235.073947  x:  1.18825   0.00370   0.00984   0.01768   0.00372   0.00306   0.00000   0.00155   0.00000   0.00000   0.00308   0.00077   0.00154   0.00465   0.00386   0.00000   0.00000   0.00061   0.00314   0.00614   0.00394   0.00077   0.00155   0.00691   0.00078   0.00231   0.00077   0.00000   0.00000   0.00000   0.00000   0.00078   0.00000   0.00463   0.00000   0.00061   0.00385   0.00000   0.00235   0.00694   0.00619   0.00464   0.00392   0.00079   0.00076   0.00154   0.00308   1.19638   2.21340   1.51545   0.90877   1.00000   6.06545   5.36770   0.02578  
 80  0.0844  10235.052321  x:  1.18728   0.00365   0.00993   0.01769   0.00378   0.00300   0.00000   0.00153   0.00000   0.00000   0.00311   0.00078   0.00151   0.00464   0.00388   0.00000   0.00000   0.00069   0.00318   0.00612   0.00394   0.00074   0.00154   0.00703   0.00080   0.00231   0.00080   0.00000   0.00000   0.00000   0.00000   0.00081   0.00000   0.00464   0.00000   0.00065   0.00385   0.00000   0.00232   0.00696   0.00622   0.00465   0.00397   0.00077   0.00070   0.00155   0.00305   1.19541   2.20978   1.51669   0.90979   1.00000   6.26290   5.56107   0.02596  
 81  0.1170  10235.027624  x:  1.18816   0.00354   0.00998   0.01782   0.00379   0.00300   0.00000   0.00153   0.00000   0.00000   0.00309   0.00077   0.00155   0.00465   0.00378   0.00000   0.00000   0.00072   0.00320   0.00611   0.00396   0.00076   0.00153   0.00700   0.00080   0.00233   0.00076   0.00000   0.00000   0.00000   0.00000   0.00078   0.00000   0.00463   0.00000   0.00073   0.00388   0.00000   0.00236   0.00699   0.00621   0.00458   0.00397   0.00074   0.00078   0.00159   0.00312   1.19629   2.20434   1.51766   0.91128   1.00000   6.61123   5.90803   0.02618  
 82  0.1715  10235.016185  x:  1.18953   0.00369   0.00993   0.01772   0.00366   0.00306   0.00000   0.00155   0.00000   0.00000   0.00309   0.00077   0.00156   0.00465   0.00375   0.00000   0.00000   0.00076   0.00317   0.00612   0.00397   0.00077   0.00155   0.00691   0.00079   0.00232   0.00078   0.00000   0.00000   0.00000   0.00000   0.00076   0.00000   0.00464   0.00000   0.00077   0.00385   0.00000   0.00235   0.00695   0.00621   0.00458   0.00397   0.00075   0.00076   0.00157   0.00311   1.19766   2.20946   1.51642   0.90945   1.00000   6.81507   6.11603   0.02587  
 83  0.1610  10235.013753  x:  1.18957   0.00370   0.00992   0.01772   0.00364   0.00308   0.00000   0.00155   0.00000   0.00000   0.00309   0.00077   0.00155   0.00463   0.00375   0.00000   0.00000   0.00076   0.00317   0.00613   0.00394   0.00077   0.00155   0.00689   0.00080   0.00232   0.00078   0.00000   0.00000   0.00000   0.00000   0.00077   0.00000   0.00464   0.00000   0.00079   0.00386   0.00000   0.00234   0.00698   0.00618   0.00460   0.00394   0.00076   0.00077   0.00155   0.00308   1.19770   2.21188   1.51649   0.90965   1.00000   6.90799   6.20657   0.02598  
 84  0.0937  10235.013225  x:  1.18934   0.00370   0.00992   0.01774   0.00364   0.00309   0.00000   0.00155   0.00000   0.00000   0.00308   0.00078   0.00154   0.00463   0.00377   0.00000   0.00000   0.00076   0.00317   0.00612   0.00395   0.00077   0.00155   0.00687   0.00079   0.00232   0.00077   0.00000   0.00000   0.00000   0.00000   0.00078   0.00000   0.00464   0.00000   0.00079   0.00386   0.00000   0.00234   0.00696   0.00619   0.00461   0.00393   0.00077   0.00077   0.00154   0.00309   1.19747   2.21157   1.51673   0.91001   1.00000   6.94036   6.23940   0.02598  
 85  0.0348  10235.013103  x:  1.18902   0.00370   0.00992   0.01773   0.00364   0.00310   0.00000   0.00154   0.00000   0.00000   0.00308   0.00077   0.00154   0.00463   0.00378   0.00000   0.00000   0.00077   0.00317   0.00612   0.00395   0.00077   0.00155   0.00686   0.00079   0.00232   0.00077   0.00000   0.00000   0.00000   0.00000   0.00078   0.00000   0.00464   0.00000   0.00079   0.00386   0.00000   0.00234   0.00697   0.00619   0.00461   0.00394   0.00077   0.00078   0.00154   0.00309   1.19715   2.21044   1.51673   0.90990   1.00000   6.93724   6.23644   0.02598  
 86  0.0026  10235.013076  x:  1.18906   0.00370   0.00992   0.01773   0.00365   0.00309   0.00000   0.00154   0.00000   0.00000   0.00309   0.00077   0.00154   0.00463   0.00378   0.00000   0.00000   0.00077   0.00317   0.00612   0.00395   0.00077   0.00155   0.00686   0.00079   0.00232   0.00077   0.00000   0.00000   0.00000   0.00000   0.00078   0.00000   0.00464   0.00000   0.00079   0.00386   0.00000   0.00234   0.00697   0.00619   0.00461   0.00393   0.00077   0.00077   0.00154   0.00309   1.19720   2.21042   1.51665   0.90989   1.00000   6.93321   6.23226   0.02599  
 87  0.0032  10235.013065  x:  1.18911   0.00369   0.00992   0.01773   0.00365   0.00309   0.00000   0.00154   0.00000   0.00000   0.00309   0.00078   0.00154   0.00462   0.00378   0.00000   0.00000   0.00077   0.00317   0.00612   0.00395   0.00077   0.00155   0.00686   0.00079   0.00232   0.00077   0.00000   0.00000   0.00000   0.00000   0.00077   0.00000   0.00464   0.00000   0.00079   0.00386   0.00000   0.00234   0.00697   0.00619   0.00461   0.00393   0.00077   0.00077   0.00154   0.00309   1.19724   2.21047   1.51664   0.90989   1.00000   6.93725   6.23624   0.02599  
 88  0.0032  10235.012999  x:  1.18917   0.00367   0.00992   0.01773   0.00368   0.00309   0.00000   0.00155   0.00000   0.00000   0.00309   0.00078   0.00155   0.00462   0.00379   0.00000   0.00000   0.00077   0.00317   0.00612   0.00395   0.00077   0.00155   0.00685   0.00080   0.00232   0.00077   0.00000   0.00000   0.00000   0.00000   0.00078   0.00000   0.00464   0.00000   0.00079   0.00386   0.00000   0.00234   0.00697   0.00619   0.00461   0.00393   0.00077   0.00077   0.00155   0.00309   1.19730   2.21040   1.51670   0.90991   1.00000   6.97478   6.27374   0.02599  
 89  0.0194  10235.012509  x:  1.18891   0.00359   0.00992   0.01774   0.00378   0.00308   0.00000   0.00155   0.00000   0.00000   0.00308   0.00077   0.00154   0.00462   0.00377   0.00000   0.00000   0.00077   0.00316   0.00612   0.00395   0.00077   0.00156   0.00683   0.00080   0.00232   0.00077   0.00000   0.00000   0.00000   0.00000   0.00078   0.00000   0.00463   0.00000   0.00078   0.00386   0.00000   0.00234   0.00697   0.00619   0.00464   0.00392   0.00077   0.00077   0.00154   0.00309   1.19704   2.20970   1.51676   0.90995   1.00000   7.27858   6.57746   0.02600  
 90  0.0537  10235.011449  x:  1.18885   0.00367   0.00993   0.01774   0.00368   0.00309   0.00000   0.00154   0.00000   0.00000   0.00308   0.00077   0.00154   0.00463   0.00376   0.00000   0.00000   0.00076   0.00318   0.00613   0.00396   0.00077   0.00155   0.00686   0.00079   0.00232   0.00077   0.00000   0.00000   0.00000   0.00000   0.00078   0.00000   0.00464   0.00000   0.00079   0.00385   0.00000   0.00234   0.00697   0.00619   0.00463   0.00394   0.00078   0.00077   0.00154   0.00308   1.19698   2.21031   1.51658   0.90985   1.00000   7.42846   6.72792   0.02599  
 91  0.0568  10235.010076  x:  1.18913   0.00360   0.00991   0.01774   0.00375   0.00308   0.00000   0.00154   0.00000   0.00000   0.00309   0.00078   0.00154   0.00463   0.00376   0.00000   0.00000   0.00077   0.00314   0.00613   0.00395   0.00077   0.00155   0.00683   0.00080   0.00232   0.00078   0.00000   0.00000   0.00000   0.00000   0.00078   0.00000   0.00463   0.00000   0.00077   0.00386   0.00000   0.00235   0.00696   0.00620   0.00463   0.00393   0.00078   0.00077   0.00155   0.00310   1.19727   2.21037   1.51676   0.90997   1.00000   9.10842   8.40619   0.02608  
 92  0.2968  10235.009000  x:  1.18906   0.00368   0.00992   0.01773   0.00367   0.00309   0.00000   0.00154   0.00000   0.00000   0.00308   0.00077   0.00155   0.00463   0.00377   0.00000   0.00000   0.00076   0.00317   0.00612   0.00395   0.00077   0.00154   0.00686   0.00079   0.00232   0.00077   0.00000   0.00000   0.00000   0.00000   0.00078   0.00000   0.00464   0.00000   0.00078   0.00386   0.00000   0.00234   0.00697   0.00620   0.00462   0.00394   0.00078   0.00077   0.00154   0.00308   1.19720   2.21049   1.51668   0.90991   1.00000   9.23094   8.53036   0.02599  
 93  0.1227  10235.008681  x:  1.18880   0.00371   0.00992   0.01773   0.00363   0.00309   0.00000   0.00154   0.00000   0.00000   0.00309   0.00078   0.00154   0.00463   0.00378   0.00000   0.00000   0.00077   0.00316   0.00612   0.00395   0.00077   0.00155   0.00686   0.00079   0.00232   0.00077   0.00000   0.00000   0.00000   0.00000   0.00077   0.00000   0.00464   0.00000   0.00078   0.00385   0.00000   0.00234   0.00697   0.00618   0.00461   0.00394   0.00077   0.00078   0.00155   0.00309   1.19695   2.20997   1.51662   0.90989   1.00000   9.89258   9.19139   0.02601  
 94  0.3435  10235.008551  x:  1.18875   0.00370   0.00992   0.01773   0.00365   0.00309   0.00000   0.00154   0.00000   0.00000   0.00309   0.00077   0.00154   0.00463   0.00378   0.00000   0.00000   0.00077   0.00317   0.00612   0.00395   0.00077   0.00155   0.00686   0.00079   0.00232   0.00077   0.00000   0.00000   0.00000   0.00000   0.00078   0.00000   0.00463   0.00000   0.00078   0.00387   0.00000   0.00234   0.00697   0.00619   0.00461   0.00393   0.00077   0.00078   0.00154   0.00309   1.19689   2.20971   1.51666   0.90991   1.00000  10.34777   9.64681   0.02601  
 95  0.4168  10235.008463  x:  1.18881   0.00369   0.00992   0.01773   0.00365   0.00310   0.00000   0.00154   0.00000   0.00000   0.00308   0.00077   0.00154   0.00462   0.00378   0.00000   0.00000   0.00077   0.00317   0.00612   0.00395   0.00077   0.00155   0.00686   0.00079   0.00232   0.00077   0.00000   0.00000   0.00000   0.00000   0.00078   0.00000   0.00464   0.00000   0.00078   0.00385   0.00000   0.00234   0.00697   0.00619   0.00461   0.00393   0.00077   0.00078   0.00154   0.00308   1.19696   2.21011   1.51665   0.90991   1.00000  11.05877  10.35805   0.02600  
 96  0.3203  10235.008427  x:  1.18882   0.00369   0.00992   0.01773   0.00365   0.00310   0.00000   0.00154   0.00000   0.00000   0.00308   0.00077   0.00154   0.00463   0.00378   0.00000   0.00000   0.00077   0.00317   0.00612   0.00395   0.00077   0.00155   0.00686   0.00079   0.00232   0.00077   0.00000   0.00000   0.00000   0.00000   0.00078   0.00000   0.00464   0.00000   0.00078   0.00386   0.00000   0.00234   0.00697   0.00619   0.00461   0.00393   0.00077   0.00078   0.00154   0.00309   1.19697   2.21012   1.51665   0.90990   1.00000  11.57089  10.86987   0.02601  
 97  0.4137  10235.008414  x:  1.18884   0.00369   0.00992   0.01773   0.00365   0.00309   0.00000   0.00154   0.00000   0.00000   0.00309   0.00077   0.00154   0.00463   0.00378   0.00000   0.00000   0.00077   0.00317   0.00612   0.00395   0.00077   0.00155   0.00686   0.00079   0.00232   0.00077   0.00000   0.00000   0.00000   0.00000   0.00078   0.00000   0.00464   0.00000   0.00078   0.00386   0.00000   0.00234   0.00697   0.00619   0.00461   0.00393   0.00077   0.00077   0.00154   0.00309   1.19699   2.21000   1.51666   0.90991   1.00000  12.45618  11.75525   0.02600  
 98  0.6312  10235.008385  x:  1.18885   0.00369   0.00992   0.01773   0.00365   0.00309   0.00000   0.00154   0.00000   0.00000   0.00309   0.00077   0.00154   0.00463   0.00378   0.00000   0.00000   0.00077   0.00317   0.00612   0.00395   0.00077   0.00155   0.00686   0.00079   0.00232   0.00077   0.00000   0.00000   0.00000   0.00000   0.00078   0.00000   0.00464   0.00000   0.00078   0.00385   0.00000   0.00234   0.00697   0.00619   0.00461   0.00393   0.00077   0.00077   0.00154   0.00309   1.19702   2.21004   1.51664   0.90989   1.00000  14.86327  14.16235   0.02600  
 99  0.7381  10235.008384  x:  1.18884   0.00369   0.00992   0.01773   0.00365   0.00309   0.00000   0.00154   0.00000   0.00000   0.00309   0.00077   0.00154   0.00463   0.00378   0.00000   0.00000   0.00077   0.00317   0.00612   0.00395   0.00077   0.00155   0.00686   0.00079   0.00232   0.00077   0.00000   0.00000   0.00000   0.00000   0.00078   0.00000   0.00464   0.00000   0.00078   0.00386   0.00000   0.00234   0.00697   0.00619   0.00461   0.00393   0.00077   0.00077   0.00154   0.00309   1.19701   2.21002   1.51665   0.90990   1.00000  14.76208  14.06116   0.02600  
100  0.2998  10235.008384  x:  1.18884   0.00369   0.00992   0.01773   0.00365   0.00309   0.00000   0.00154   0.00000   0.00000   0.00309   0.00077   0.00154   0.00463   0.00378   0.00000   0.00000   0.00077   0.00317   0.00612   0.00395   0.00077   0.00155   0.00686   0.00079   0.00232   0.00077   0.00000   0.00000   0.00000   0.00000   0.00078   0.00000   0.00464   0.00000   0.00078   0.00386   0.00000   0.00234   0.00697   0.00619   0.00461   0.00393   0.00077   0.00077   0.00154   0.00309   1.19701   2.21002   1.51665   0.90990   1.00000  14.76433  14.06340   0.02600  
101  0.0456  10235.008384  x:  1.18884   0.00369   0.00992   0.01773   0.00365   0.00309   0.00000   0.00154   0.00000   0.00000   0.00309   0.00077   0.00154   0.00463   0.00378   0.00000   0.00000   0.00077   0.00317   0.00612   0.00395   0.00077   0.00155   0.00686   0.00079   0.00232   0.00077   0.00000   0.00000   0.00000   0.00000   0.00078   0.00000   0.00464   0.00000   0.00078   0.00386   0.00000   0.00234   0.00697   0.00619   0.00461   0.00393   0.00077   0.00077   0.00154   0.00309   1.19701   2.21002   1.51665   0.90990   1.00000  14.77397  14.07305   0.02600  
102  0.3285  10235.008384  x:  1.18884   0.00369   0.00992   0.01773   0.00365   0.00309   0.00000   0.00154   0.00000   0.00000   0.00309   0.00077   0.00154   0.00463   0.00378   0.00000   0.00000   0.00077   0.00317   0.00612   0.00395   0.00077   0.00155   0.00686   0.00079   0.00232   0.00077   0.00000   0.00000   0.00000   0.00000   0.00078   0.00000   0.00464   0.00000   0.00078   0.00386   0.00000   0.00234   0.00697   0.00619   0.00461   0.00393   0.00077   0.00077   0.00154   0.00309   1.19701   2.21002   1.51665   0.90990   1.00000  14.79411  14.09319   0.02600  
103  0.6487  10235.008384  x:  1.18884   0.00369   0.00992   0.01773   0.00365   0.00309   0.00000   0.00154   0.00000   0.00000   0.00309   0.00077   0.00154   0.00463   0.00378   0.00000   0.00000   0.00077   0.00317   0.00612   0.00395   0.00077   0.00155   0.00686   0.00079   0.00232   0.00077   0.00000   0.00000   0.00000   0.00000   0.00078   0.00000   0.00464   0.00000   0.00078   0.00386   0.00000   0.00234   0.00697   0.00619   0.00461   0.00393   0.00077   0.00077   0.00154   0.00309   1.19701   2.21002   1.51665   0.90990   1.00000  14.81649  14.11557   0.02600  
104  0.9176  10235.008384  x:  1.18884   0.00369   0.00992   0.01773   0.00365   0.00309   0.00000   0.00154   0.00000   0.00000   0.00309   0.00077   0.00154   0.00463   0.00378   0.00000   0.00000   0.00077   0.00317   0.00612   0.00395   0.00077   0.00155   0.00686   0.00079   0.00232   0.00077   0.00000   0.00000   0.00000   0.00000   0.00078   0.00000   0.00464   0.00000   0.00078   0.00386   0.00000   0.00234   0.00697   0.00619   0.00461   0.00393   0.00077   0.00077   0.00154   0.00309   1.19701   2.21002   1.51665   0.90990   1.00000  14.81658  14.11566   0.02600  
105  0.8643  10235.008384  x:  1.18884   0.00369   0.00992   0.01773   0.00365   0.00309   0.00000   0.00154   0.00000   0.00000   0.00309   0.00077   0.00154   0.00463   0.00378   0.00000   0.00000   0.00077   0.00317   0.00612   0.00395   0.00077   0.00155   0.00686   0.00079   0.00232   0.00077   0.00000   0.00000   0.00000   0.00000   0.00078   0.00000   0.00464   0.00000   0.00078   0.00386   0.00000   0.00234   0.00697   0.00619   0.00461   0.00393   0.00077   0.00077   0.00154   0.00309   1.19701   2.21002   1.51665   0.90990   1.00000  14.81658  14.11566   0.02600  
106  0.3587  10235.008384  x:  1.18884   0.00369   0.00992   0.01773   0.00365   0.00309   0.00000   0.00154   0.00000   0.00000   0.00309   0.00077   0.00154   0.00463   0.00378   0.00000   0.00000   0.00077   0.00317   0.00612   0.00395   0.00077   0.00155   0.00686   0.00079   0.00232   0.00077   0.00000   0.00000   0.00000   0.00000   0.00078   0.00000   0.00464   0.00000   0.00078   0.00386   0.00000   0.00234   0.00697   0.00619   0.00461   0.00393   0.00077   0.00077   0.00154   0.00309   1.19701   2.21002   1.51665   0.90990   1.00000  14.81658  14.11566   0.02600  
check convergence!
