Supplemental results for CODEML (seqf: aln.phy  treef: tree.tre)


MLEs of dN/dS (w) for site classes (K=4)

site class             0        1       2a       2b
proportion       0.58672  0.20665  0.15281  0.05382
background w     0.05975  1.00000  0.05975  1.00000
foreground w     0.05975  1.00000  0.00010  0.00010

Naive Empirical Bayes (NEB) probabilities for 4 classes
(amino acids refer to 1st sequence: KY581700.1)

   1 -   0.58672 0.20665 0.15281 0.05382 ( 1)
   2 -   0.58672 0.20665 0.15281 0.05382 ( 1)
   3 -   0.58672 0.20665 0.15281 0.05382 ( 1)
   4 -   0.58672 0.20665 0.15281 0.05382 ( 1)
   5 -   0.58672 0.20665 0.15281 0.05382 ( 1)
   6 -   0.58672 0.20665 0.15281 0.05382 ( 1)
   7 -   0.58672 0.20665 0.15281 0.05382 ( 1)
   8 -   0.58672 0.20665 0.15281 0.05382 ( 1)
   9 -   0.58672 0.20665 0.15281 0.05382 ( 1)
  10 -   0.58672 0.20665 0.15281 0.05382 ( 1)
  11 -   0.58672 0.20665 0.15281 0.05382 ( 1)
  12 -   0.58672 0.20665 0.15281 0.05382 ( 1)
  13 M   0.77571 0.01624 0.20334 0.00471 ( 1)
  14 E   0.75404 0.03821 0.19714 0.01061 ( 1)
  15 E   0.75375 0.03849 0.19706 0.01069 ( 1)
  16 S   0.35450 0.43207 0.09272 0.12071 ( 2)
  17 L   0.32761 0.46105 0.08556 0.12578 ( 2)
  18 M   0.10988 0.66957 0.02878 0.19178 ( 2)
  19 D   0.77018 0.02180 0.20176 0.00626 ( 1)
  20 V   0.75818 0.03356 0.19862 0.00964 ( 1)
  21 P   0.37143 0.41620 0.09709 0.11527 ( 2)
  22 S   0.75431 0.03729 0.19765 0.01075 ( 1)
  23 T   0.74634 0.04590 0.19507 0.01269 ( 1)
  24 S   0.36629 0.42044 0.09580 0.11747 ( 2)
  25 G   0.33971 0.44793 0.08878 0.12358 ( 2)
  26 T   0.76248 0.02953 0.19961 0.00838 ( 1)
  27 Q   0.34451 0.44286 0.09005 0.12258 ( 2)
  28 V   0.42455 0.36066 0.11122 0.10357 ( 1)
  29 Y   0.42862 0.35667 0.11228 0.10242 ( 1)
  30 S   0.74928 0.04300 0.19584 0.01188 ( 1)
  31 R   0.74007 0.05210 0.19343 0.01440 ( 1)
  32 K   0.27668 0.50948 0.07234 0.14150 ( 2)
  33 A   0.02905 0.75482 0.00759 0.20854 ( 2)
  34 R   0.72606 0.06576 0.18986 0.01832 ( 1)
  35 K   0.42653 0.36154 0.11151 0.10041 ( 1)
  36 R   0.74414 0.04792 0.19459 0.01335 ( 1)
  37 S   0.37737 0.40841 0.09877 0.11545 ( 2)
  38 H   0.77085 0.02110 0.20197 0.00608 ( 1)
  39 S   0.75768 0.03399 0.19853 0.00980 ( 1)
  40 P   0.74679 0.04543 0.19521 0.01257 ( 1)
  41 T   0.44446 0.34209 0.11635 0.09710 ( 1)
  42 K   0.36107 0.42617 0.09440 0.11836 ( 2)
  43 K   0.48784 0.30102 0.12754 0.08360 ( 1)
  44 L   0.73978 0.05265 0.19321 0.01436 ( 1)
  45 R   0.74641 0.04583 0.19509 0.01267 ( 1)
  46 Y   0.75804 0.03421 0.19822 0.00953 ( 1)
  47 V   0.75818 0.03356 0.19862 0.00964 ( 1)
  48 K   0.75404 0.03821 0.19714 0.01061 ( 1)
  49 R   0.76155 0.03045 0.19936 0.00864 ( 1)
  50 R   0.74470 0.04757 0.19461 0.01312 ( 1)
  51 F   0.76446 0.02678 0.20075 0.00801 ( 1)
  52 S   0.75768 0.03399 0.19853 0.00980 ( 1)
  53 L   0.00780 0.99216 0.00000 0.00003 ( 2)
  54 L   0.72360 0.06869 0.18898 0.01874 ( 1)
  55 R   0.74641 0.04583 0.19509 0.01267 ( 1)
  56 P   0.76374 0.02824 0.19997 0.00804 ( 1)
  57 E   0.75375 0.03849 0.19706 0.01069 ( 1)
  58 D   0.76091 0.03131 0.19903 0.00876 ( 1)
  59 L   0.43009 0.35490 0.11270 0.10231 ( 1)
  60 S   0.77046 0.02152 0.20184 0.00618 ( 1)
  61 V   0.28823 0.49432 0.07551 0.14195 ( 2)
  62 I   0.45091 0.33398 0.11820 0.09691 ( 1)
  63 V   0.05109 0.73167 0.01336 0.20387 ( 2)
  64 Q   0.38943 0.39848 0.10179 0.11030 ( 2)
  65 P   0.74771 0.04452 0.19545 0.01232 ( 1)
  66 T   0.75283 0.03949 0.19676 0.01091 ( 1)
  67 H   0.76167 0.03052 0.19925 0.00856 ( 1)
  68 Y   0.75937 0.03240 0.19893 0.00930 ( 1)
  69 V   0.34332 0.44336 0.08978 0.12354 ( 2)
  70 R   0.75481 0.03739 0.19738 0.01042 ( 1)
  71 V   0.75818 0.03356 0.19862 0.00964 ( 1)
  72 T   0.38829 0.39977 0.10149 0.11045 ( 2)
  73 F   0.76446 0.02678 0.20075 0.00801 ( 1)
  74 S   0.02661 0.75892 0.00695 0.20752 ( 2)
  75 D   0.04674 0.73527 0.01223 0.20577 ( 2)
  76 P   0.75540 0.03691 0.19746 0.01022 ( 1)
  77 N   0.76091 0.03130 0.19903 0.00876 ( 1)
  78 M   0.29972 0.48183 0.07857 0.13988 ( 2)
  79 W   0.76353 0.02865 0.19977 0.00806 ( 1)
  80 Y   0.76400 0.02785 0.20015 0.00800 ( 1)
  81 L   0.34465 0.44417 0.09001 0.12117 ( 2)
  82 R   0.67308 0.11739 0.17620 0.03332 ( 1)
  83 S   0.74924 0.04308 0.19580 0.01188 ( 1)
  84 G   0.76067 0.03136 0.19910 0.00888 ( 1)
  85 H   0.77085 0.02110 0.20197 0.00608 ( 1)
  86 H   0.47958 0.30649 0.12566 0.08827 ( 1)
  87 L   0.74461 0.04732 0.19479 0.01328 ( 1)
  88 H   0.40376 0.38316 0.10562 0.10745 ( 1)
  89 S   0.74629 0.04616 0.19493 0.01262 ( 1)
  90 V   0.75482 0.03686 0.19774 0.01058 ( 1)
  91 H   0.76108 0.03110 0.19910 0.00872 ( 1)
  92 N   0.49789 0.28876 0.13043 0.08292 ( 1)
  93 W   0.76353 0.02865 0.19977 0.00806 ( 1)
  94 L   0.68807 0.10218 0.18029 0.02946 ( 1)
  95 K   0.75375 0.03849 0.19706 0.01069 ( 1)
  96 P   0.75559 0.03627 0.19782 0.01031 ( 1)
  97 Y   0.76400 0.02785 0.20015 0.00800 ( 1)
  98 G   0.75212 0.04014 0.19662 0.01112 ( 1)
  99 G   0.75202 0.04032 0.19653 0.01112 ( 1)
 100 Q   0.01776 0.76566 0.00464 0.21193 ( 2)
 101 P   0.76374 0.02824 0.19997 0.00804 ( 1)
 102 V   0.75415 0.03751 0.19756 0.01077 ( 1)
 103 S   0.03654 0.74044 0.00957 0.21344 ( 2)
 104 E   0.75404 0.03821 0.19714 0.01061 ( 1)
 105 Y   0.75804 0.03421 0.19822 0.00953 ( 1)
 106 H   0.77085 0.02110 0.20197 0.00608 ( 1)
 107 I   0.76483 0.02689 0.20049 0.00780 ( 1)
 108 T   0.75538 0.03650 0.19775 0.01036 ( 1)
 109 L   0.72207 0.07020 0.18858 0.01915 ( 1)
 110 A   0.76248 0.02953 0.19961 0.00838 ( 1)
 111 L   0.74262 0.04908 0.19439 0.01391 ( 1)
 112 L   0.72360 0.06869 0.18898 0.01874 ( 1)
 113 N   0.02799 0.74947 0.00733 0.21520 ( 2)
 114 L   0.75202 0.04010 0.19668 0.01120 ( 1)
 115 T   0.41480 0.37123 0.10859 0.10538 ( 1)
 116 D   0.49819 0.28847 0.13051 0.08283 ( 1)
 117 E   0.39052 0.39709 0.10210 0.11029 ( 2)
 118 D   0.47869 0.30759 0.12540 0.08832 ( 1)
 119 L   0.74461 0.04732 0.19479 0.01328 ( 1)
 120 A   0.75538 0.03651 0.19775 0.01036 ( 1)
 121 R   0.25382 0.53290 0.06633 0.14694 ( 2)
 122 D   0.77018 0.02180 0.20176 0.00626 ( 1)
 123 F   0.34691 0.43264 0.09110 0.12935 ( 2)
 124 S   0.74629 0.04616 0.19493 0.01262 ( 1)
 125 P   0.74935 0.04289 0.19588 0.01188 ( 1)
 126 I   0.76483 0.02689 0.20049 0.00780 ( 1)
 127 A   0.74545 0.04679 0.19483 0.01293 ( 1)
 128 L   0.38349 0.40349 0.10030 0.11273 ( 2)
 129 F   0.76237 0.02881 0.20020 0.00861 ( 1)
 130 L   0.68570 0.10503 0.17949 0.02978 ( 1)
 131 R   0.74641 0.04583 0.19509 0.01267 ( 1)
 132 N   0.77018 0.02180 0.20176 0.00626 ( 1)
 133 V   0.74820 0.04391 0.19565 0.01224 ( 1)
 134 R   0.67127 0.12017 0.17543 0.03313 ( 1)
 135 F   0.76446 0.02678 0.20075 0.00801 ( 1)
 136 E   0.75404 0.03821 0.19714 0.01061 ( 1)
 137 L   0.73403 0.05835 0.19170 0.01592 ( 1)
 138 H   0.07532 0.70260 0.01974 0.20234 ( 2)
 139 E   0.48875 0.30012 0.12778 0.08335 ( 1)
 140 F   0.76109 0.03059 0.19947 0.00885 ( 1)
 141 A   0.40671 0.38152 0.10630 0.10546 ( 1)
 142 L   0.72573 0.06568 0.18997 0.01862 ( 1)
 143 L   0.73443 0.05795 0.19181 0.01581 ( 1)
 144 R   0.75263 0.03968 0.19672 0.01097 ( 1)
 145 K   0.75375 0.03849 0.19706 0.01069 ( 1)
 146 T   0.75425 0.03762 0.19745 0.01068 ( 1)
 147 L   0.75772 0.03395 0.19855 0.00979 ( 1)
 148 V   0.46830 0.31777 0.12268 0.09125 ( 1)
 149 L   0.75368 0.03791 0.19749 0.01093 ( 1)
 150 N   0.49789 0.28876 0.13043 0.08292 ( 1)
 151 A   0.74545 0.04679 0.19483 0.01293 ( 1)
 152 S   0.72806 0.06421 0.19017 0.01756 ( 1)
 153 E   0.75404 0.03821 0.19714 0.01061 ( 1)
 154 I   0.75915 0.03293 0.19864 0.00927 ( 1)
 155 Y   0.05298 0.72981 0.01385 0.20336 ( 2)
 156 C   0.76685 0.02490 0.20102 0.00723 ( 1)
 157 A   0.44276 0.34375 0.11591 0.09758 ( 1)
 158 N   0.75995 0.03225 0.19878 0.00903 ( 1)
 159 I   0.39940 0.38666 0.10454 0.10940 ( 1)
 160 H   0.77085 0.02110 0.20197 0.00608 ( 1)
 161 R   0.47683 0.52295 0.00021 0.00001 ( 2)
 162 F   0.76446 0.02678 0.20075 0.00801 ( 1)
 163 K   0.35950 0.42772 0.09399 0.11879 ( 2)
 164 P   0.76374 0.02824 0.19997 0.00804 ( 1)
 165 V   0.36477 0.42226 0.09538 0.11759 ( 2)
 166 Y   0.02696 0.75047 0.00706 0.21550 ( 2)
 167 R   0.74344 0.04882 0.19428 0.01346 ( 1)
 168 V   0.75818 0.03356 0.19862 0.00964 ( 1)
 169 N   0.75995 0.03225 0.19878 0.00903 ( 1)
 170 T   0.47104 0.31799 0.12311 0.08785 ( 1)
 171 A   0.75283 0.03949 0.19676 0.01091 ( 1)
 172 I   0.36612 0.41986 0.09580 0.11822 ( 2)
 173 P   0.76374 0.02824 0.19997 0.00804 ( 1)
 174 T   0.04990 0.72986 0.01306 0.20718 ( 2)
 175 I   0.76483 0.02689 0.20049 0.00780 ( 1)
 176 K   0.75404 0.03821 0.19714 0.01061 ( 1)
 177 D   0.49819 0.28847 0.13051 0.08283 ( 1)
 178 W   0.76353 0.02865 0.19977 0.00806 ( 1)
 179 L   0.68807 0.10218 0.18029 0.02946 ( 1)
 180 L   0.37595 0.41092 0.09833 0.11480 ( 2)
 181 V   0.75818 0.03356 0.19862 0.00964 ( 1)
 182 Q   0.75149 0.04078 0.19643 0.01129 ( 1)
 183 G   0.74670 0.04579 0.19501 0.01250 ( 1)
 184 F   0.76237 0.02881 0.20020 0.00861 ( 1)
 185 S   0.42799 0.35961 0.11194 0.10047 ( 1)
 186 L   0.43009 0.35490 0.11270 0.10231 ( 1)
 187 Y   0.75180 0.04036 0.19659 0.01125 ( 1)
 188 H   0.47959 0.30648 0.12566 0.08826 ( 1)
 189 S   0.76233 0.02949 0.19971 0.00847 ( 1)
 190 G   0.03340 0.75075 0.00873 0.20712 ( 2)
 191 L   0.75214 0.03988 0.19678 0.01121 ( 1)
 192 P   0.76374 0.02824 0.19997 0.00804 ( 1)
 193 L   0.72667 0.06499 0.19010 0.01823 ( 1)
 194 H   0.76270 0.02909 0.19984 0.00838 ( 1)
 195 M   0.77571 0.01624 0.20334 0.00471 ( 1)
 196 S   0.74629 0.04616 0.19493 0.01262 ( 1)
 197 I   0.44216 0.34501 0.11569 0.09714 ( 1)
 198 S   0.75768 0.03399 0.19853 0.00980 ( 1)
 199 K   0.74815 0.04402 0.19560 0.01223 ( 1)
 200 L   0.73104 0.06046 0.19136 0.01714 ( 1)
 201 H   0.77085 0.02110 0.20197 0.00608 ( 1)
 202 A   0.75283 0.03949 0.19676 0.01091 ( 1)
 203 L   0.72035 0.07190 0.18813 0.01962 ( 1)
 204 D   0.77018 0.02180 0.20176 0.00626 ( 1)
 205 D   0.77018 0.02180 0.20176 0.00626 ( 1)
 206 V   0.05930 0.71877 0.01553 0.20640 ( 2)
 207 T   0.76248 0.02953 0.19961 0.00838 ( 1)
 208 R   0.43582 0.35276 0.11391 0.09751 ( 1)
 209 N   0.07062 0.70768 0.01850 0.20320 ( 2)
 210 Y   0.75804 0.03421 0.19822 0.00953 ( 1)
 211 I   0.44216 0.34501 0.11569 0.09714 ( 1)
 212 I   0.06809 0.70848 0.01785 0.20558 ( 2)
 213 T   0.24081 0.54554 0.06294 0.15072 ( 2)
 214 M   0.77571 0.01624 0.20334 0.00471 ( 1)
 215 P   0.41096 0.37688 0.10745 0.10472 ( 1)
 216 C   0.75835 0.03373 0.19843 0.00950 ( 1)
 217 F   0.76237 0.02881 0.20020 0.00861 ( 1)
 218 R   0.05378 0.94617 0.00002 0.00003 ( 2)
 219 T   0.01442 0.76473 0.00377 0.21708 ( 2)
 220 Y   0.76396 0.02796 0.20008 0.00800 ( 1)
 221 P   0.75673 0.03513 0.19814 0.01000 ( 1)
 222 Q   0.01402 0.76936 0.00366 0.21296 ( 2)
 223 Q   0.74543 0.04678 0.19485 0.01295 ( 1)
 224 M   0.77571 0.01624 0.20334 0.00471 ( 1)
 225 F   0.76446 0.02678 0.20075 0.00801 ( 1)
 226 V   0.75415 0.03751 0.19756 0.01077 ( 1)
 227 T   0.22608 0.55671 0.05918 0.15803 ( 2)
 228 P   0.76374 0.02824 0.19997 0.00804 ( 1)
 229 L   0.16019 0.62163 0.04193 0.17624 ( 2)
 230 A   0.75404 0.03829 0.19709 0.01058 ( 1)
 231 V   0.75235 0.03983 0.19673 0.01109 ( 1)
 232 D   0.49819 0.28847 0.13051 0.08283 ( 1)
 233 V   0.28769 0.49531 0.07535 0.14165 ( 2)
 234 V   0.75328 0.03890 0.19698 0.01084 ( 1)
 235 S   0.74772 0.04433 0.19556 0.01239 ( 1)
 236 I   0.75868 0.03332 0.19857 0.00943 ( 1)
 237 R   0.74687 0.04552 0.19512 0.01249 ( 1)
 238 S   0.01714 0.75945 0.00449 0.21892 ( 2)
 239 S   0.75269 0.03944 0.19686 0.01102 ( 1)
 240 N   0.04531 0.73249 0.01187 0.21033 ( 2)
 241 Q   0.00359 0.77967 0.00094 0.21581 ( 2)
 242 G   0.35654 0.42877 0.09332 0.12137 ( 2)
 243 N   0.04112 0.73660 0.01077 0.21151 ( 2)
 244 K   0.19755 0.58760 0.05165 0.16320 ( 2)
 245 Q   0.01142 0.77193 0.00298 0.21367 ( 2)
 246 I   0.75843 0.03314 0.19881 0.00962 ( 1)
 247 V   0.75818 0.03356 0.19862 0.00964 ( 1)
 248 H   0.77085 0.02110 0.20197 0.00608 ( 1)
 249 S   0.74948 0.04202 0.19639 0.01211 ( 1)
 250 Y   0.00320 0.77613 0.00084 0.21983 ( 2)
 251 P   0.74935 0.04289 0.19588 0.01188 ( 1)
 252 I   0.75843 0.03314 0.19881 0.00962 ( 1)
 253 L   0.74461 0.04732 0.19479 0.01328 ( 1)
 254 H   0.77085 0.02110 0.20197 0.00608 ( 1)
 255 H   0.02127 0.75557 0.00557 0.21759 ( 2)
 256 P   0.74721 0.04501 0.19532 0.01246 ( 1)
 257 G   0.72998 0.06235 0.19065 0.01701 ( 1)
 258 F   0.76446 0.02678 0.20075 0.00801 ( 1)


lnL = -1855.189582

Bayes Empirical Bayes (BEB) probabilities for 4 classes (class)
(amino acids refer to 1st sequence: KY581700.1)

   1 -   0.69283 0.25457 0.03825 0.01436 ( 1)
   2 -   0.69283 0.25457 0.03825 0.01436 ( 1)
   3 -   0.69283 0.25457 0.03825 0.01436 ( 1)
   4 -   0.69283 0.25457 0.03825 0.01436 ( 1)
   5 -   0.69283 0.25457 0.03825 0.01436 ( 1)
   6 -   0.69283 0.25457 0.03825 0.01436 ( 1)
   7 -   0.69283 0.25457 0.03825 0.01436 ( 1)
   8 -   0.69283 0.25457 0.03825 0.01436 ( 1)
   9 -   0.69283 0.25457 0.03825 0.01436 ( 1)
  10 -   0.69283 0.25457 0.03825 0.01436 ( 1)
  11 -   0.69283 0.25457 0.03825 0.01436 ( 1)
  12 -   0.69283 0.25457 0.03825 0.01436 ( 1)
  13 M   0.93936 0.01993 0.03975 0.00096 ( 1)
  14 E   0.90760 0.04730 0.04268 0.00242 ( 1)
  15 E   0.90725 0.04765 0.04266 0.00244 ( 1)
  16 S   0.38620 0.56775 0.01763 0.02842 ( 2)
  17 L   0.35302 0.59881 0.01710 0.03107 ( 2)
  18 M   0.10106 0.85378 0.00430 0.04086 ( 2)
  19 D   0.93142 0.02683 0.04044 0.00131 ( 1)
  20 V   0.91684 0.04134 0.03981 0.00202 ( 1)
  21 P   0.40563 0.54764 0.01894 0.02779 ( 2)
  22 S   0.91243 0.04609 0.03925 0.00223 ( 1)
  23 T   0.89757 0.05681 0.04270 0.00292 ( 1)
  24 S   0.40028 0.55370 0.01829 0.02773 ( 2)
  25 G   0.36806 0.58479 0.01733 0.02982 ( 2)
  26 T   0.92068 0.03644 0.04108 0.00181 ( 1)
  27 Q   0.37374 0.57941 0.01745 0.02940 ( 2)
  28 V   0.47329 0.48313 0.02027 0.02330 ( 2)
  29 Y   0.47796 0.47849 0.02048 0.02308 ( 2)
  30 S   0.90137 0.05297 0.04294 0.00273 ( 1)
  31 R   0.88982 0.06453 0.04232 0.00332 ( 1)
  32 K   0.29517 0.65805 0.01364 0.03315 ( 2)
  33 A   0.02549 0.92662 0.00118 0.04671 ( 2)
  34 R   0.87372 0.08142 0.04072 0.00414 ( 1)
  35 K   0.47182 0.48187 0.02191 0.02439 ( 2)
  36 R   0.89584 0.05936 0.04178 0.00302 ( 1)
  37 S   0.41431 0.54057 0.01844 0.02668 ( 2)
  38 H   0.93258 0.02595 0.04021 0.00126 ( 1)
  39 S   0.91667 0.04186 0.03944 0.00203 ( 1)
  40 P   0.89831 0.05622 0.04259 0.00289 ( 1)
  41 T   0.49624 0.45936 0.02186 0.02253 ( 1)
  42 K   0.39385 0.55964 0.01825 0.02827 ( 2)
  43 K   0.54752 0.40638 0.02549 0.02061 ( 1)
  44 L   0.88815 0.06479 0.04366 0.00340 ( 1)
  45 R   0.89763 0.05675 0.04270 0.00292 ( 1)
  46 Y   0.91311 0.04213 0.04261 0.00214 ( 1)
  47 V   0.91684 0.04134 0.03981 0.00202 ( 1)
  48 K   0.90760 0.04730 0.04268 0.00242 ( 1)
  49 R   0.91954 0.03757 0.04103 0.00186 ( 1)
  50 R   0.89518 0.05894 0.04284 0.00304 ( 1)
  51 F   0.92901 0.03271 0.03677 0.00151 ( 1)
  52 S   0.91667 0.04186 0.03944 0.00203 ( 1)
  53 L   0.00454 0.88623 0.00880 0.10043 ( 2)
  54 L   0.86797 0.08492 0.04265 0.00446 ( 1)
  55 R   0.89763 0.05675 0.04270 0.00292 ( 1)
  56 P   0.92256 0.03483 0.04089 0.00172 ( 1)
  57 E   0.90725 0.04765 0.04266 0.00244 ( 1)
  58 D   0.91716 0.03856 0.04234 0.00195 ( 1)
  59 L   0.48041 0.47634 0.02039 0.02285 ( 1)
  60 S   0.93176 0.02649 0.04046 0.00129 ( 1)
  61 V   0.31033 0.64546 0.01322 0.03098 ( 2)
  62 I   0.50662 0.45075 0.02119 0.02144 ( 1)
  63 V   0.04540 0.90736 0.00206 0.04517 ( 2)
  64 Q   0.42680 0.52649 0.01996 0.02675 ( 2)
  65 P   0.89945 0.05508 0.04264 0.00283 ( 1)
  66 T   0.90559 0.04875 0.04315 0.00251 ( 1)
  67 H   0.91835 0.03757 0.04218 0.00189 ( 1)
  68 Y   0.91815 0.04004 0.03986 0.00195 ( 1)
  69 V   0.37290 0.58078 0.01713 0.02918 ( 2)
  70 R   0.90897 0.04627 0.04241 0.00235 ( 1)
  71 V   0.91684 0.04134 0.03981 0.00202 ( 1)
  72 T   0.42598 0.52713 0.02002 0.02686 ( 2)
  73 F   0.92901 0.03271 0.03677 0.00151 ( 1)
  74 S   0.02329 0.92805 0.00111 0.04755 ( 2)
  75 D   0.04148 0.91159 0.00186 0.04506 ( 2)
  76 P   0.90908 0.04554 0.04305 0.00234 ( 1)
  77 N   0.91716 0.03855 0.04234 0.00195 ( 1)
  78 M   0.32361 0.63304 0.01343 0.02992 ( 2)
  79 W   0.92082 0.03539 0.04201 0.00178 ( 1)
  80 Y   0.92392 0.03429 0.04012 0.00167 ( 1)
  81 L   0.37297 0.57890 0.01808 0.03005 ( 2)
  82 R   0.81159 0.14513 0.03610 0.00717 ( 1)
  83 S   0.90108 0.05305 0.04313 0.00274 ( 1)
  84 G   0.91812 0.03871 0.04124 0.00193 ( 1)
  85 H   0.93258 0.02595 0.04021 0.00126 ( 1)
  86 H   0.54132 0.41562 0.02307 0.01999 ( 1)
  87 L   0.89742 0.05847 0.04117 0.00295 ( 1)
  88 H   0.44532 0.50913 0.02018 0.02538 ( 2)
  89 S   0.89636 0.05684 0.04382 0.00298 ( 1)
  90 V   0.91260 0.04556 0.03962 0.00222 ( 1)
  91 H   0.91749 0.03843 0.04214 0.00194 ( 1)
  92 N   0.56361 0.39319 0.02420 0.01900 ( 1)
  93 W   0.92082 0.03539 0.04201 0.00178 ( 1)
  94 L   0.83174 0.12645 0.03570 0.00612 ( 1)
  95 K   0.90725 0.04765 0.04266 0.00244 ( 1)
  96 P   0.91234 0.04490 0.04054 0.00222 ( 1)
  97 Y   0.92392 0.03429 0.04012 0.00167 ( 1)
  98 G   0.90509 0.04959 0.04278 0.00254 ( 1)
  99 G   0.90440 0.04979 0.04324 0.00257 ( 1)
 100 Q   0.01545 0.93677 0.00071 0.04706 ( 2)
 101 P   0.92256 0.03483 0.04089 0.00172 ( 1)
 102 V   0.91178 0.04637 0.03958 0.00226 ( 1)
 103 S   0.03256 0.92241 0.00136 0.04367 ( 2)
 104 E   0.90760 0.04730 0.04268 0.00242 ( 1)
 105 Y   0.91311 0.04213 0.04261 0.00214 ( 1)
 106 H   0.93258 0.02595 0.04021 0.00126 ( 1)
 107 I   0.92613 0.03304 0.03924 0.00159 ( 1)
 108 T   0.91189 0.04519 0.04068 0.00224 ( 1)
 109 L   0.86638 0.08651 0.04257 0.00454 ( 1)
 110 A   0.92068 0.03644 0.04108 0.00181 ( 1)
 111 L   0.89627 0.06063 0.04009 0.00301 ( 1)
 112 L   0.86797 0.08492 0.04265 0.00446 ( 1)
 113 N   0.02487 0.92985 0.00105 0.04423 ( 2)
 114 L   0.90611 0.04939 0.04200 0.00250 ( 1)
 115 T   0.46066 0.49482 0.02027 0.02425 ( 2)
 116 D   0.56392 0.39288 0.02422 0.01899 ( 1)
 117 E   0.42841 0.52516 0.01987 0.02655 ( 2)
 118 D   0.53990 0.41680 0.02317 0.02013 ( 1)
 119 L   0.89742 0.05847 0.04117 0.00295 ( 1)
 120 A   0.91189 0.04520 0.04068 0.00224 ( 1)
 121 R   0.26877 0.68379 0.01263 0.03480 ( 2)
 122 D   0.93142 0.02683 0.04044 0.00131 ( 1)
 123 F   0.38336 0.57553 0.01490 0.02621 ( 2)
 124 S   0.89636 0.05684 0.04382 0.00298 ( 1)
 125 P   0.90151 0.05308 0.04268 0.00272 ( 1)
 126 I   0.92613 0.03304 0.03924 0.00159 ( 1)
 127 A   0.89639 0.05793 0.04270 0.00298 ( 1)
 128 L   0.42095 0.53310 0.01924 0.02671 ( 2)
 129 F   0.92639 0.03532 0.03666 0.00163 ( 1)
 130 L   0.82697 0.12969 0.03692 0.00643 ( 1)
 131 R   0.89763 0.05675 0.04270 0.00292 ( 1)
 132 N   0.93143 0.02683 0.04044 0.00131 ( 1)
 133 V   0.90095 0.05425 0.04203 0.00276 ( 1)
 134 R   0.80567 0.14822 0.03847 0.00764 ( 1)
 135 F   0.92901 0.03271 0.03677 0.00151 ( 1)
 136 E   0.90760 0.04730 0.04268 0.00242 ( 1)
 137 L   0.88092 0.07200 0.04330 0.00378 ( 1)
 138 H   0.06833 0.88675 0.00287 0.04206 ( 2)
 139 E   0.54859 0.40532 0.02554 0.02055 ( 1)
 140 F   0.92148 0.03739 0.03933 0.00180 ( 1)
 141 A   0.44777 0.50544 0.02103 0.02575 ( 2)
 142 L   0.87549 0.08134 0.03914 0.00403 ( 1)
 143 L   0.88141 0.07151 0.04332 0.00375 ( 1)
 144 R   0.90541 0.04899 0.04308 0.00252 ( 1)
 145 K   0.90725 0.04765 0.04266 0.00244 ( 1)
 146 T   0.91049 0.04659 0.04061 0.00231 ( 1)
 147 L   0.91673 0.04180 0.03944 0.00203 ( 1)
 148 V   0.52727 0.42936 0.02262 0.02074 ( 1)
 149 L   0.91165 0.04686 0.03922 0.00227 ( 1)
 150 N   0.56361 0.39319 0.02420 0.01900 ( 1)
 151 A   0.89639 0.05793 0.04270 0.00298 ( 1)
 152 S   0.87366 0.07949 0.04269 0.00416 ( 1)
 153 E   0.90760 0.04730 0.04268 0.00242 ( 1)
 154 I   0.91582 0.04049 0.04167 0.00203 ( 1)
 155 Y   0.04713 0.90564 0.00214 0.04509 ( 2)
 156 C   0.92859 0.03059 0.03935 0.00147 ( 1)
 157 A   0.49432 0.46128 0.02178 0.02262 ( 1)
 158 N   0.91584 0.03986 0.04228 0.00202 ( 1)
 159 I   0.44117 0.51398 0.01956 0.02529 ( 2)
 160 H   0.93258 0.02595 0.04021 0.00126 ( 1)
 161 R   0.21834 0.28911 0.45981 0.03273 ( 3)
 162 F   0.92901 0.03271 0.03677 0.00151 ( 1)
 163 K   0.39195 0.56153 0.01816 0.02836 ( 2)
 164 P   0.92256 0.03483 0.04089 0.00172 ( 1)
 165 V   0.39825 0.55546 0.01834 0.02795 ( 2)
 166 Y   0.02392 0.93078 0.00101 0.04429 ( 2)
 167 R   0.89372 0.06039 0.04277 0.00312 ( 1)
 168 V   0.91684 0.04134 0.03981 0.00202 ( 1)
 169 N   0.91584 0.03986 0.04228 0.00202 ( 1)
 170 T   0.52640 0.42697 0.02482 0.02182 ( 1)
 171 A   0.90559 0.04875 0.04315 0.00251 ( 1)
 172 I   0.40077 0.55386 0.01796 0.02742 ( 2)
 173 P   0.92256 0.03483 0.04089 0.00172 ( 1)
 174 T   0.04452 0.90952 0.00193 0.04403 ( 2)
 175 I   0.92613 0.03304 0.03924 0.00159 ( 1)
 176 K   0.90760 0.04730 0.04268 0.00242 ( 1)
 177 D   0.56392 0.39288 0.02422 0.01899 ( 1)
 178 W   0.92082 0.03539 0.04201 0.00178 ( 1)
 179 L   0.83174 0.12645 0.03570 0.00612 ( 1)
 180 L   0.41234 0.54168 0.01884 0.02714 ( 2)
 181 V   0.91684 0.04134 0.03981 0.00202 ( 1)
 182 Q   0.90403 0.05051 0.04286 0.00259 ( 1)
 183 G   0.89645 0.05654 0.04404 0.00297 ( 1)
 184 F   0.92639 0.03532 0.03666 0.00163 ( 1)
 185 S   0.47495 0.47925 0.02175 0.02405 ( 2)
 186 L   0.48041 0.47634 0.02039 0.02285 ( 1)
 187 Y   0.90533 0.04989 0.04224 0.00254 ( 1)
 188 H   0.54133 0.41561 0.02307 0.01999 ( 1)
 189 S   0.92179 0.03642 0.04001 0.00178 ( 1)
 190 G   0.02935 0.92266 0.00137 0.04661 ( 2)
 191 L   0.90690 0.04915 0.04147 0.00247 ( 1)
 192 P   0.92256 0.03483 0.04089 0.00172 ( 1)
 193 L   0.87535 0.08047 0.04013 0.00405 ( 1)
 194 H   0.92258 0.03591 0.03977 0.00174 ( 1)
 195 M   0.93936 0.01993 0.03975 0.00096 ( 1)
 196 S   0.89636 0.05684 0.04382 0.00298 ( 1)
 197 I   0.49294 0.46199 0.02215 0.02293 ( 1)
 198 S   0.91667 0.04186 0.03944 0.00203 ( 1)
 199 K   0.90040 0.05449 0.04233 0.00278 ( 1)
 200 L   0.88199 0.07486 0.03944 0.00371 ( 1)
 201 H   0.93258 0.02595 0.04021 0.00126 ( 1)
 202 A   0.90559 0.04875 0.04315 0.00251 ( 1)
 203 L   0.86425 0.08863 0.04246 0.00465 ( 1)
 204 D   0.93142 0.02683 0.04044 0.00131 ( 1)
 205 D   0.93142 0.02683 0.04044 0.00131 ( 1)
 206 V   0.05334 0.90147 0.00225 0.04294 ( 2)
 207 T   0.92068 0.03644 0.04108 0.00181 ( 1)
 208 R   0.48343 0.46988 0.02273 0.02396 ( 1)
 209 N   0.06374 0.89112 0.00269 0.04244 ( 2)
 210 Y   0.91311 0.04213 0.04261 0.00214 ( 1)
 211 I   0.49294 0.46199 0.02215 0.02293 ( 1)
 212 I   0.06162 0.89389 0.00254 0.04196 ( 2)
 213 T   0.25455 0.69813 0.01190 0.03542 ( 2)
 214 M   0.93936 0.01993 0.03975 0.00096 ( 1)
 215 P   0.45363 0.50005 0.02104 0.02528 ( 2)
 216 C   0.91468 0.04162 0.04161 0.00209 ( 1)
 217 F   0.92639 0.03532 0.03666 0.00163 ( 1)
 218 R   0.03220 0.79444 0.07421 0.09914 ( 2)
 219 T   0.01259 0.94133 0.00055 0.04553 ( 2)
 220 Y   0.92342 0.03440 0.04049 0.00169 ( 1)
 221 P   0.91388 0.04348 0.04049 0.00215 ( 1)
 222 Q   0.01218 0.94004 0.00056 0.04722 ( 2)
 223 Q   0.89660 0.05792 0.04250 0.00297 ( 1)
 224 M   0.93936 0.01993 0.03975 0.00096 ( 1)
 225 F   0.92901 0.03271 0.03677 0.00151 ( 1)
 226 V   0.91178 0.04637 0.03958 0.00226 ( 1)
 227 T   0.23899 0.71572 0.01044 0.03485 ( 2)
 228 P   0.92256 0.03483 0.04089 0.00172 ( 1)
 229 L   0.16252 0.79183 0.00711 0.03855 ( 2)
 230 A   0.90715 0.04726 0.04316 0.00243 ( 1)
 231 V   0.90609 0.04907 0.04234 0.00250 ( 1)
 232 D   0.56392 0.39288 0.02422 0.01899 ( 1)
 233 V   0.30942 0.64607 0.01331 0.03119 ( 2)
 234 V   0.90730 0.04793 0.04234 0.00244 ( 1)
 235 S   0.90070 0.05478 0.04175 0.00278 ( 1)
 236 I   0.91567 0.04110 0.04118 0.00205 ( 1)
 237 R   0.89737 0.05619 0.04352 0.00293 ( 1)
 238 S   0.01504 0.93987 0.00063 0.04447 ( 2)
 239 S   0.90692 0.04858 0.04204 0.00246 ( 1)
 240 N   0.04046 0.91432 0.00171 0.04351 ( 2)
 241 Q   0.00280 0.94939 0.00013 0.04768 ( 2)
 242 G   0.39005 0.56496 0.01724 0.02774 ( 2)
 243 N   0.03668 0.91808 0.00155 0.04369 ( 2)
 244 K   0.20732 0.74566 0.00955 0.03747 ( 2)
 245 Q   0.00980 0.94242 0.00045 0.04734 ( 2)
 246 I   0.91828 0.04086 0.03890 0.00196 ( 1)
 247 V   0.91684 0.04134 0.03981 0.00202 ( 1)
 248 H   0.93258 0.02595 0.04021 0.00126 ( 1)
 249 S   0.90642 0.05206 0.03899 0.00252 ( 1)
 250 Y   0.00252 0.95121 0.00011 0.04615 ( 2)
 251 P   0.90151 0.05308 0.04268 0.00272 ( 1)
 252 I   0.91828 0.04086 0.03890 0.00196 ( 1)
 253 L   0.89742 0.05847 0.04117 0.00295 ( 1)
 254 H   0.93258 0.02595 0.04021 0.00126 ( 1)
 255 H   0.01878 0.93610 0.00079 0.04433 ( 2)
 256 P   0.89881 0.05572 0.04261 0.00286 ( 1)
 257 G   0.87566 0.07729 0.04300 0.00406 ( 1)
 258 F   0.92901 0.03271 0.03677 0.00151 ( 1)

