

TREE # 1

  0  0.0000   2161.685625  x:  0.37957   0.00000   0.05367   0.03987   0.05260   0.01758   0.00785   0.01245   0.04707   0.04153   0.04364   0.02468   0.03852   0.00924   0.04793   0.01851   0.04714   0.02425   0.03271   0.02800   0.01639   0.01582   0.01678   0.00674   0.01388   0.02296   0.03234   0.02386   0.02565   0.01913   0.04850   0.05181   0.03806   0.04984   0.04287   0.01531   0.05176   0.04002   0.05051   0.04666   0.00950   0.03313   0.03248   0.00574   0.02039   0.04105   0.00843   0.41534   1.00508   1.71991   1.28534   0.95238   1.12341   0.07646   0.23020   2.43201  
  1 99.0000   2161.679183  x:  0.37958   0.00000   0.05367   0.03987   0.05260   0.01758   0.00785   0.01245   0.04707   0.04153   0.04364   0.02468   0.03852   0.00924   0.04793   0.01851   0.04714   0.02425   0.03271   0.02800   0.01639   0.01582   0.01678   0.00674   0.01388   0.02296   0.03234   0.02386   0.02565   0.01912   0.04850   0.05181   0.03805   0.04984   0.04287   0.01531   0.05176   0.04002   0.05051   0.04666   0.00950   0.03313   0.03248   0.00574   0.02039   0.04105   0.00843   0.41534   1.00508   1.71991   1.28534   0.95238   1.12341   0.07646   0.23020   2.43201  
  2 1252.6363   2145.432598  x:  0.38261   0.00000   0.05233   0.03870   0.05002   0.01528   0.00544   0.01004   0.04468   0.03913   0.04124   0.02227   0.03686   0.00771   0.04553   0.01622   0.04474   0.02184   0.03095   0.02647   0.01222   0.01428   0.01525   0.00000   0.01145   0.02054   0.02993   0.02144   0.02324   0.01671   0.04609   0.04940   0.03565   0.04741   0.04033   0.01377   0.05022   0.03765   0.04817   0.04421   0.01010   0.03170   0.02946   0.00332   0.01885   0.03952   0.00689   0.41838   1.00514   1.72086   1.28493   0.95220   1.12333   0.07665   0.22536   2.43221  
  3 4970.5579   2119.768176  x:  0.38959   0.00000   0.05106   0.03676   0.04528   0.01207   0.00212   0.00671   0.04138   0.03584   0.03793   0.01896   0.03487   0.00672   0.04225   0.01312   0.04146   0.01850   0.02852   0.02549   0.00191   0.01330   0.01428   0.00007   0.00814   0.01723   0.02660   0.01810   0.01991   0.01338   0.04276   0.04607   0.03233   0.04311   0.03551   0.01278   0.04922   0.03445   0.04501   0.04025   0.01203   0.02906   0.02360   0.00000   0.01786   0.03851   0.00591   0.42535   1.00508   1.72407   1.28412   0.95011   1.12295   0.07732   0.21203   2.43283  
  4 3846.0264   2104.275032  x:  0.39478   0.00000   0.05042   0.03552   0.04197   0.01004   0.00000   0.00459   0.03928   0.03373   0.03582   0.01684   0.03373   0.00644   0.04016   0.01116   0.03937   0.01642   0.02701   0.02521   0.00239   0.01303   0.01401   0.00010   0.00601   0.01511   0.02447   0.01597   0.01778   0.01125   0.04063   0.04393   0.03021   0.04014   0.03216   0.01249   0.04892   0.03238   0.04300   0.03756   0.01289   0.02733   0.01949   0.00000   0.01756   0.03821   0.00563   0.43054   1.00498   1.72664   1.28352   0.94830   1.12263   0.07786   0.20170   2.43332  
  5 5128.4126   2078.757347  x:  0.40413   0.00000   0.04965   0.03577   0.03684   0.00702   0.00000   0.00000   0.03476   0.02921   0.03127   0.01227   0.03233   0.00669   0.03564   0.00770   0.03411   0.01189   0.02544   0.02546   0.00203   0.01330   0.01430   0.00014   0.00110   0.01051   0.01987   0.01135   0.01319   0.00666   0.03605   0.03932   0.02563   0.03564   0.02897   0.01274   0.04913   0.02704   0.03864   0.03271   0.00236   0.02849   0.01588   0.00000   0.01779   0.03843   0.00589   0.43989   1.00449   1.73184   1.28183   0.94561   1.12186   0.07912   0.18176   2.43450  
  6 4239.0125   2074.534802  x:  0.40551   0.00000   0.04959   0.03644   0.03629   0.00667   0.00000   0.00000   0.03382   0.02827   0.03033   0.01131   0.03226   0.00688   0.03470   0.00713   0.03285   0.01093   0.02549   0.02564   0.00205   0.01349   0.01449   0.00016   0.00000   0.00954   0.01891   0.01038   0.01223   0.00570   0.03510   0.03836   0.02468   0.03516   0.02924   0.01294   0.04932   0.02572   0.03774   0.03197   0.00236   0.02973   0.01637   0.00000   0.01798   0.03861   0.00608   0.44127   1.00434   1.73274   1.28141   0.94542   1.12170   0.07938   0.17849   2.43475  
  7 3130.8316   2051.503623  x:  0.41279   0.00000   0.04967   0.03949   0.03386   0.00380   0.00000   0.00000   0.02823   0.02268   0.02474   0.00567   0.03243   0.00854   0.02913   0.00288   0.02509   0.00518   0.02621   0.02730   0.00212   0.01518   0.01621   0.00023   0.00000   0.00330   0.01322   0.00466   0.00654   0.00000   0.02944   0.03268   0.01904   0.03267   0.03095   0.01464   0.05095   0.01721   0.03232   0.02808   0.00231   0.03454   0.01889   0.00000   0.01962   0.04024   0.00775   0.44855   1.00332   1.73779   1.27885   0.94470   1.12075   0.08088   0.16052   2.43631  
  8 48179.5833   2040.021554  x:  0.41708   0.00000   0.04954   0.04102   0.03260   0.00414   0.00000   0.00000   0.02535   0.01979   0.02183   0.00274   0.03246   0.00913   0.02625   0.00215   0.02108   0.00226   0.02680   0.02789   0.00218   0.01576   0.01681   0.00028   0.00000   0.00000   0.01025   0.00168   0.00358   0.00000   0.02649   0.02971   0.01610   0.03111   0.03339   0.01526   0.05153   0.01137   0.02952   0.02581   0.00225   0.03504   0.02102   0.00000   0.02019   0.04082   0.00834   0.45283   1.00274   1.74070   1.27738   0.94426   1.12022   0.08176   0.15046   2.43709  
  9 11962.8651   2034.445668  x:  0.41893   0.00000   0.04954   0.04152   0.03205   0.00508   0.00000   0.00000   0.02373   0.01817   0.02021   0.00109   0.03261   0.00949   0.02464   0.00274   0.01905   0.00061   0.02715   0.02826   0.00220   0.01612   0.01717   0.00029   0.00000   0.00000   0.00859   0.00000   0.00192   0.00000   0.02484   0.02805   0.01445   0.03083   0.03379   0.01564   0.05189   0.00782   0.02789   0.02501   0.00223   0.03575   0.02104   0.00000   0.02056   0.04118   0.00872   0.45469   1.00239   1.74218   1.27655   0.94422   1.11990   0.08227   0.14585   2.43751  
 10 7524.4617   2032.031436  x:  0.41996   0.00000   0.04948   0.04165   0.03212   0.00518   0.00000   0.00000   0.02311   0.01755   0.01958   0.00045   0.03272   0.00956   0.02402   0.00266   0.01804   0.00000   0.02747   0.02833   0.00221   0.01618   0.01724   0.00030   0.00000   0.00000   0.00794   0.00000   0.00127   0.00000   0.02419   0.02740   0.01381   0.03107   0.03414   0.01572   0.05196   0.00571   0.02728   0.02477   0.00223   0.03630   0.02079   0.00000   0.02062   0.04125   0.00879   0.45571   1.00220   1.74298   1.27611   0.94417   1.11973   0.08256   0.14354   2.43767  
 11 6957.0471   2030.159463  x:  0.42066   0.00000   0.04950   0.04189   0.03191   0.00501   0.00000   0.00000   0.02267   0.01712   0.01913   0.00000   0.03279   0.00959   0.02357   0.00248   0.01722   0.00000   0.02759   0.02837   0.00221   0.01620   0.01726   0.00030   0.00000   0.00000   0.00747   0.00000   0.00080   0.00000   0.02373   0.02693   0.01335   0.03089   0.03407   0.01576   0.05199   0.00390   0.02685   0.02462   0.00222   0.03661   0.02104   0.00000   0.02065   0.04128   0.00882   0.45641   1.00202   1.74365   1.27576   0.94413   1.11955   0.08284   0.14201   2.43778  
 12 4416.9966   2027.109185  x:  0.42185   0.00000   0.04951   0.04229   0.03156   0.00472   0.00000   0.00000   0.02193   0.01637   0.01836   0.00000   0.03292   0.00965   0.02281   0.00214   0.01581   0.00000   0.02778   0.02844   0.00221   0.01622   0.01729   0.00032   0.00000   0.00000   0.00667   0.00000   0.00000   0.00000   0.02294   0.02613   0.01256   0.03059   0.03396   0.01582   0.05205   0.00082   0.02609   0.02434   0.00220   0.03713   0.02144   0.00000   0.02071   0.04134   0.00888   0.45760   1.00173   1.74478   1.27515   0.94406   1.11925   0.08332   0.13939   2.43798  
 13 4631592.1726   2026.304928  x:  0.42216   0.00000   0.04951   0.04240   0.03147   0.00464   0.00000   0.00000   0.02171   0.01615   0.01814   0.00000   0.03295   0.00966   0.02258   0.00206   0.01542   0.00000   0.02783   0.02845   0.00221   0.01623   0.01730   0.00032   0.00000   0.00000   0.00644   0.00000   0.00000   0.00000   0.02271   0.02590   0.01233   0.03052   0.03393   0.01583   0.05206   0.00000   0.02587   0.02426   0.00220   0.03726   0.02155   0.00000   0.02072   0.04135   0.00889   0.45792   1.00165   1.74508   1.27499   0.94404   1.11917   0.08345   0.13873   2.43803  
 14 16565.2990   2009.284881  x:  0.42942   0.00000   0.04990   0.04322   0.03121   0.00400   0.00000   0.00000   0.01580   0.01026   0.01208   0.00000   0.03674   0.00883   0.01651   0.00067   0.00200   0.00000   0.03302   0.02769   0.00228   0.01517   0.01628   0.00035   0.00000   0.00000   0.00000   0.00000   0.00000   0.00000   0.01636   0.01946   0.00599   0.03069   0.03201   0.01507   0.05125   0.00000   0.01996   0.02652   0.00207   0.03729   0.02557   0.00000   0.01988   0.04055   0.00808   0.46517   0.99883   1.75351   1.26885   0.94649   1.11703   0.08733   0.12275   2.43921  
 15 1126.6549   2007.147948  x:  0.43031   0.00000   0.05002   0.04349   0.03097   0.00406   0.00000   0.00000   0.01503   0.00949   0.01129   0.00000   0.03715   0.00880   0.01572   0.00044   0.00000   0.00000   0.03341   0.02767   0.00228   0.01510   0.01623   0.00036   0.00000   0.00000   0.00000   0.00000   0.00000   0.00000   0.01552   0.01861   0.00515   0.03032   0.03203   0.01505   0.05123   0.00000   0.01933   0.02627   0.00206   0.03746   0.02565   0.00000   0.01986   0.04053   0.00806   0.46606   0.99839   1.75474   1.26799   0.94675   1.11671   0.08792   0.12093   2.43937  
 16 4679.2624   2001.382522  x:  0.43283   0.00000   0.04998   0.04384   0.03040   0.00382   0.00000   0.00000   0.01225   0.00671   0.00846   0.00000   0.03757   0.00875   0.01289   0.00000   0.00000   0.00000   0.03403   0.02764   0.00230   0.01493   0.01608   0.00038   0.00000   0.00000   0.00000   0.00000   0.00000   0.00000   0.01254   0.01560   0.00219   0.03053   0.03150   0.01505   0.05120   0.00000   0.01729   0.02530   0.00202   0.03780   0.02678   0.00000   0.01981   0.04050   0.00802   0.46858   0.99706   1.75834   1.26567   0.94726   1.11572   0.08969   0.11559   2.43992  
 17 4138.0836   1997.127833  x:  0.43461   0.00000   0.04995   0.04416   0.03017   0.00317   0.00000   0.00000   0.01020   0.00466   0.00638   0.00000   0.03795   0.00869   0.01081   0.00000   0.00000   0.00000   0.03464   0.02759   0.00231   0.01477   0.01594   0.00039   0.00000   0.00000   0.00000   0.00000   0.00000   0.00000   0.01036   0.01338   0.00000   0.03023   0.03140   0.01501   0.05114   0.00000   0.01576   0.02490   0.00199   0.03810   0.02734   0.00000   0.01975   0.04045   0.00797   0.47035   0.99611   1.76087   1.26406   0.94764   1.11501   0.09096   0.11187   2.44031  
 18 30015.4786   1988.511881  x:  0.43843   0.00000   0.04996   0.04486   0.02928   0.00161   0.00000   0.00000   0.00554   0.00000   0.00166   0.00000   0.03895   0.00851   0.00608   0.00000   0.00000   0.00000   0.03611   0.02745   0.00233   0.01440   0.01560   0.00040   0.00000   0.00000   0.00000   0.00000   0.00000   0.00000   0.00540   0.00836   0.00000   0.02992   0.03112   0.01490   0.05099   0.00000   0.01226   0.02370   0.00193   0.03872   0.02855   0.00000   0.01958   0.04031   0.00782   0.47417   0.99403   1.76639   1.26049   0.94862   1.11344   0.09374   0.10371   2.44118  
 19 57910.9425   1985.863582  x:  0.43966   0.00000   0.04986   0.04498   0.02940   0.00125   0.00000   0.00000   0.00390   0.00000   0.00000   0.00000   0.03910   0.00844   0.00441   0.00000   0.00000   0.00000   0.03641   0.02739   0.00233   0.01427   0.01548   0.00041   0.00000   0.00000   0.00000   0.00000   0.00000   0.00000   0.00367   0.00661   0.00000   0.02965   0.03094   0.01485   0.05093   0.00000   0.01094   0.02337   0.00191   0.03893   0.02897   0.00000   0.01951   0.04025   0.00775   0.47540   0.99338   1.76812   1.25938   0.94889   1.11293   0.09461   0.10139   2.44148  
 20 5221.2868   1980.999927  x:  0.44201   0.00000   0.04972   0.04536   0.02856   0.00027   0.00000   0.00000   0.00043   0.00000   0.00000   0.00000   0.03949   0.00826   0.00088   0.00000   0.00000   0.00000   0.03722   0.02723   0.00235   0.01397   0.01521   0.00042   0.00000   0.00000   0.00000   0.00000   0.00000   0.00000   0.00000   0.00290   0.00000   0.02955   0.03092   0.01472   0.05077   0.00000   0.00807   0.02292   0.00188   0.03927   0.02968   0.00000   0.01933   0.04009   0.00759   0.47774   0.99208   1.77156   1.25715   0.94953   1.11192   0.09635   0.09673   2.44209  
 21 13735.1661   1980.475495  x:  0.44224   0.00000   0.04970   0.04539   0.02863   0.00015   0.00000   0.00000   0.00000   0.00000   0.00000   0.00000   0.03954   0.00823   0.00044   0.00000   0.00000   0.00000   0.03731   0.02719   0.00235   0.01393   0.01517   0.00042   0.00000   0.00000   0.00000   0.00000   0.00000   0.00000   0.00000   0.00244   0.00000   0.02951   0.03086   0.01469   0.05074   0.00000   0.00770   0.02275   0.00188   0.03930   0.02978   0.00000   0.01930   0.04006   0.00756   0.47798   0.99194   1.77191   1.25691   0.94963   1.11181   0.09654   0.09626   2.44216  
 22 3692.4968   1980.063717  x:  0.44245   0.00000   0.04965   0.04536   0.02860   0.00008   0.00000   0.00000   0.00000   0.00000   0.00000   0.00000   0.03953   0.00820   0.00000   0.00000   0.00000   0.00000   0.03732   0.02716   0.00235   0.01389   0.01513   0.00042   0.00000   0.00000   0.00000   0.00000   0.00000   0.00000   0.00000   0.00199   0.00000   0.02947   0.03085   0.01466   0.05071   0.00000   0.00731   0.02274   0.00188   0.03934   0.02986   0.00000   0.01927   0.04003   0.00753   0.47818   0.99182   1.77221   1.25670   0.94971   1.11171   0.09670   0.09588   2.44222  
 23 3338.0400   1979.826259  x:  0.44256   0.00000   0.04962   0.04542   0.02860   0.00000   0.00000   0.00000   0.00000   0.00000   0.00000   0.00000   0.03952   0.00817   0.00000   0.00000   0.00000   0.00000   0.03735   0.02713   0.00235   0.01385   0.01510   0.00042   0.00000   0.00000   0.00000   0.00000   0.00000   0.00000   0.00000   0.00167   0.00000   0.02948   0.03083   0.01463   0.05068   0.00000   0.00703   0.02267   0.00188   0.03934   0.02990   0.00000   0.01924   0.04000   0.00750   0.47830   0.99174   1.77239   1.25657   0.94978   1.11165   0.09680   0.09567   2.44227  
 24 2550.8674   1978.634834  x:  0.44308   0.00000   0.04951   0.04531   0.02857   0.00000   0.00000   0.00000   0.00000   0.00000   0.00000   0.00000   0.03957   0.00799   0.00000   0.00000   0.00000   0.00000   0.03755   0.02695   0.00236   0.01365   0.01490   0.00043   0.00000   0.00000   0.00000   0.00000   0.00000   0.00000   0.00000   0.00000   0.00000   0.02940   0.03073   0.01447   0.05051   0.00000   0.00552   0.02231   0.00188   0.03942   0.03016   0.00000   0.01906   0.03983   0.00732   0.47881   0.99138   1.77323   1.25593   0.95016   1.11135   0.09730   0.09463   2.44249  
 25 8420.5912   1975.635630  x:  0.44441   0.00000   0.04888   0.04600   0.02889   0.00000   0.00000   0.00000   0.00000   0.00000   0.00000   0.00000   0.03927   0.00726   0.00000   0.00000   0.00000   0.00000   0.03734   0.02622   0.00237   0.01284   0.01412   0.00043   0.00000   0.00000   0.00000   0.00000   0.00000   0.00000   0.00000   0.00000   0.00000   0.02915   0.03029   0.01379   0.04981   0.00000   0.00000   0.02226   0.00188   0.03933   0.03057   0.00000   0.01834   0.03914   0.00661   0.48014   0.99028   1.77548   1.25400   0.95173   1.11047   0.09879   0.09177   2.44320  
 26 1521.7972   1958.949539  x:  0.45545   0.00000   0.04212   0.04211   0.02792   0.00000   0.00000   0.00000   0.00000   0.00000   0.00000   0.00000   0.03675   0.00051   0.00000   0.00000   0.00000   0.00000   0.03999   0.01941   0.00252   0.00571   0.00716   0.00042   0.00000   0.00000   0.00000   0.00000   0.00000   0.00000   0.00000   0.00000   0.00000   0.02999   0.02854   0.00745   0.04331   0.00000   0.00000   0.01571   0.00188   0.03870   0.03580   0.00000   0.01165   0.03262   0.00000   0.49116   0.98228   1.79082   1.23769   0.96766   1.10365   0.10994   0.07943   2.44951  
 27 738.4561   1957.948056  x:  0.45600   0.00000   0.04184   0.04196   0.02793   0.00000   0.00000   0.00000   0.00000   0.00000   0.00000   0.00000   0.03658   0.00000   0.00000   0.00000   0.00000   0.00000   0.04005   0.01890   0.00253   0.00518   0.00665   0.00042   0.00000   0.00000   0.00000   0.00000   0.00000   0.00000   0.00000   0.00000   0.00000   0.03005   0.02843   0.00698   0.04283   0.00000   0.00000   0.01548   0.00188   0.03861   0.03610   0.00000   0.01115   0.03214   0.00000   0.49171   0.98181   1.79173   1.23680   0.96847   1.10324   0.11063   0.07866   2.44987  
 28 3891.5738   1949.103557  x:  0.46163   0.00000   0.03969   0.04037   0.02809   0.00000   0.00000   0.00000   0.00000   0.00000   0.00000   0.00000   0.03486   0.00000   0.00000   0.00000   0.00000   0.00000   0.04071   0.01391   0.00264   0.00000   0.00158   0.00041   0.00000   0.00000   0.00000   0.00000   0.00000   0.00000   0.00000   0.00000   0.00000   0.03063   0.02721   0.00231   0.03806   0.00000   0.00000   0.01295   0.00185   0.03770   0.03928   0.00000   0.00626   0.02735   0.00000   0.49733   0.97674   1.80156   1.22719   0.97693   1.09887   0.11792   0.07008   2.45381  
 29 12740.4276   1946.622606  x:  0.46331   0.00000   0.03872   0.04007   0.02809   0.00000   0.00000   0.00000   0.00000   0.00000   0.00000   0.00000   0.03433   0.00000   0.00000   0.00000   0.00000   0.00000   0.04096   0.01233   0.00266   0.00000   0.00000   0.00041   0.00000   0.00000   0.00000   0.00000   0.00000   0.00000   0.00000   0.00000   0.00000   0.03076   0.02686   0.00081   0.03654   0.00000   0.00000   0.01248   0.00185   0.03747   0.03997   0.00000   0.00470   0.02582   0.00000   0.49901   0.97558   1.80382   1.22484   0.97925   1.09785   0.11961   0.06852   2.45484  
 30 1536.0865   1945.462452  x:  0.46422   0.00000   0.03819   0.03990   0.02809   0.00000   0.00000   0.00000   0.00000   0.00000   0.00000   0.00000   0.03404   0.00000   0.00000   0.00000   0.00000   0.00000   0.04110   0.01148   0.00267   0.00000   0.00000   0.00041   0.00000   0.00000   0.00000   0.00000   0.00000   0.00000   0.00000   0.00000   0.00000   0.03082   0.02667   0.00000   0.03572   0.00000   0.00000   0.01223   0.00184   0.03735   0.04034   0.00000   0.00386   0.02500   0.00000   0.49991   0.97496   1.80504   1.22358   0.98050   1.09730   0.12052   0.06769   2.45539  
 31 9312974.3715   1941.107965  x:  0.46741   0.00000   0.03650   0.03938   0.02808   0.00000   0.00000   0.00000   0.00000   0.00000   0.00000   0.00000   0.03275   0.00000   0.00000   0.00000   0.00000   0.00000   0.04144   0.00759   0.00270   0.00000   0.00000   0.00041   0.00000   0.00000   0.00000   0.00000   0.00000   0.00000   0.00000   0.00000   0.00000   0.03104   0.02599   0.00000   0.03192   0.00000   0.00000   0.01151   0.00183   0.03695   0.04149   0.00000   0.00000   0.02120   0.00000   0.50310   0.97306   1.80869   1.21948   0.98510   1.09560   0.12338   0.06533   2.45723  
 32 1686.0462   1934.305071  x:  0.47290   0.00000   0.03315   0.03838   0.02807   0.00000   0.00000   0.00000   0.00000   0.00000   0.00000   0.00000   0.03043   0.00000   0.00000   0.00000   0.00000   0.00000   0.04183   0.00000   0.00276   0.00000   0.00000   0.00041   0.00000   0.00000   0.00000   0.00000   0.00000   0.00000   0.00000   0.00000   0.00000   0.03142   0.02484   0.00000   0.02453   0.00000   0.00000   0.01021   0.00181   0.03624   0.04355   0.00000   0.00000   0.01377   0.00000   0.50858   0.96971   1.81506   1.21222   0.99335   1.09260   0.12846   0.06091   2.46046  
 33 25803.0460   1929.356631  x:  0.47700   0.00000   0.03159   0.03773   0.02808   0.00000   0.00000   0.00000   0.00000   0.00000   0.00000   0.00000   0.02800   0.00000   0.00000   0.00000   0.00000   0.00000   0.04166   0.00000   0.00279   0.00000   0.00000   0.00040   0.00000   0.00000   0.00000   0.00000   0.00000   0.00000   0.00000   0.00000   0.00000   0.03175   0.02404   0.00000   0.01688   0.00000   0.00000   0.00964   0.00179   0.03577   0.04473   0.00000   0.00000   0.00609   0.00000   0.51268   0.96786   1.81832   1.20756   1.00000   1.09087   0.13146   0.05893   2.46253  
 34 1084.3939   1925.465452  x:  0.48249   0.00000   0.03183   0.03722   0.02823   0.00000   0.00000   0.00000   0.00000   0.00000   0.00000   0.00000   0.02163   0.00000   0.00000   0.00000   0.00000   0.00000   0.04355   0.00000   0.00282   0.00000   0.00000   0.00040   0.00000   0.00000   0.00000   0.00000   0.00000   0.00000   0.00000   0.00000   0.00000   0.03235   0.02305   0.00000   0.01084   0.00000   0.00000   0.00937   0.00178   0.03544   0.04586   0.00000   0.00000   0.00000   0.00000   0.51816   0.96611   1.82058   1.20164   1.00000   1.08920   0.13437   0.05902   2.46450  
 35 942.9733   1921.364246  x:  0.48749   0.00000   0.02691   0.03683   0.02829   0.00000   0.00000   0.00000   0.00000   0.00000   0.00000   0.00000   0.02053   0.00000   0.00000   0.00000   0.00000   0.00000   0.04210   0.00000   0.00283   0.00000   0.00000   0.00040   0.00000   0.00000   0.00000   0.00000   0.00000   0.00000   0.00000   0.00000   0.00000   0.03329   0.02241   0.00000   0.00000   0.00000   0.00000   0.00924   0.00176   0.03528   0.04676   0.00000   0.00000   0.00000   0.00000   0.52315   0.96536   1.81825   1.19594   1.00000   1.08839   0.13622   0.06032   2.46586  
 36 303.7819   1911.704188  x:  0.49802   0.00000   0.02280   0.02991   0.02979   0.00000   0.00000   0.00000   0.00000   0.00000   0.00000   0.00000   0.00174   0.00000   0.00000   0.00000   0.00000   0.00000   0.01127   0.00000   0.00280   0.00000   0.00000   0.00036   0.00000   0.00000   0.00000   0.00000   0.00000   0.00000   0.00000   0.00000   0.00000   0.03820   0.02314   0.00000   0.00000   0.00000   0.00000   0.00758   0.00167   0.03496   0.04964   0.00000   0.00000   0.00000   0.00000   0.53367   0.97047   1.77356   1.17782   1.00000   1.09277   0.13572   0.05696   2.46659  
 37 159.5626   1910.059200  x:  0.50540   0.00000   0.02596   0.02877   0.02965   0.00000   0.00000   0.00000   0.00000   0.00000   0.00000   0.00000   0.00284   0.00000   0.00000   0.00000   0.00000   0.00000   0.00294   0.00000   0.00279   0.00000   0.00000   0.00036   0.00000   0.00000   0.00000   0.00000   0.00000   0.00000   0.00000   0.00000   0.00000   0.03976   0.02182   0.00000   0.00000   0.00000   0.00000   0.00692   0.00166   0.03517   0.05028   0.00000   0.00000   0.00000   0.00000   0.54105   0.97169   1.76198   1.17057   1.00000   1.09325   0.13670   0.05868   2.46744  
 38 255.2328   1898.955274  x:  0.52391   0.00000   0.03317   0.03162   0.01657   0.00000   0.00000   0.00000   0.00000   0.00000   0.00000   0.00000   0.00279   0.00000   0.00000   0.00000   0.00000   0.00000   0.00456   0.00000   0.00237   0.00000   0.00000   0.00048   0.00000   0.00000   0.00000   0.00000   0.00000   0.00000   0.00000   0.00000   0.00000   0.02892   0.00283   0.00000   0.00000   0.00000   0.00000   0.00363   0.00167   0.03885   0.04128   0.00000   0.00000   0.00000   0.00000   0.55954   0.99471   1.63682   1.15327   1.00000   1.10764   0.12883   0.06413   2.46315  
 39 207.7931   1889.968934  x:  0.54661   0.00000   0.03532   0.03722   0.00291   0.00000   0.00000   0.00000   0.00000   0.00000   0.00000   0.00000   0.00280   0.00000   0.00000   0.00000   0.00000   0.00000   0.00548   0.00000   0.00194   0.00000   0.00000   0.00050   0.00000   0.00000   0.00000   0.00000   0.00000   0.00000   0.00000   0.00000   0.00000   0.01375   0.00819   0.00000   0.00000   0.00000   0.00000   0.00183   0.00175   0.03559   0.03143   0.00000   0.00000   0.00000   0.00000   0.58224   1.02554   1.50752   1.13665   1.00000   1.12549   0.11566   0.07722   2.45656  
 40 246.5729   1886.111702  x:  0.55057   0.00000   0.03239   0.03959   0.00585   0.00000   0.00000   0.00000   0.00000   0.00000   0.00000   0.00000   0.00259   0.00000   0.00000   0.00000   0.00000   0.00000   0.00525   0.00000   0.00164   0.00000   0.00000   0.00050   0.00000   0.00000   0.00000   0.00000   0.00000   0.00000   0.00000   0.00000   0.00000   0.00384   0.00899   0.00000   0.00000   0.00000   0.00000   0.00493   0.00179   0.03221   0.02339   0.00000   0.00000   0.00000   0.00000   0.58620   1.04762   1.43590   1.13058   1.00000   1.13857   0.10288   0.08679   2.45007  
 41 165.7063   1880.216745  x:  0.57211   0.00000   0.02896   0.03287   0.00884   0.00000   0.00000   0.00000   0.00000   0.00000   0.00000   0.00000   0.00341   0.00000   0.00000   0.00000   0.00000   0.00000   0.00657   0.00000   0.00076   0.00000   0.00000   0.00058   0.00000   0.00000   0.00000   0.00000   0.00000   0.00000   0.00000   0.00000   0.00000   0.01445   0.01092   0.00000   0.00000   0.00000   0.00000   0.00857   0.00188   0.02257   0.00564   0.00000   0.00000   0.00000   0.00000   0.60773   1.10610   1.29040   1.10109   1.00000   1.16228   0.09204   0.08708   2.43074  
 42 78.3389   1877.114269  x:  0.56519   0.00000   0.02099   0.02689   0.01262   0.00000   0.00000   0.00000   0.00000   0.00000   0.00000   0.00000   0.00387   0.00000   0.00000   0.00000   0.00000   0.00000   0.00690   0.00000   0.00068   0.00000   0.00000   0.00066   0.00000   0.00000   0.00000   0.00000   0.00000   0.00000   0.00000   0.00000   0.00000   0.01169   0.01155   0.00000   0.00000   0.00000   0.00000   0.00180   0.00193   0.01588   0.00448   0.00000   0.00000   0.00000   0.00000   0.60079   1.15027   1.26022   1.05218   1.00000   1.17831   0.08800   0.07697   2.41261  
 43 32.5656   1875.306530  x:  0.55232   0.00000   0.01124   0.02391   0.00961   0.00000   0.00000   0.00000   0.00000   0.00000   0.00000   0.00000   0.00374   0.00000   0.00000   0.00000   0.00000   0.00000   0.00603   0.00000   0.00068   0.00000   0.00000   0.00073   0.00000   0.00000   0.00000   0.00000   0.00000   0.00000   0.00000   0.00000   0.00000   0.01067   0.01018   0.00000   0.00000   0.00000   0.00000   0.00402   0.00192   0.00983   0.00218   0.00000   0.00000   0.00000   0.00000   0.58791   1.18842   1.24875   1.01411   1.00000   1.19381   0.08114   0.06943   2.39573  
 44 84.9358   1874.988694  x:  0.55513   0.00000   0.01093   0.02264   0.00944   0.00000   0.00000   0.00000   0.00000   0.00000   0.00000   0.00000   0.00384   0.00000   0.00000   0.00000   0.00000   0.00000   0.00615   0.00000   0.00078   0.00000   0.00000   0.00073   0.00000   0.00000   0.00000   0.00000   0.00000   0.00000   0.00000   0.00000   0.00000   0.01081   0.01016   0.00000   0.00000   0.00000   0.00000   0.00436   0.00192   0.00767   0.00425   0.00000   0.00000   0.00000   0.00000   0.59072   1.19860   1.24339   1.00606   1.00000   1.19672   0.08183   0.06716   2.39215  
 45 44.9506   1872.652461  x:  0.57135   0.00000   0.01439   0.01066   0.00892   0.00000   0.00000   0.00000   0.00000   0.00000   0.00000   0.00000   0.00444   0.00000   0.00000   0.00000   0.00000   0.00000   0.00724   0.00000   0.00111   0.00000   0.00000   0.00079   0.00000   0.00000   0.00000   0.00000   0.00000   0.00000   0.00000   0.00000   0.00000   0.01047   0.01035   0.00000   0.00000   0.00000   0.00000   0.00524   0.00224   0.01212   0.00455   0.00000   0.00000   0.00000   0.00000   0.60691   1.30966   1.25024   0.97378   1.00000   1.24058   0.07416   0.06378   2.34781  
 46 19.1428   1869.049753  x:  0.62912   0.00000   0.01865   0.01380   0.01044   0.00000   0.00000   0.00000   0.00000   0.00000   0.00000   0.00000   0.00470   0.00000   0.00000   0.00000   0.00000   0.00000   0.00789   0.00000   0.00144   0.00000   0.00000   0.00095   0.00000   0.00000   0.00000   0.00000   0.00000   0.00000   0.00000   0.00000   0.00000   0.01092   0.01148   0.00000   0.00000   0.00000   0.00000   0.00483   0.00287   0.00700   0.00259   0.00000   0.00000   0.00000   0.00000   0.66457   1.56364   1.36340   1.07180   1.00000   1.34228   0.08895   0.05947   2.20570  
 47 23.1305   1868.569641  x:  0.63015   0.00000   0.01218   0.01468   0.01042   0.00000   0.00000   0.00000   0.00000   0.00000   0.00000   0.00000   0.00482   0.00000   0.00000   0.00000   0.00000   0.00000   0.00755   0.00000   0.00152   0.00000   0.00000   0.00092   0.00000   0.00000   0.00000   0.00000   0.00000   0.00000   0.00000   0.00000   0.00000   0.01091   0.01139   0.00000   0.00000   0.00000   0.00000   0.00474   0.00302   0.00945   0.00330   0.00000   0.00000   0.00000   0.00000   0.66559   1.59693   1.36456   1.09164   1.00000   1.35665   0.09768   0.05401   2.17128  
 48 16.9183   1867.366895  x:  0.64447   0.00000   0.01631   0.02273   0.01038   0.00000   0.00000   0.00000   0.00000   0.00000   0.00000   0.00000   0.00468   0.00000   0.00000   0.00000   0.00000   0.00000   0.00765   0.00000   0.00162   0.00000   0.00000   0.00080   0.00000   0.00000   0.00000   0.00000   0.00000   0.00000   0.00000   0.00000   0.00000   0.01117   0.01144   0.00000   0.00000   0.00000   0.00000   0.00530   0.00378   0.01154   0.00364   0.00000   0.00000   0.00000   0.00000   0.67990   1.67812   1.36209   1.01534   1.00000   1.40490   0.16879   0.05037   1.99394  
 49 11.4191   1864.743337  x:  0.64839   0.00000   0.00757   0.02279   0.01120   0.00000   0.00000   0.00000   0.00000   0.00000   0.00000   0.00000   0.00350   0.00000   0.00000   0.00000   0.00000   0.00000   0.00610   0.00000   0.00194   0.00000   0.00000   0.00063   0.00000   0.00000   0.00000   0.00000   0.00000   0.00000   0.00000   0.00000   0.00000   0.01222   0.01122   0.00000   0.00000   0.00000   0.00000   0.00471   0.00550   0.01210   0.00415   0.00000   0.00000   0.00000   0.00000   0.68385   1.83468   1.38093   1.00642   1.00000   1.53713   0.31344   0.08134   1.52668  
 50 33.9664   1860.977695  x:  0.71550   0.00000   0.00270   0.02001   0.01240   0.00000   0.00000   0.00000   0.00000   0.00000   0.00000   0.00000   0.00272   0.00000   0.00000   0.00000   0.00000   0.00000   0.00533   0.00000   0.00279   0.00000   0.00000   0.00098   0.00000   0.00000   0.00000   0.00000   0.00000   0.00000   0.00000   0.00000   0.00000   0.01236   0.01184   0.00000   0.00000   0.00000   0.00000   0.00417   0.00698   0.01102   0.00303   0.00000   0.00000   0.00000   0.00000   0.75090   1.51210   1.40327   1.00230   1.00000   1.60631   0.68831   0.05878   0.83280  
 51 11.7574   1858.152270  x:  0.78951   0.00000   0.00805   0.01800   0.01189   0.00000   0.00000   0.00000   0.00000   0.00000   0.00000   0.00000   0.00210   0.00000   0.00000   0.00000   0.00000   0.00000   0.00422   0.00000   0.00292   0.00000   0.00000   0.00143   0.00000   0.00000   0.00000   0.00000   0.00000   0.00000   0.00000   0.00000   0.00000   0.01143   0.01149   0.00000   0.00000   0.00000   0.00000   0.00453   0.00783   0.01142   0.00303   0.00000   0.00000   0.00000   0.00000   0.82484   1.19362   1.42556   0.99440   1.00000   2.00575   0.78396   0.07681   0.16989  
 52  5.2670   1857.320421  x:  0.80395   0.00000   0.00888   0.01772   0.01141   0.00000   0.00000   0.00000   0.00000   0.00000   0.00000   0.00000   0.00247   0.00000   0.00000   0.00000   0.00000   0.00000   0.00427   0.00000   0.00266   0.00000   0.00000   0.00167   0.00000   0.00000   0.00000   0.00000   0.00000   0.00000   0.00000   0.00000   0.00000   0.01088   0.01129   0.00000   0.00000   0.00000   0.00000   0.00475   0.00741   0.01183   0.00344   0.00000   0.00000   0.00000   0.00000   0.83924   1.27633   1.44161   0.99814   1.00000   1.94168   0.90730   0.06751   0.00010  
 53  2.1536   1856.533591  x:  0.83841   0.00000   0.00810   0.01811   0.00953   0.00000   0.00000   0.00000   0.00000   0.00000   0.00000   0.00000   0.00440   0.00000   0.00000   0.00000   0.00000   0.00000   0.00504   0.00000   0.00256   0.00000   0.00000   0.00209   0.00000   0.00000   0.00000   0.00000   0.00000   0.00000   0.00000   0.00000   0.00000   0.00862   0.01004   0.00000   0.00000   0.00000   0.00000   0.00483   0.00633   0.01271   0.00380   0.00000   0.00000   0.00000   0.00000   0.87366   1.37022   1.44987   0.99236   1.00000   2.06568   0.80774   0.07996   0.00010  
 54  0.7605   1856.017552  x:  0.86314   0.00000   0.00888   0.01915   0.00849   0.00000   0.00000   0.00000   0.00000   0.00000   0.00000   0.00000   0.00390   0.00000   0.00000   0.00000   0.00000   0.00000   0.00347   0.00000   0.00383   0.00000   0.00000   0.00238   0.00000   0.00000   0.00000   0.00000   0.00000   0.00000   0.00000   0.00000   0.00000   0.00771   0.00872   0.00000   0.00000   0.00000   0.00000   0.00440   0.00602   0.01315   0.00304   0.00000   0.00000   0.00000   0.00000   0.89837   1.48513   1.42151   1.00068   1.00000   1.96165   0.81047   0.07238   0.00010  
 55  0.4361   1855.764052  x:  0.88425   0.00000   0.00890   0.01703   0.00734   0.00000   0.00000   0.00000   0.00000   0.00000   0.00000   0.00000   0.00400   0.00000   0.00000   0.00000   0.00000   0.00000   0.00347   0.00000   0.00318   0.00000   0.00000   0.00233   0.00000   0.00000   0.00000   0.00000   0.00000   0.00000   0.00000   0.00000   0.00000   0.00674   0.00760   0.00000   0.00000   0.00000   0.00000   0.00444   0.00724   0.01257   0.00374   0.00000   0.00000   0.00000   0.00000   0.91944   1.49123   1.43953   1.00971   1.00000   1.86871   0.76616   0.06411   0.00010  
 56  0.3104   1855.570079  x:  0.90643   0.00000   0.00924   0.01686   0.00841   0.00000   0.00000   0.00000   0.00000   0.00000   0.00000   0.00000   0.00466   0.00000   0.00000   0.00000   0.00000   0.00000   0.00502   0.00000   0.00382   0.00000   0.00000   0.00261   0.00000   0.00000   0.00000   0.00000   0.00000   0.00000   0.00000   0.00000   0.00000   0.00798   0.00821   0.00000   0.00000   0.00000   0.00000   0.00433   0.00749   0.01276   0.00377   0.00000   0.00000   0.00000   0.00000   0.94160   1.50172   1.45108   1.01432   1.00000   1.71613   0.69419   0.05792   0.00010  
 57  0.3187   1855.452139  x:  0.92196   0.00000   0.00898   0.01656   0.00889   0.00000   0.00000   0.00000   0.00000   0.00000   0.00000   0.00000   0.00393   0.00000   0.00000   0.00000   0.00000   0.00000   0.00420   0.00000   0.00382   0.00000   0.00000   0.00304   0.00000   0.00000   0.00000   0.00000   0.00000   0.00000   0.00000   0.00000   0.00000   0.00886   0.00861   0.00000   0.00000   0.00000   0.00000   0.00430   0.00737   0.01309   0.00438   0.00000   0.00000   0.00000   0.00000   0.95712   1.55071   1.47093   1.01149   1.00000   1.59107   0.55409   0.05809   0.00010  
 58  0.3387   1855.292547  x:  0.94670   0.00000   0.00839   0.01750   0.00833   0.00000   0.00000   0.00000   0.00000   0.00000   0.00000   0.00000   0.00467   0.00000   0.00000   0.00000   0.00000   0.00000   0.00413   0.00000   0.00471   0.00000   0.00000   0.00367   0.00000   0.00000   0.00000   0.00000   0.00000   0.00000   0.00000   0.00000   0.00000   0.00872   0.00819   0.00000   0.00000   0.00000   0.00000   0.00404   0.00883   0.01295   0.00454   0.00000   0.00000   0.00000   0.00000   0.98185   1.54199   1.46406   1.00706   1.00000   1.16561   0.06876   0.06332   0.00010  
 59  0.2820   1855.266348  x:  0.94718   0.00000   0.00835   0.01749   0.00830   0.00000   0.00000   0.00000   0.00000   0.00000   0.00000   0.00000   0.00466   0.00000   0.00000   0.00000   0.00000   0.00000   0.00414   0.00000   0.00475   0.00000   0.00000   0.00373   0.00000   0.00000   0.00000   0.00000   0.00000   0.00000   0.00000   0.00000   0.00000   0.00868   0.00823   0.00000   0.00000   0.00000   0.00000   0.00402   0.00890   0.01292   0.00453   0.00000   0.00000   0.00000   0.00000   0.98233   1.54074   1.46420   1.00666   1.00000   1.09547   0.00010   0.06286   0.00010  
 60  0.4932   1855.226264  x:  0.93747   0.00000   0.00840   0.01724   0.00826   0.00000   0.00000   0.00000   0.00000   0.00000   0.00000   0.00000   0.00440   0.00000   0.00000   0.00000   0.00000   0.00000   0.00421   0.00000   0.00463   0.00000   0.00000   0.00376   0.00000   0.00000   0.00000   0.00000   0.00000   0.00000   0.00000   0.00000   0.00000   0.00836   0.00849   0.00000   0.00000   0.00000   0.00000   0.00404   0.00874   0.01273   0.00434   0.00000   0.00000   0.00000   0.00000   0.97262   1.52980   1.46358   1.00573   1.00000   1.07462   0.00010   0.05868   0.00010  
 61  0.0517   1855.226264  x:  0.93747   0.00000   0.00840   0.01724   0.00826   0.00000   0.00000   0.00000   0.00000   0.00000   0.00000   0.00000   0.00440   0.00000   0.00000   0.00000   0.00000   0.00000   0.00421   0.00000   0.00463   0.00000   0.00000   0.00376   0.00000   0.00000   0.00000   0.00000   0.00000   0.00000   0.00000   0.00000   0.00000   0.00836   0.00849   0.00000   0.00000   0.00000   0.00000   0.00404   0.00874   0.01273   0.00434   0.00000   0.00000   0.00000   0.00000   0.97262   1.52980   1.46358   1.00573   1.00000   1.07462   0.00010   0.05868   0.00010  
 62  0.5778   1855.210808  x:  0.93746   0.00000   0.00846   0.01718   0.00834   0.00000   0.00000   0.00000   0.00000   0.00000   0.00000   0.00000   0.00423   0.00000   0.00000   0.00000   0.00000   0.00000   0.00423   0.00000   0.00422   0.00000   0.00000   0.00428   0.00000   0.00000   0.00000   0.00000   0.00000   0.00000   0.00000   0.00000   0.00000   0.00839   0.00845   0.00000   0.00000   0.00000   0.00000   0.00423   0.00858   0.01273   0.00420   0.00000   0.00000   0.00000   0.00000   0.97261   1.52980   1.46358   1.00575   1.00000   1.07461   0.00010   0.05880   0.00010  
 63 41.1970   1855.208712  x:  0.93744   0.00000   0.00854   0.01707   0.00843   0.00000   0.00000   0.00000   0.00000   0.00000   0.00000   0.00000   0.00420   0.00000   0.00000   0.00000   0.00000   0.00000   0.00423   0.00000   0.00411   0.00000   0.00000   0.00416   0.00000   0.00000   0.00000   0.00000   0.00000   0.00000   0.00000   0.00000   0.00000   0.00843   0.00841   0.00000   0.00000   0.00000   0.00000   0.00421   0.00836   0.01274   0.00418   0.00000   0.00000   0.00000   0.00000   0.97259   1.52979   1.46357   1.00578   1.00000   1.07458   0.00011   0.05910   0.00010  
 64  9.8172   1855.206997  x:  0.93739   0.00000   0.00857   0.01694   0.00847   0.00000   0.00000   0.00000   0.00000   0.00000   0.00000   0.00000   0.00425   0.00000   0.00000   0.00000   0.00000   0.00000   0.00423   0.00000   0.00426   0.00000   0.00000   0.00424   0.00000   0.00000   0.00000   0.00000   0.00000   0.00000   0.00000   0.00000   0.00000   0.00845   0.00839   0.00000   0.00000   0.00000   0.00000   0.00422   0.00826   0.01275   0.00421   0.00000   0.00000   0.00000   0.00000   0.97254   1.52979   1.46354   1.00583   1.00000   1.07454   0.00012   0.05959   0.00010  
 65 10.8129   1855.205386  x:  0.93732   0.00000   0.00852   0.01688   0.00841   0.00000   0.00000   0.00000   0.00000   0.00000   0.00000   0.00000   0.00424   0.00000   0.00000   0.00000   0.00000   0.00000   0.00424   0.00000   0.00420   0.00000   0.00000   0.00422   0.00000   0.00000   0.00000   0.00000   0.00000   0.00000   0.00000   0.00000   0.00000   0.00843   0.00844   0.00000   0.00000   0.00000   0.00000   0.00422   0.00845   0.01276   0.00421   0.00000   0.00000   0.00000   0.00000   0.97247   1.52978   1.46351   1.00593   1.00000   1.07449   0.00013   0.06022   0.00010  
 66 11.4595   1855.205102  x:  0.93725   0.00000   0.00852   0.01707   0.00842   0.00000   0.00000   0.00000   0.00000   0.00000   0.00000   0.00000   0.00422   0.00000   0.00000   0.00000   0.00000   0.00000   0.00423   0.00000   0.00421   0.00000   0.00000   0.00422   0.00000   0.00000   0.00000   0.00000   0.00000   0.00000   0.00000   0.00000   0.00000   0.00843   0.00844   0.00000   0.00000   0.00000   0.00000   0.00422   0.00843   0.01276   0.00420   0.00000   0.00000   0.00000   0.00000   0.97240   1.52977   1.46347   1.00600   1.00000   1.07446   0.00012   0.06034   0.00010  
 67  2.7748   1855.205034  x:  0.93721   0.00000   0.00853   0.01709   0.00842   0.00000   0.00000   0.00000   0.00000   0.00000   0.00000   0.00000   0.00426   0.00000   0.00000   0.00000   0.00000   0.00000   0.00424   0.00000   0.00420   0.00000   0.00000   0.00422   0.00000   0.00000   0.00000   0.00000   0.00000   0.00000   0.00000   0.00000   0.00000   0.00844   0.00844   0.00000   0.00000   0.00000   0.00000   0.00422   0.00843   0.01276   0.00422   0.00000   0.00000   0.00000   0.00000   0.97236   1.52976   1.46345   1.00606   1.00000   1.07444   0.00011   0.06036   0.00010  
 68  2.0463   1855.204924  x:  0.93715   0.00000   0.00853   0.01709   0.00842   0.00000   0.00000   0.00000   0.00000   0.00000   0.00000   0.00000   0.00426   0.00000   0.00000   0.00000   0.00000   0.00000   0.00424   0.00000   0.00420   0.00000   0.00000   0.00422   0.00000   0.00000   0.00000   0.00000   0.00000   0.00000   0.00000   0.00000   0.00000   0.00843   0.00844   0.00000   0.00000   0.00000   0.00000   0.00422   0.00843   0.01276   0.00422   0.00000   0.00000   0.00000   0.00000   0.97230   1.52975   1.46342   1.00611   1.00000   1.07442   0.00010   0.06036   0.00010  
 69  3.9163   1855.202809  x:  0.93513   0.00000   0.00826   0.01705   0.00838   0.00000   0.00000   0.00000   0.00000   0.00000   0.00000   0.00000   0.00424   0.00000   0.00000   0.00000   0.00000   0.00000   0.00422   0.00000   0.00418   0.00000   0.00000   0.00423   0.00000   0.00000   0.00000   0.00000   0.00000   0.00000   0.00000   0.00000   0.00000   0.00846   0.00845   0.00000   0.00000   0.00000   0.00000   0.00421   0.00833   0.01272   0.00427   0.00000   0.00000   0.00000   0.00000   0.97028   1.52948   1.46243   1.00832   1.00000   1.07363   0.00010   0.06041   0.00010  
 70 65.9072   1855.202728  x:  0.93504   0.00000   0.00825   0.01704   0.00838   0.00000   0.00000   0.00000   0.00000   0.00000   0.00000   0.00000   0.00426   0.00000   0.00000   0.00000   0.00000   0.00000   0.00424   0.00000   0.00419   0.00000   0.00000   0.00422   0.00000   0.00000   0.00000   0.00000   0.00000   0.00000   0.00000   0.00000   0.00000   0.00846   0.00845   0.00000   0.00000   0.00000   0.00000   0.00422   0.00833   0.01270   0.00423   0.00000   0.00000   0.00000   0.00000   0.97019   1.52947   1.46240   1.00838   1.00000   1.07360   0.00010   0.06042   0.00010  
 71  6.5041   1855.202554  x:  0.93477   0.00000   0.00827   0.01704   0.00838   0.00000   0.00000   0.00000   0.00000   0.00000   0.00000   0.00000   0.00425   0.00000   0.00000   0.00000   0.00000   0.00000   0.00423   0.00000   0.00418   0.00000   0.00000   0.00422   0.00000   0.00000   0.00000   0.00000   0.00000   0.00000   0.00000   0.00000   0.00000   0.00845   0.00845   0.00000   0.00000   0.00000   0.00000   0.00422   0.00834   0.01257   0.00424   0.00000   0.00000   0.00000   0.00000   0.96992   1.52943   1.46240   1.00839   1.00000   1.07347   0.00010   0.06042   0.00010  
 72  2.3092   1855.196704  x:  0.92467   0.00000   0.00828   0.01703   0.00832   0.00000   0.00000   0.00000   0.00000   0.00000   0.00000   0.00000   0.00419   0.00000   0.00000   0.00000   0.00000   0.00000   0.00433   0.00000   0.00420   0.00000   0.00000   0.00418   0.00000   0.00000   0.00000   0.00000   0.00000   0.00000   0.00000   0.00000   0.00000   0.00848   0.00851   0.00000   0.00000   0.00000   0.00000   0.00435   0.00831   0.01263   0.00429   0.00000   0.00000   0.00000   0.00000   0.95982   1.52779   1.46329   1.00697   1.00000   1.06892   0.00010   0.06060   0.00010  
 73  6.8836   1855.195307  x:  0.92230   0.00000   0.00827   0.01703   0.00834   0.00000   0.00000   0.00000   0.00000   0.00000   0.00000   0.00000   0.00425   0.00000   0.00000   0.00000   0.00000   0.00000   0.00423   0.00000   0.00418   0.00000   0.00000   0.00422   0.00000   0.00000   0.00000   0.00000   0.00000   0.00000   0.00000   0.00000   0.00000   0.00846   0.00848   0.00000   0.00000   0.00000   0.00000   0.00421   0.00831   0.01266   0.00423   0.00000   0.00000   0.00000   0.00000   0.95745   1.52740   1.46350   1.00664   1.00000   1.06785   0.00010   0.06064   0.00010  
 74 156.9820   1855.195258  x:  0.92221   0.00000   0.00825   0.01703   0.00837   0.00000   0.00000   0.00000   0.00000   0.00000   0.00000   0.00000   0.00425   0.00000   0.00000   0.00000   0.00000   0.00000   0.00423   0.00000   0.00418   0.00000   0.00000   0.00422   0.00000   0.00000   0.00000   0.00000   0.00000   0.00000   0.00000   0.00000   0.00000   0.00844   0.00844   0.00000   0.00000   0.00000   0.00000   0.00422   0.00833   0.01266   0.00423   0.00000   0.00000   0.00000   0.00000   0.95736   1.52739   1.46349   1.00662   1.00000   1.06780   0.00010   0.06064   0.00010  
 75  3.8851   1855.194736  x:  0.92172   0.00000   0.00827   0.01703   0.00827   0.00000   0.00000   0.00000   0.00000   0.00000   0.00000   0.00000   0.00425   0.00000   0.00000   0.00000   0.00000   0.00000   0.00421   0.00000   0.00418   0.00000   0.00000   0.00421   0.00000   0.00000   0.00000   0.00000   0.00000   0.00000   0.00000   0.00000   0.00000   0.00839   0.00837   0.00000   0.00000   0.00000   0.00000   0.00423   0.00830   0.01266   0.00423   0.00000   0.00000   0.00000   0.00000   0.95687   1.52655   1.46160   1.00570   1.00000   1.06575   0.00010   0.06060   0.00010  
 76  0.4063   1855.194180  x:  0.92120   0.00000   0.00826   0.01703   0.00835   0.00000   0.00000   0.00000   0.00000   0.00000   0.00000   0.00000   0.00424   0.00000   0.00000   0.00000   0.00000   0.00000   0.00426   0.00000   0.00418   0.00000   0.00000   0.00422   0.00000   0.00000   0.00000   0.00000   0.00000   0.00000   0.00000   0.00000   0.00000   0.00843   0.00843   0.00000   0.00000   0.00000   0.00000   0.00419   0.00832   0.01266   0.00423   0.00000   0.00000   0.00000   0.00000   0.95635   1.52566   1.45957   1.00471   1.00000   1.06355   0.00010   0.06055   0.00010  
 77 50.5257   1855.194130  x:  0.92116   0.00000   0.00826   0.01702   0.00837   0.00000   0.00000   0.00000   0.00000   0.00000   0.00000   0.00000   0.00424   0.00000   0.00000   0.00000   0.00000   0.00000   0.00423   0.00000   0.00418   0.00000   0.00000   0.00422   0.00000   0.00000   0.00000   0.00000   0.00000   0.00000   0.00000   0.00000   0.00000   0.00844   0.00844   0.00000   0.00000   0.00000   0.00000   0.00422   0.00833   0.01266   0.00423   0.00000   0.00000   0.00000   0.00000   0.95631   1.52558   1.45940   1.00462   1.00000   1.06335   0.00010   0.06055   0.00010  
 78 14.5666   1855.191980  x:  0.92189   0.00000   0.00830   0.01704   0.00839   0.00000   0.00000   0.00000   0.00000   0.00000   0.00000   0.00000   0.00425   0.00000   0.00000   0.00000   0.00000   0.00000   0.00424   0.00000   0.00419   0.00000   0.00000   0.00422   0.00000   0.00000   0.00000   0.00000   0.00000   0.00000   0.00000   0.00000   0.00000   0.00844   0.00846   0.00000   0.00000   0.00000   0.00000   0.00422   0.00834   0.01269   0.00423   0.00000   0.00000   0.00000   0.00000   0.95704   1.51866   1.46147   1.00640   1.00000   1.04511   0.00010   0.05978   0.00010  
 79  0.3113   1855.191975  x:  0.92189   0.00000   0.00830   0.01704   0.00838   0.00000   0.00000   0.00000   0.00000   0.00000   0.00000   0.00000   0.00425   0.00000   0.00000   0.00000   0.00000   0.00000   0.00424   0.00000   0.00419   0.00000   0.00000   0.00422   0.00000   0.00000   0.00000   0.00000   0.00000   0.00000   0.00000   0.00000   0.00000   0.00845   0.00845   0.00000   0.00000   0.00000   0.00000   0.00422   0.00835   0.01269   0.00423   0.00000   0.00000   0.00000   0.00000   0.95704   1.51865   1.46147   1.00641   1.00000   1.04507   0.00010   0.05978   0.00010  
 80  1.1167   1855.190848  x:  0.92127   0.00000   0.00838   0.01704   0.00839   0.00000   0.00000   0.00000   0.00000   0.00000   0.00000   0.00000   0.00425   0.00000   0.00000   0.00000   0.00000   0.00000   0.00424   0.00000   0.00419   0.00000   0.00000   0.00421   0.00000   0.00000   0.00000   0.00000   0.00000   0.00000   0.00000   0.00000   0.00000   0.00844   0.00844   0.00000   0.00000   0.00000   0.00000   0.00422   0.00837   0.01271   0.00422   0.00000   0.00000   0.00000   0.00000   0.95643   1.53127   1.46110   1.00742   1.00000   1.03729   0.00010   0.05939   0.00010  
 81  0.0547   1855.189595  x:  0.91952   0.00000   0.00851   0.01702   0.00841   0.00000   0.00000   0.00000   0.00000   0.00000   0.00000   0.00000   0.00423   0.00000   0.00000   0.00000   0.00000   0.00000   0.00423   0.00000   0.00420   0.00000   0.00000   0.00420   0.00000   0.00000   0.00000   0.00000   0.00000   0.00000   0.00000   0.00000   0.00000   0.00842   0.00843   0.00000   0.00000   0.00000   0.00000   0.00421   0.00842   0.01274   0.00420   0.00000   0.00000   0.00000   0.00000   0.95468   1.52404   1.46017   1.00917   1.00000   1.04376   0.00010   0.05967   0.00010  
 82  0.0261   1855.189583  x:  0.91951   0.00000   0.00852   0.01702   0.00841   0.00000   0.00000   0.00000   0.00000   0.00000   0.00000   0.00000   0.00423   0.00000   0.00000   0.00000   0.00000   0.00000   0.00423   0.00000   0.00420   0.00000   0.00000   0.00420   0.00000   0.00000   0.00000   0.00000   0.00000   0.00000   0.00000   0.00000   0.00000   0.00842   0.00843   0.00000   0.00000   0.00000   0.00000   0.00421   0.00842   0.01275   0.00420   0.00000   0.00000   0.00000   0.00000   0.95467   1.52422   1.46016   1.00921   1.00000   1.04367   0.00010   0.05975   0.00010  
 83  0.0014   1855.189582  x:  0.91958   0.00000   0.00852   0.01702   0.00841   0.00000   0.00000   0.00000   0.00000   0.00000   0.00000   0.00000   0.00423   0.00000   0.00000   0.00000   0.00000   0.00000   0.00423   0.00000   0.00420   0.00000   0.00000   0.00420   0.00000   0.00000   0.00000   0.00000   0.00000   0.00000   0.00000   0.00000   0.00000   0.00842   0.00843   0.00000   0.00000   0.00000   0.00000   0.00421   0.00842   0.01275   0.00420   0.00000   0.00000   0.00000   0.00000   0.95474   1.52420   1.46018   1.00921   1.00000   1.04363   0.00010   0.05975   0.00010  