

TREE # 1

  0  0.0000  54873.317536  x:  0.04364   0.13012   0.15287   0.00000   0.10610   0.05129   0.03804   0.04441   0.06423   0.03236   0.02031   0.03680   0.05950   0.05228   0.03793   0.05563   0.02455   0.03297   0.03545   0.06665   0.05105   0.01238   0.02233   0.09139   0.10152   0.10511   0.05930   0.04560   0.04765   0.07029   0.03618   0.06398   0.02162   0.04748   0.03768   0.04233   0.01998   0.04070   0.04168   0.05047   0.02578   0.04971   0.06479   0.06381   0.05453   0.06458   0.08457   0.04180   1.18322   0.64161   0.67457   0.75781   1.24255   0.07568   0.20616  
  1 99.0000  54008.426499  x:  0.04043   0.13199   0.15697   0.03797   0.10959   0.05643   0.03506   0.03856   0.05508   0.02550   0.01341   0.02967   0.04971   0.05715   0.03794   0.05568   0.02681   0.03047   0.03998   0.06788   0.05622   0.00000   0.01045   0.10724   0.11587   0.10191   0.04907   0.03460   0.04555   0.06814   0.03548   0.06020   0.01932   0.05042   0.03243   0.03729   0.02149   0.03982   0.04012   0.04990   0.03525   0.04273   0.07719   0.06318   0.05379   0.05586   0.08601   0.04923   1.19458   0.65287   0.67682   0.75968   1.24704   0.07221   0.16176  
  2 15578.2815  53350.493736  x:  0.03780   0.13383   0.16067   0.05752   0.11277   0.06113   0.03252   0.03325   0.04655   0.01975   0.00736   0.02291   0.04062   0.06152   0.03811   0.05590   0.02858   0.02816   0.04403   0.06908   0.06080   0.01601   0.00000   0.12048   0.12786   0.09928   0.03974   0.02450   0.04387   0.06614   0.03514   0.05663   0.01757   0.05352   0.02779   0.03245   0.02272   0.03882   0.03843   0.04939   0.04300   0.03631   0.08783   0.06263   0.05314   0.04807   0.08740   0.05534   1.20543   0.66342   0.67897   0.76167   1.25154   0.06874   0.11765  
  3 67980.2950  52533.302468  x:  0.03466   0.13640   0.16567   0.07727   0.11707   0.06734   0.02944   0.02643   0.03530   0.01304   0.00000   0.01387   0.02870   0.06723   0.03848   0.05636   0.03076   0.02511   0.04927   0.07072   0.06674   0.03199   0.01212   0.13714   0.14309   0.09614   0.02769   0.01138   0.04189   0.06348   0.03498   0.05184   0.01562   0.05799   0.02191   0.02589   0.02433   0.03741   0.03607   0.04875   0.05265   0.02796   0.10134   0.06195   0.05234   0.03820   0.08932   0.06290   1.22007   0.67750   0.68188   0.76459   1.25785   0.06389   0.05653  
  4 133719.3898  52007.860435  x:  0.03361   0.13879   0.16994   0.08122   0.12076   0.07192   0.02825   0.02241   0.02758   0.01425   0.01381   0.00736   0.02105   0.07126   0.03922   0.05726   0.03183   0.02298   0.05283   0.07209   0.07063   0.03582   0.01466   0.14742   0.15301   0.09509   0.02069   0.00387   0.04135   0.06156   0.03585   0.04821   0.01548   0.06253   0.01868   0.02065   0.02568   0.03636   0.03423   0.04838   0.05851   0.02268   0.10994   0.06161   0.05193   0.03302   0.09108   0.06720   1.23158   0.68808   0.68420   0.76764   1.26358   0.05954   0.00506  
  5 71021.6755  51842.630511  x:  0.03483   0.14223   0.17601   0.06943   0.12601   0.07688   0.02874   0.02018   0.02045   0.01406   0.01011   0.00000   0.01598   0.07526   0.04031   0.05880   0.03155   0.02051   0.05600   0.07365   0.07373   0.03127   0.01250   0.15567   0.16208   0.09631   0.01852   0.00652   0.04201   0.05909   0.03814   0.04360   0.01738   0.06981   0.01690   0.01332   0.02766   0.03510   0.03188   0.04796   0.06312   0.01899   0.11737   0.06131   0.05152   0.03249   0.09351   0.06983   1.24639   0.70043   0.68720   0.77290   1.27190   0.05345   0.00402  
  6 6202.5136  51631.547873  x:  0.03699   0.14846   0.18700   0.04843   0.13551   0.08588   0.02958   0.01609   0.00753   0.01368   0.00329   0.00077   0.00681   0.08252   0.04226   0.06156   0.03107   0.01602   0.06179   0.07649   0.07939   0.02320   0.00868   0.17072   0.17860   0.09847   0.01448   0.01099   0.04317   0.05458   0.04225   0.03522   0.02074   0.08295   0.01357   0.00000   0.03123   0.03281   0.02759   0.04719   0.07155   0.01225   0.13091   0.06076   0.05076   0.03144   0.09790   0.07465   1.27328   0.72286   0.69267   0.78242   1.28698   0.04241   0.00202  
  7 115193.7954  51422.551033  x:  0.03729   0.15723   0.20262   0.02885   0.14834   0.09842   0.02812   0.00917   0.00213   0.01668   0.01033   0.00094   0.00966   0.09305   0.04372   0.06432   0.03042   0.00913   0.07108   0.08062   0.08841   0.01931   0.00860   0.19645   0.20609   0.09876   0.00541   0.00109   0.04222   0.04741   0.04561   0.02194   0.02164   0.09854   0.00411   0.00000   0.03490   0.02801   0.01961   0.04577   0.08527   0.00341   0.15324   0.05966   0.04919   0.02578   0.10340   0.08278   1.31637   0.75785   0.70182   0.79636   1.30994   0.02569   0.01259  
  8 26161.1569  51354.919738  x:  0.03740   0.15944   0.20651   0.02379   0.15147   0.10138   0.02778   0.00828   0.00639   0.01701   0.01034   0.00101   0.01082   0.09555   0.04405   0.06497   0.03015   0.00757   0.07334   0.08165   0.09056   0.01800   0.00821   0.20270   0.21288   0.09887   0.00481   0.00000   0.04200   0.04563   0.04640   0.01868   0.02182   0.10232   0.00211   0.00000   0.03578   0.02679   0.01758   0.04544   0.08860   0.00268   0.15868   0.05941   0.04882   0.02503   0.10470   0.08465   1.32738   0.76653   0.70420   0.79997   1.31587   0.02139   0.01352  
  9 51734.7790  51155.461142  x:  0.03527   0.16916   0.22345   0.01017   0.16355   0.11198   0.02343   0.01140   0.00706   0.01821   0.01208   0.00140   0.03357   0.10455   0.04362   0.06609   0.02763   0.00286   0.08368   0.08622   0.09970   0.01676   0.00869   0.23247   0.24591   0.09674   0.01928   0.00987   0.03895   0.03737   0.04678   0.00427   0.01818   0.11452   0.00402   0.00000   0.03779   0.01945   0.00648   0.04386   0.10381   0.01965   0.18417   0.05825   0.04687   0.02510   0.10864   0.09217   1.38381   0.80716   0.71740   0.81774   1.34566   0.00010   0.01511  
 10 23522.9808  51050.002002  x:  0.03331   0.17313   0.22963   0.00000   0.16555   0.11128   0.02145   0.01794   0.00516   0.01729   0.00723   0.00140   0.04304   0.10372   0.04171   0.06496   0.02351   0.01008   0.08674   0.08795   0.10075   0.01265   0.00652   0.24133   0.25851   0.09478   0.02280   0.00087   0.03603   0.03514   0.04462   0.01846   0.01656   0.11234   0.00673   0.00000   0.03420   0.01425   0.00257   0.04384   0.10581   0.02249   0.19060   0.05846   0.04636   0.02897   0.10741   0.09055   1.41650   0.82322   0.72659   0.82847   1.36315   0.00010   0.01313  
 11 7364.4097  50841.796345  x:  0.02217   0.18259   0.24254   0.00000   0.15900   0.09102   0.01753   0.01814   0.00680   0.02120   0.00404   0.00156   0.05775   0.08663   0.03123   0.05604   0.00378   0.02388   0.09016   0.09068   0.09514   0.00881   0.00488   0.25706   0.29206   0.08364   0.00830   0.02310   0.03069   0.03333   0.03430   0.03638   0.01289   0.08079   0.00114   0.00000   0.01349   0.00251   0.03438   0.04742   0.10135   0.00960   0.19646   0.06183   0.04656   0.03136   0.09282   0.07347   1.54287   0.86469   0.76623   0.86854   1.43065   0.00010   0.01120  
 12 7121.2279  50769.138817  x:  0.01780   0.18628   0.24707   0.00000   0.15454   0.08088   0.01900   0.01428   0.00928   0.02186   0.00456   0.00159   0.05716   0.07821   0.02938   0.05268   0.00000   0.02666   0.09050   0.09129   0.09259   0.00857   0.00489   0.26195   0.30585   0.07928   0.00615   0.02471   0.03101   0.03347   0.03202   0.03851   0.01466   0.06639   0.02038   0.00000   0.00627   0.01028   0.04775   0.04911   0.09744   0.00313   0.19691   0.06366   0.04718   0.03176   0.08639   0.06605   1.60590   0.88230   0.78592   0.88783   1.46481   0.00010   0.01233  
 13 16815.8665  50590.748351  x:  0.01314   0.19143   0.25114   0.00000   0.14165   0.05977   0.02784   0.00578   0.00833   0.02001   0.00598   0.00139   0.03983   0.06048   0.03394   0.04858   0.02030   0.02705   0.08670   0.09047   0.08680   0.00846   0.00480   0.26126   0.32509   0.07461   0.02122   0.01081   0.03750   0.03717   0.03265   0.03426   0.02250   0.03403   0.01942   0.00000   0.01039   0.01840   0.07456   0.05215   0.08188   0.01661   0.18833   0.06723   0.04908   0.03400   0.07565   0.05305   1.74261   0.91034   0.82856   0.92792   1.54059   0.00010   0.01557  
 14 13094.4107  50429.482293  x:  0.01348   0.19245   0.24757   0.00000   0.12630   0.04382   0.03335   0.04191   0.00698   0.01705   0.00789   0.00126   0.02630   0.05301   0.03996   0.04860   0.03237   0.02020   0.07815   0.08693   0.07734   0.01102   0.00562   0.24803   0.33127   0.07496   0.02099   0.00000   0.04225   0.04258   0.03246   0.01818   0.02102   0.03609   0.02274   0.00000   0.01285   0.01374   0.09231   0.05345   0.05636   0.01876   0.16774   0.06924   0.05057   0.02974   0.07331   0.05308   1.87756   0.92658   0.86908   0.96335   1.61736   0.00010   0.01811  
 15 11644.1871  50260.168776  x:  0.01774   0.18955   0.23605   0.00000   0.10744   0.04053   0.03492   0.04475   0.01009   0.01200   0.01659   0.00135   0.01761   0.05803   0.04310   0.05182   0.05892   0.01978   0.06544   0.08096   0.06754   0.01916   0.00945   0.22323   0.32711   0.07921   0.01692   0.01283   0.04387   0.04901   0.03332   0.03203   0.01747   0.05429   0.02612   0.00000   0.02564   0.00956   0.08493   0.05240   0.02323   0.01265   0.13644   0.06960   0.05134   0.02689   0.07898   0.06384   2.03983   0.93780   0.91419   1.00000   1.71128   0.00010   0.02252  
 16 13130.7795  50260.168776  x:  0.01774   0.18955   0.23605   0.00000   0.10744   0.04053   0.03492   0.04475   0.01009   0.01200   0.01659   0.00135   0.01761   0.05803   0.04310   0.05182   0.05892   0.01978   0.06544   0.08096   0.06754   0.01916   0.00945   0.22323   0.32711   0.07921   0.01692   0.01283   0.04387   0.04901   0.03332   0.03203   0.01747   0.05429   0.02612   0.00000   0.02564   0.00956   0.08493   0.05240   0.02323   0.01265   0.13644   0.06960   0.05134   0.02689   0.07898   0.06384   2.03983   0.93780   0.91419   1.00000   1.71128   0.00010   0.02252  
 17 10269.6103  50164.046170  x:  0.01864   0.18940   0.23597   0.00000   0.10893   0.04388   0.03422   0.04230   0.01257   0.01270   0.01515   0.00207   0.01712   0.06035   0.04219   0.05237   0.05754   0.01900   0.06559   0.08097   0.06756   0.01335   0.00466   0.22268   0.32598   0.08012   0.01701   0.01020   0.04351   0.04847   0.03377   0.03094   0.01764   0.05614   0.02472   0.00000   0.02564   0.00997   0.08326   0.05223   0.02716   0.01324   0.13700   0.06929   0.05114   0.02810   0.08022   0.06443   2.04154   0.93793   0.91362   0.99963   1.71289   0.00010   0.00845  
 18 8242.0099  50117.484503  x:  0.01959   0.18920   0.23587   0.00000   0.11058   0.04731   0.03339   0.03950   0.01427   0.01318   0.01363   0.00192   0.01661   0.06272   0.04118   0.05288   0.05592   0.01811   0.06572   0.08094   0.06753   0.00674   0.00000   0.22203   0.32467   0.08107   0.01702   0.00748   0.04305   0.04784   0.03421   0.02968   0.01777   0.05816   0.02310   0.00000   0.02557   0.01033   0.08128   0.05199   0.03097   0.01372   0.13759   0.06891   0.05087   0.02922   0.08149   0.06503   2.04347   0.93806   0.91299   0.99921   1.71465   0.00010   0.00921  
 19 7524.6912  50078.724183  x:  0.02058   0.18899   0.23576   0.00000   0.11230   0.05090   0.03250   0.03653   0.01598   0.01369   0.01204   0.00178   0.01608   0.06520   0.04012   0.05342   0.05421   0.01717   0.06586   0.08091   0.06752   0.00000   0.00061   0.22134   0.32328   0.08206   0.01702   0.00467   0.04257   0.04717   0.03466   0.02836   0.01790   0.06028   0.02139   0.00000   0.02549   0.01069   0.07917   0.05173   0.03491   0.01421   0.13821   0.06851   0.05059   0.03038   0.08282   0.06566   2.04553   0.93820   0.91233   0.99876   1.71652   0.00010   0.00972  
 20 25130.2218  50037.814813  x:  0.02225   0.18862   0.23558   0.00000   0.11521   0.05692   0.03101   0.03154   0.01881   0.01456   0.00937   0.00154   0.01522   0.06936   0.03836   0.05431   0.05133   0.01559   0.06609   0.08086   0.06750   0.00013   0.00105   0.22018   0.32094   0.08372   0.01702   0.00000   0.04175   0.04603   0.03543   0.02612   0.01813   0.06387   0.01851   0.00000   0.02537   0.01131   0.07562   0.05130   0.04154   0.01501   0.13925   0.06784   0.05012   0.03232   0.08505   0.06671   2.04900   0.93842   0.91121   0.99800   1.71967   0.00010   0.01059  
 21 11298.0267  49958.763108  x:  0.02815   0.18702   0.23464   0.00000   0.12632   0.07741   0.02510   0.01200   0.02270   0.01794   0.00132   0.00169   0.01393   0.08327   0.03292   0.05731   0.03939   0.00965   0.06703   0.08066   0.06760   0.00033   0.00191   0.21529   0.31127   0.08962   0.01707   0.01478   0.03942   0.04147   0.03860   0.01737   0.01911   0.07863   0.00747   0.00000   0.02496   0.01289   0.06016   0.04927   0.06294   0.01595   0.14302   0.06505   0.04829   0.03763   0.09255   0.07035   2.06363   0.93928   0.90664   0.99482   1.73295   0.00010   0.01267  
 22 11005.8787  49926.916479  x:  0.02995   0.18565   0.23355   0.00000   0.13214   0.08450   0.02264   0.00885   0.01676   0.02119   0.01249   0.00057   0.01663   0.08740   0.03411   0.05821   0.03180   0.00791   0.06766   0.08058   0.06856   0.00034   0.00196   0.21193   0.30470   0.09142   0.01464   0.01560   0.03754   0.03897   0.03957   0.01345   0.01906   0.08501   0.00168   0.00000   0.02311   0.01209   0.04766   0.04761   0.06893   0.01342   0.14467   0.06322   0.04725   0.03615   0.09473   0.07081   2.07429   0.93960   0.90376   0.99255   1.74247   0.00010   0.01264  
 23 4318.6976  49904.745578  x:  0.03152   0.18388   0.23207   0.00000   0.13868   0.09134   0.02045   0.01002   0.01010   0.02111   0.01833   0.00811   0.01859   0.09096   0.03619   0.05903   0.02299   0.00677   0.06840   0.08051   0.07013   0.00034   0.00199   0.20779   0.29666   0.09299   0.01238   0.01562   0.03534   0.03621   0.04052   0.00995   0.01904   0.09186   0.00659   0.00000   0.02112   0.01141   0.03217   0.04559   0.07464   0.01069   0.14662   0.06107   0.04610   0.03390   0.09657   0.07086   2.08768   0.93989   0.90027   0.98973   1.75441   0.00010   0.01301  
 24 7977.4131  49853.381425  x:  0.03191   0.18037   0.22881   0.00000   0.14800   0.09649   0.01984   0.02110   0.00969   0.01127   0.01709   0.00301   0.01839   0.09151   0.04078   0.05929   0.00987   0.00864   0.06958   0.08045   0.07475   0.00035   0.00203   0.20025   0.28220   0.09339   0.01268   0.01667   0.03221   0.03257   0.04139   0.01048   0.01928   0.09816   0.00632   0.00000   0.01971   0.01225   0.00458   0.04215   0.07927   0.00936   0.15011   0.05762   0.04454   0.02911   0.09666   0.06922   2.11340   0.93998   0.89419   0.98449   1.77727   0.00010   0.01276  
 25 5003.2978  49828.720594  x:  0.03051   0.17805   0.22641   0.00000   0.15144   0.09476   0.02023   0.01865   0.01032   0.01319   0.01776   0.00367   0.01785   0.08780   0.04145   0.05834   0.00733   0.00999   0.06993   0.08039   0.07879   0.00035   0.00202   0.19578   0.27377   0.09198   0.01484   0.01650   0.03151   0.03179   0.04141   0.01267   0.01928   0.09767   0.00678   0.00000   0.02246   0.01570   0.00000   0.04099   0.08035   0.01196   0.15251   0.05630   0.04399   0.02809   0.09486   0.06757   2.13039   0.93960   0.89070   0.98124   1.79244   0.00010   0.01290  
 26 2829.4457  49779.474960  x:  0.02827   0.17302   0.22129   0.00000   0.16005   0.09326   0.02053   0.01729   0.01000   0.01290   0.01874   0.00342   0.01723   0.08169   0.04360   0.05684   0.00000   0.01225   0.07079   0.08023   0.08686   0.00035   0.00200   0.18592   0.25503   0.08975   0.01713   0.01628   0.02956   0.02954   0.04164   0.01539   0.01922   0.09848   0.00752   0.00000   0.02612   0.02113   0.00301   0.03864   0.08346   0.01379   0.15736   0.05329   0.04260   0.02508   0.09192   0.06455   2.16778   0.93888   0.88290   0.97405   1.82580   0.00010   0.01302  
 27 16069.7554  49684.287997  x:  0.02368   0.16070   0.20834   0.00000   0.18076   0.08989   0.02009   0.01105   0.01077   0.00981   0.01544   0.00415   0.01743   0.06828   0.04295   0.05382   0.01547   0.01329   0.07186   0.07951   0.10427   0.00033   0.00177   0.16272   0.20958   0.08515   0.01293   0.01469   0.02790   0.02698   0.04166   0.01321   0.01828   0.09640   0.00581   0.00000   0.02494   0.02044   0.00319   0.03432   0.08283   0.00156   0.16428   0.04709   0.03943   0.02477   0.08621   0.06122   2.26842   0.93555   0.86371   0.95552   1.91580   0.00010   0.01304  
 28 10643.2748  49637.373270  x:  0.02183   0.15201   0.19901   0.00000   0.19534   0.08716   0.01888   0.01234   0.00900   0.00881   0.01385   0.00444   0.01850   0.06184   0.04088   0.05262   0.02763   0.01086   0.07205   0.07869   0.11237   0.00032   0.00166   0.14714   0.17810   0.08331   0.00766   0.01443   0.02817   0.02651   0.04157   0.00776   0.01758   0.09424   0.00443   0.00000   0.01928   0.01355   0.00444   0.03226   0.07945   0.01462   0.16700   0.04346   0.03741   0.02734   0.08385   0.06109   2.34723   0.93214   0.84982   0.94157   1.98645   0.00010   0.01311  
 29 19506.0736  49580.501117  x:  0.02365   0.14564   0.19161   0.00000   0.20463   0.08052   0.01754   0.01883   0.01456   0.01927   0.01466   0.00278   0.01707   0.06431   0.03607   0.05346   0.02778   0.00364   0.07080   0.07729   0.10752   0.00033   0.00170   0.13936   0.15890   0.08513   0.01911   0.01492   0.03071   0.02944   0.04065   0.00849   0.01807   0.09009   0.00733   0.00000   0.01261   0.00411   0.00577   0.03365   0.07207   0.01392   0.16426   0.04341   0.03729   0.03468   0.08467   0.06465   2.42966   0.92640   0.83841   0.92870   2.06086   0.00010   0.01368  
 30 8638.3032  49502.252939  x:  0.02631   0.14181   0.18681   0.00000   0.20830   0.07271   0.01645   0.01860   0.00904   0.02061   0.01096   0.00159   0.01548   0.06982   0.03138   0.05475   0.02613   0.00000   0.06891   0.07592   0.09587   0.00029   0.00157   0.13889   0.15266   0.08779   0.01773   0.01342   0.03337   0.03307   0.03908   0.00979   0.01823   0.08405   0.00656   0.00000   0.01128   0.01027   0.00517   0.03686   0.06546   0.01280   0.15916   0.04592   0.03889   0.03571   0.08654   0.06781   2.50404   0.91959   0.83075   0.91842   2.12826   0.00010   0.01337  
 31 11254.3072  49392.398134  x:  0.03366   0.13258   0.17517   0.00000   0.21623   0.05425   0.01450   0.01562   0.00368   0.02441   0.00450   0.00270   0.01403   0.08596   0.02140   0.05812   0.02089   0.02093   0.06408   0.07257   0.06244   0.00024   0.00138   0.14056   0.14158   0.09514   0.01162   0.01086   0.03943   0.04176   0.03460   0.01023   0.01809   0.06992   0.00336   0.00000   0.00962   0.01655   0.00438   0.04494   0.05004   0.01062   0.14477   0.05263   0.04273   0.03674   0.09175   0.07535   2.70306   0.90071   0.81165   0.89179   2.30877   0.00010   0.01346  
 32 57591.0971  49339.637983  x:  0.03628   0.12914   0.17081   0.00000   0.21765   0.04772   0.01531   0.01352   0.01493   0.02345   0.00806   0.00334   0.01699   0.09255   0.02424   0.05884   0.02070   0.02211   0.06142   0.07079   0.04688   0.00025   0.00148   0.14407   0.14200   0.09776   0.00349   0.01184   0.04094   0.04471   0.03217   0.00816   0.01723   0.06582   0.00592   0.00000   0.01276   0.02106   0.00428   0.04814   0.04477   0.01075   0.13781   0.05579   0.04431   0.03316   0.09307   0.07671   2.80079   0.89081   0.80387   0.87976   2.39752   0.00010   0.01433  
 33 29510.2576  49225.418562  x:  0.03872   0.12652   0.16724   0.00000   0.21209   0.04919   0.02029   0.00667   0.01297   0.01124   0.01336   0.00000   0.02031   0.10023   0.04171   0.05705   0.03427   0.02307   0.05613   0.06741   0.02860   0.00024   0.00146   0.15837   0.16066   0.10019   0.01868   0.01087   0.03938   0.04634   0.02777   0.00372   0.01506   0.06686   0.01069   0.00000   0.02657   0.01978   0.00471   0.05128   0.04616   0.01433   0.12592   0.06071   0.04526   0.02939   0.09195   0.07300   2.98905   0.86996   0.79443   0.86043   2.56874   0.00010   0.01494  
 34 18372.5667  49217.031524  x:  0.03919   0.12601   0.16653   0.00000   0.21094   0.04947   0.02134   0.00557   0.01274   0.00853   0.01448   0.00029   0.02091   0.10174   0.04528   0.05668   0.03694   0.02310   0.05506   0.06673   0.02496   0.00024   0.00146   0.16127   0.16446   0.10067   0.02192   0.01067   0.03906   0.04667   0.02688   0.00299   0.01464   0.06702   0.01070   0.00000   0.02932   0.01953   0.00483   0.05190   0.04638   0.01505   0.12352   0.06170   0.04545   0.02861   0.09170   0.07223   3.02700   0.86575   0.79254   0.85654   2.60325   0.00010   0.01512  
 35 1177216.5154  49097.574683  x:  0.03982   0.12723   0.16718   0.00000   0.19292   0.06438   0.01993   0.01354   0.00841   0.01315   0.01665   0.00042   0.01558   0.11067   0.05455   0.05237   0.05768   0.02211   0.04867   0.06217   0.02367   0.00027   0.00154   0.18679   0.20679   0.10129   0.01724   0.01225   0.03451   0.04472   0.02664   0.03721   0.01853   0.07514   0.01035   0.00000   0.04340   0.00882   0.00670   0.05367   0.05937   0.01909   0.10869   0.06732   0.04468   0.01888   0.08846   0.06288   3.30519   0.83367   0.78608   0.83281   2.85598   0.00010   0.01711  
 36 24370.4698  48966.792306  x:  0.03342   0.13366   0.17372   0.00000   0.16638   0.06333   0.01273   0.01228   0.00816   0.01120   0.01469   0.00038   0.01422   0.10210   0.04370   0.04878   0.04597   0.01850   0.04942   0.06143   0.04198   0.00025   0.00138   0.20048   0.24084   0.09490   0.01124   0.01107   0.03054   0.03869   0.03056   0.02745   0.01637   0.07727   0.00899   0.00000   0.03995   0.00000   0.00549   0.05059   0.05925   0.01718   0.10659   0.06771   0.04304   0.02640   0.08207   0.05733   3.46221   0.81595   0.79286   0.82604   2.99732   0.00010   0.01747  
 37 11404.5685  48898.258329  x:  0.02726   0.14163   0.18218   0.00000   0.13813   0.07017   0.01153   0.02329   0.01029   0.01686   0.01527   0.00037   0.01582   0.09278   0.03057   0.04747   0.04366   0.02156   0.05118   0.06146   0.06002   0.00027   0.00137   0.21182   0.27447   0.08873   0.01064   0.01199   0.02721   0.03102   0.03573   0.01101   0.01579   0.08337   0.00792   0.00000   0.02693   0.01394   0.00543   0.04530   0.06000   0.01571   0.10646   0.06585   0.04123   0.03692   0.07738   0.05508   3.61634   0.80007   0.80221   0.82221   3.13573   0.00010   0.01858  
 38 32187.0897  48861.735608  x:  0.02449   0.14774   0.18943   0.00000   0.11923   0.07516   0.02862   0.02117   0.00947   0.02220   0.01071   0.00035   0.01435   0.08203   0.02975   0.05192   0.03974   0.02014   0.05376   0.06344   0.05795   0.00025   0.00131   0.21011   0.28630   0.08597   0.00938   0.01132   0.02832   0.02820   0.03660   0.00647   0.01993   0.08366   0.00658   0.00000   0.01274   0.01258   0.00529   0.03956   0.06138   0.01475   0.11458   0.06049   0.03888   0.02915   0.07829   0.05999   3.68298   0.79921   0.81225   0.82725   3.19434   0.00010   0.01882  
 39 5776.6865  48837.722415  x:  0.02435   0.15410   0.19780   0.00000   0.10268   0.07905   0.02028   0.01961   0.00981   0.02101   0.00948   0.00035   0.02081   0.07360   0.03061   0.05140   0.03984   0.01994   0.05681   0.06613   0.04924   0.00025   0.00130   0.20278   0.28980   0.08583   0.01075   0.01090   0.02854   0.02855   0.03422   0.01061   0.01812   0.08232   0.00662   0.00000   0.00559   0.01294   0.00542   0.03425   0.06277   0.01470   0.12501   0.05316   0.03738   0.02723   0.08150   0.06540   3.72485   0.80604   0.82502   0.83789   3.22967   0.00010   0.01892  
 40 3268.8914  48822.120043  x:  0.02493   0.15988   0.20597   0.00000   0.09006   0.08303   0.01621   0.02361   0.00917   0.02220   0.01015   0.00034   0.01660   0.07005   0.02951   0.05220   0.04099   0.01954   0.05938   0.06848   0.04241   0.00025   0.00133   0.19508   0.28979   0.08640   0.00927   0.01109   0.03040   0.02953   0.03316   0.00795   0.01783   0.08050   0.00617   0.00000   0.01376   0.01180   0.00546   0.03093   0.06272   0.01381   0.13314   0.04656   0.03692   0.02751   0.08388   0.06867   3.75639   0.81556   0.83817   0.85017   3.25538   0.00010   0.01908  
 41 3997.3060  48802.897803  x:  0.02653   0.16781   0.21926   0.00000   0.08162   0.08724   0.01853   0.02031   0.00994   0.01780   0.01436   0.00034   0.01053   0.08053   0.03076   0.05179   0.04124   0.02041   0.06100   0.07027   0.04387   0.00025   0.00134   0.18758   0.28489   0.08800   0.00872   0.01169   0.03077   0.03216   0.03275   0.01119   0.01702   0.07761   0.00793   0.00000   0.01168   0.01295   0.00557   0.03522   0.05635   0.01449   0.13499   0.04258   0.03879   0.03160   0.08145   0.06012   3.79461   0.83886   0.86307   0.87582   3.28400   0.00010   0.01924  
 42 1750.8776  48793.542409  x:  0.02665   0.17190   0.22663   0.00000   0.07923   0.08844   0.02128   0.02056   0.00949   0.01826   0.01256   0.00035   0.01833   0.08661   0.02979   0.05171   0.04088   0.02014   0.06100   0.07064   0.04636   0.00025   0.00132   0.18563   0.28108   0.08812   0.00911   0.01133   0.03142   0.03322   0.03336   0.01155   0.01853   0.07559   0.00758   0.00000   0.01471   0.01237   0.00550   0.03808   0.05414   0.01445   0.13394   0.04274   0.03989   0.03113   0.07994   0.05644   3.81685   0.85466   0.87941   0.89280   3.29998   0.00010   0.01935  
 43 3576.7305  48780.329446  x:  0.02359   0.17471   0.23333   0.00000   0.08273   0.08508   0.01693   0.02118   0.00959   0.02221   0.00954   0.00035   0.01671   0.08821   0.03301   0.04889   0.04157   0.02021   0.05824   0.06909   0.04901   0.00025   0.00129   0.19162   0.27480   0.08507   0.01075   0.01099   0.02922   0.03210   0.03256   0.00783   0.01794   0.07589   0.00649   0.00000   0.01345   0.01246   0.00541   0.04005   0.05592   0.01458   0.12723   0.04967   0.04012   0.02290   0.07956   0.06021   3.84554   0.87918   0.90448   0.91833   3.31877   0.00010   0.01945  
 44 1860.5912  48772.083941  x:  0.02077   0.17448   0.23477   0.00000   0.08758   0.08064   0.01939   0.02124   0.00934   0.01985   0.01143   0.00035   0.01667   0.08318   0.03250   0.05020   0.04143   0.02041   0.05558   0.06717   0.04709   0.00025   0.00132   0.20004   0.26986   0.08225   0.00930   0.01110   0.02851   0.02996   0.03350   0.01028   0.01883   0.07966   0.00687   0.00000   0.01393   0.01235   0.00526   0.03825   0.06052   0.01454   0.12229   0.05478   0.03910   0.02909   0.08088   0.06528   3.86546   0.89732   0.92330   0.93693   3.33045   0.00010   0.01959  
 45 1784.1931  48770.045640  x:  0.02291   0.17253   0.23184   0.00000   0.08899   0.07981   0.01923   0.02151   0.00961   0.01925   0.01213   0.00035   0.01637   0.08013   0.02908   0.05131   0.04186   0.02019   0.05527   0.06646   0.04543   0.00025   0.00133   0.20471   0.26871   0.08438   0.00986   0.01111   0.02974   0.03029   0.03394   0.00996   0.01814   0.08064   0.00707   0.00000   0.01334   0.01215   0.00529   0.03653   0.06218   0.01460   0.12212   0.05411   0.03859   0.02777   0.08039   0.06112   3.87104   0.90209   0.92905   0.94172   3.33227   0.00010   0.01960  
 46 545.9939  48769.021940  x:  0.02501   0.16962   0.22730   0.00000   0.08880   0.07979   0.01905   0.02185   0.00929   0.02063   0.01100   0.00035   0.01648   0.07912   0.03165   0.05147   0.04145   0.02018   0.05583   0.06618   0.04588   0.00025   0.00132   0.20845   0.26828   0.08649   0.00903   0.01107   0.03003   0.03078   0.03376   0.00947   0.01794   0.07996   0.00665   0.00000   0.01299   0.01224   0.00532   0.03582   0.06214   0.01436   0.12307   0.05208   0.03862   0.02926   0.08060   0.05965   3.87487   0.90458   0.93293   0.94435   3.33218   0.00010   0.01962  
 47 365.7733  48768.242013  x:  0.02597   0.16563   0.22159   0.00000   0.08751   0.08082   0.01925   0.02145   0.00951   0.01986   0.01159   0.00035   0.01649   0.08003   0.03084   0.05084   0.04148   0.02022   0.05679   0.06627   0.04736   0.00025   0.00132   0.21143   0.26808   0.08744   0.00939   0.01111   0.02942   0.03075   0.03344   0.00975   0.01862   0.07961   0.00694   0.00000   0.01337   0.01232   0.00537   0.03615   0.06069   0.01453   0.12432   0.04981   0.03891   0.02859   0.08115   0.06188   3.87885   0.90636   0.93645   0.94634   3.33084   0.00010   0.01960  
 48 303.8670  48768.001580  x:  0.02481   0.16333   0.21928   0.00000   0.08626   0.08151   0.01918   0.02157   0.00944   0.02007   0.01141   0.00035   0.01653   0.08075   0.03079   0.05096   0.04144   0.02016   0.05685   0.06659   0.04647   0.00025   0.00132   0.21114   0.26811   0.08628   0.00934   0.01111   0.02948   0.03043   0.03394   0.00975   0.01791   0.08003   0.00685   0.00000   0.01332   0.01223   0.00534   0.03669   0.06067   0.01449   0.12464   0.05041   0.03884   0.02865   0.08035   0.06147   3.88146   0.90671   0.93761   0.94680   3.32880   0.00010   0.01959  
 49 122.3863  48767.797522  x:  0.02517   0.16150   0.21840   0.00000   0.08561   0.08147   0.01879   0.02151   0.00949   0.01987   0.01158   0.00035   0.01645   0.08063   0.03100   0.05109   0.04147   0.02022   0.05655   0.06691   0.04663   0.00025   0.00132   0.20962   0.26886   0.08664   0.00940   0.01111   0.02992   0.03034   0.03407   0.00962   0.01937   0.08009   0.00690   0.00000   0.01322   0.01227   0.00532   0.03665   0.06092   0.01449   0.12434   0.05197   0.03874   0.02867   0.08064   0.06115   3.88577   0.90672   0.93820   0.94712   3.32479   0.00010   0.01959  
 50 102.5208  48767.400976  x:  0.02631   0.15861   0.21758   0.00000   0.08541   0.08138   0.01932   0.02167   0.00949   0.01988   0.01167   0.00035   0.01651   0.08026   0.03076   0.05135   0.04148   0.02023   0.05600   0.06738   0.04725   0.00025   0.00133   0.20677   0.27073   0.08778   0.00936   0.01123   0.02909   0.03046   0.03285   0.00967   0.01845   0.07991   0.00694   0.00000   0.01335   0.01225   0.00530   0.03636   0.06140   0.01450   0.12378   0.05428   0.03863   0.02876   0.08140   0.06115   3.89506   0.90661   0.93901   0.94765   3.31598   0.00010   0.01956  
 51 392.0037  48766.162273  x:  0.02724   0.15395   0.21787   0.00000   0.09065   0.08138   0.01972   0.02151   0.00954   0.01997   0.01164   0.00035   0.01652   0.07960   0.03102   0.04990   0.04137   0.02030   0.05567   0.06760   0.04741   0.00025   0.00133   0.20171   0.27768   0.08871   0.00951   0.01115   0.03128   0.03159   0.03603   0.00997   0.01650   0.07937   0.00702   0.00000   0.01340   0.01232   0.00539   0.03587   0.06130   0.01458   0.12349   0.05348   0.03900   0.02861   0.08043   0.06292   3.92788   0.90630   0.93995   0.94877   3.28449   0.00010   0.01945  
 52 388.7354  48764.105233  x:  0.02557   0.15051   0.21786   0.00000   0.09964   0.08048   0.01887   0.02141   0.00960   0.02093   0.01100   0.00035   0.01649   0.07944   0.03063   0.05125   0.04175   0.02015   0.05621   0.06724   0.04563   0.00025   0.00134   0.19657   0.28778   0.08704   0.00967   0.01117   0.02891   0.03104   0.03350   0.00971   0.01922   0.07903   0.00691   0.00000   0.01333   0.01232   0.00556   0.03649   0.06038   0.01474   0.12452   0.04928   0.03948   0.02899   0.07974   0.06208   3.98373   0.90633   0.94053   0.94957   3.23058   0.00010   0.01920  
 53 1293.8117  48762.098188  x:  0.02423   0.15737   0.21385   0.00000   0.10168   0.07763   0.01871   0.02144   0.00975   0.02096   0.01112   0.00035   0.01655   0.08126   0.03129   0.05389   0.04280   0.02034   0.05787   0.06657   0.04710   0.00025   0.00135   0.19610   0.29172   0.08570   0.01026   0.01117   0.03188   0.03088   0.03329   0.01005   0.01784   0.08054   0.00696   0.00000   0.01352   0.01244   0.00564   0.03800   0.06072   0.01493   0.12718   0.04969   0.03874   0.02837   0.08501   0.06120   4.04015   0.90783   0.93918   0.94771   3.17585   0.00010   0.01906  
 54 837.0990  48760.024165  x:  0.02558   0.16814   0.20948   0.00000   0.10017   0.07818   0.01974   0.02158   0.00973   0.02119   0.01115   0.00035   0.01659   0.08174   0.03109   0.04999   0.04305   0.02034   0.05833   0.06652   0.04575   0.00025   0.00138   0.19804   0.29132   0.08705   0.01006   0.01131   0.03018   0.03096   0.03362   0.01003   0.01869   0.08060   0.00702   0.00000   0.01361   0.01235   0.00568   0.03739   0.06154   0.01498   0.12792   0.05265   0.03877   0.02897   0.08180   0.06195   4.09838   0.90934   0.93754   0.94421   3.11896   0.00010   0.01888  
 55 1281.7843  48759.380850  x:  0.02578   0.16983   0.21077   0.00000   0.09802   0.08068   0.01901   0.02111   0.00988   0.02099   0.01128   0.00035   0.01662   0.08082   0.03151   0.05321   0.04267   0.02044   0.05709   0.06717   0.04615   0.00026   0.00138   0.20075   0.28857   0.08725   0.01026   0.01138   0.02976   0.03163   0.03434   0.01033   0.01849   0.07945   0.00720   0.00000   0.01390   0.01244   0.00571   0.03693   0.06089   0.01510   0.12562   0.05266   0.03977   0.02876   0.08067   0.06271   4.11669   0.90843   0.93724   0.94285   3.10092   0.00010   0.01882  
 56 492.9317  48758.651624  x:  0.02533   0.16808   0.21654   0.00000   0.09398   0.08262   0.01955   0.02104   0.00992   0.02091   0.01137   0.00035   0.01668   0.08025   0.03145   0.05095   0.04219   0.02047   0.05534   0.06823   0.04600   0.00026   0.00139   0.20649   0.28281   0.08680   0.01022   0.01148   0.03086   0.03193   0.03333   0.01035   0.01846   0.07907   0.00729   0.00000   0.01398   0.01245   0.00568   0.03754   0.06111   0.01505   0.12382   0.05162   0.04008   0.02890   0.08280   0.06192   4.13712   0.90545   0.93714   0.94136   3.08066   0.00010   0.01874  
 57 378.7584  48758.160542  x:  0.02628   0.16530   0.22259   0.00000   0.09065   0.08077   0.01966   0.02118   0.00990   0.02085   0.01146   0.00035   0.01672   0.08182   0.03174   0.05159   0.04288   0.02052   0.05610   0.06821   0.04613   0.00026   0.00140   0.21148   0.27838   0.08774   0.01029   0.01149   0.03039   0.03149   0.03377   0.01041   0.01846   0.08016   0.00727   0.00000   0.01399   0.01245   0.00569   0.03796   0.06195   0.01509   0.12587   0.05196   0.03922   0.02877   0.08150   0.06248   4.15074   0.90293   0.93681   0.94055   3.06723   0.00010   0.01871  
 58 333.8671  48758.115466  x:  0.02618   0.16484   0.22325   0.00000   0.09050   0.08110   0.01967   0.02111   0.00991   0.02089   0.01141   0.00035   0.01671   0.08186   0.03174   0.05151   0.04289   0.02050   0.05704   0.06759   0.04603   0.00026   0.00140   0.21204   0.27813   0.08765   0.01031   0.01147   0.03008   0.03156   0.03409   0.01046   0.01848   0.08012   0.00727   0.00000   0.01405   0.01243   0.00572   0.03724   0.06145   0.01511   0.12620   0.05260   0.03972   0.02877   0.08188   0.06228   4.15173   0.90316   0.93650   0.94038   3.06634   0.00010   0.01870  
 59 42.3836  48758.060145  x:  0.02622   0.16437   0.22370   0.00000   0.09025   0.08170   0.01963   0.02113   0.00993   0.02083   0.01147   0.00035   0.01671   0.08150   0.03170   0.05156   0.04275   0.02052   0.05770   0.06658   0.04611   0.00026   0.00140   0.21237   0.27825   0.08769   0.01026   0.01148   0.03077   0.03159   0.03341   0.01044   0.01845   0.07991   0.00729   0.00000   0.01402   0.01243   0.00569   0.03780   0.06147   0.01509   0.12630   0.05294   0.03958   0.02885   0.08146   0.06248   4.15224   0.90416   0.93582   0.94002   3.06611   0.00010   0.01870  
 60 16.6143  48757.776194  x:  0.02642   0.16315   0.22438   0.00000   0.08864   0.08138   0.01968   0.02118   0.00992   0.02092   0.01135   0.00035   0.01670   0.08109   0.03161   0.05145   0.04280   0.02052   0.05690   0.06541   0.04603   0.00026   0.00140   0.21253   0.27879   0.08789   0.01026   0.01145   0.02937   0.03151   0.03484   0.01030   0.01846   0.07983   0.00724   0.00000   0.01397   0.01245   0.00566   0.03872   0.06167   0.01508   0.12556   0.05185   0.03848   0.02883   0.08210   0.06231   4.15352   0.90790   0.93343   0.93877   3.06649   0.00010   0.01870  
 61 22.0213  48756.591746  x:  0.02601   0.16123   0.22512   0.00000   0.08661   0.07973   0.01976   0.02102   0.00990   0.02101   0.01096   0.00035   0.01670   0.08306   0.03158   0.05133   0.04282   0.02046   0.05418   0.06822   0.04689   0.00025   0.00139   0.21331   0.27978   0.08748   0.01019   0.01112   0.03100   0.03117   0.03309   0.01022   0.01836   0.08128   0.00702   0.00000   0.01375   0.01244   0.00576   0.03425   0.06209   0.01506   0.12511   0.05024   0.04079   0.02881   0.08087   0.06258   4.15770   0.91412   0.92901   0.93702   3.06939   0.00010   0.01871  
 62 56.6570  48739.978173  x:  0.02561   0.15770   0.22724   0.00000   0.09332   0.08478   0.01943   0.02033   0.01069   0.01933   0.00996   0.00034   0.01599   0.07574   0.03099   0.05121   0.04047   0.01986   0.05806   0.10398   0.04841   0.00014   0.00147   0.22131   0.27838   0.08699   0.01077   0.00918   0.02884   0.02971   0.03574   0.00982   0.01834   0.07336   0.00656   0.00000   0.01379   0.01198   0.00502   0.04374   0.06428   0.01441   0.13603   0.05859   0.04292   0.02962   0.08165   0.06090   4.21698   0.92583   0.91317   0.93718   3.11817   0.00010   0.01916  
 63 110.8473  48711.880957  x:  0.02565   0.15752   0.22630   0.00000   0.09383   0.08541   0.01941   0.01685   0.01133   0.01914   0.00572   0.00034   0.01579   0.07206   0.03205   0.05009   0.03756   0.01969   0.06164   0.10549   0.04991   0.00000   0.00144   0.21875   0.27181   0.08695   0.01119   0.00527   0.02879   0.03227   0.03433   0.01080   0.01829   0.08235   0.00472   0.00000   0.01604   0.01261   0.00481   0.04288   0.05966   0.01412   0.13227   0.05771   0.03623   0.02883   0.07990   0.06001   4.27598   0.92384   0.91105   0.93674   3.16675   0.00010   0.01919  
 64 1027.1957  48711.880957  x:  0.02565   0.15752   0.22630   0.00000   0.09383   0.08541   0.01941   0.01685   0.01133   0.01914   0.00572   0.00034   0.01579   0.07206   0.03205   0.05009   0.03756   0.01969   0.06164   0.10549   0.04991   0.00000   0.00144   0.21875   0.27181   0.08695   0.01119   0.00527   0.02879   0.03227   0.03433   0.01080   0.01829   0.08235   0.00472   0.00000   0.01604   0.01261   0.00481   0.04288   0.05966   0.01412   0.13227   0.05771   0.03623   0.02883   0.07990   0.06001   4.27598   0.92384   0.91105   0.93674   3.16675   0.00010   0.01919  
 65 2157.8935  48707.714706  x:  0.02565   0.15752   0.22630   0.00000   0.09383   0.08540   0.01941   0.01685   0.01133   0.01913   0.00571   0.00039   0.01578   0.07205   0.03205   0.05009   0.03755   0.01968   0.06164   0.10549   0.04991   0.00073   0.00147   0.21875   0.27181   0.08695   0.01119   0.00526   0.02879   0.03227   0.03433   0.01080   0.01829   0.08235   0.00472   0.00000   0.01605   0.01261   0.00482   0.04288   0.05967   0.01411   0.13228   0.05771   0.03623   0.02883   0.07990   0.06001   4.27598   0.92384   0.91105   0.93674   3.16675   0.00010   0.01918  
 66 56375.6350  48702.514666  x:  0.02546   0.15739   0.22604   0.00000   0.09395   0.08475   0.01924   0.01604   0.01156   0.01823   0.00490   0.00494   0.01511   0.07192   0.03195   0.04997   0.03672   0.01897   0.06154   0.10496   0.05032   0.00064   0.00245   0.21816   0.27097   0.08676   0.01132   0.00401   0.02877   0.03221   0.03426   0.01101   0.01818   0.08182   0.00425   0.00000   0.01681   0.01298   0.00550   0.04268   0.06008   0.01346   0.13247   0.05750   0.03636   0.02872   0.07970   0.05986   4.27615   0.92367   0.91110   0.93657   3.16687   0.00010   0.01773  
 67 4335.9507  48691.359341  x:  0.02494   0.15703   0.22531   0.00000   0.09430   0.08296   0.01882   0.01401   0.01210   0.01590   0.00312   0.00466   0.01350   0.07153   0.03170   0.04963   0.03438   0.01698   0.06123   0.10347   0.05147   0.00068   0.00078   0.21650   0.26860   0.08624   0.01167   0.00120   0.02876   0.03203   0.03408   0.01153   0.01790   0.08045   0.00342   0.00000   0.01874   0.01381   0.00700   0.04212   0.06113   0.01178   0.13298   0.05689   0.03670   0.02841   0.07913   0.05944   4.27662   0.92318   0.91122   0.93609   3.16722   0.00010   0.01623  
 68 2973.7142  48686.007335  x:  0.02464   0.15681   0.22486   0.00000   0.09453   0.08188   0.01859   0.01288   0.01238   0.01468   0.00230   0.00399   0.01266   0.07131   0.03156   0.04943   0.03295   0.01577   0.06105   0.10255   0.05218   0.00067   0.00173   0.21548   0.26715   0.08594   0.01187   0.00000   0.02879   0.03192   0.03398   0.01183   0.01775   0.07966   0.00311   0.00000   0.01986   0.01425   0.00779   0.04177   0.06174   0.01083   0.13327   0.05651   0.03690   0.02822   0.07879   0.05920   4.27691   0.92287   0.91130   0.93580   3.16743   0.00010   0.01586  
 69 10735.7256  48672.149724  x:  0.02330   0.15578   0.22279   0.00000   0.09571   0.07706   0.01786   0.00903   0.01329   0.01180   0.00238   0.00400   0.01052   0.07036   0.03109   0.04861   0.02645   0.01031   0.06021   0.09825   0.05548   0.00066   0.00191   0.21072   0.26032   0.08460   0.01288   0.00351   0.02945   0.03142   0.03371   0.01291   0.01720   0.07657   0.00381   0.00000   0.02441   0.01567   0.01034   0.04014   0.06416   0.00743   0.13447   0.05474   0.03776   0.02751   0.07728   0.05821   4.27829   0.92147   0.91158   0.93445   3.16846   0.00010   0.01780  
 70 4832.7488  48656.298835  x:  0.02151   0.15423   0.21960   0.00000   0.09801   0.07047   0.01792   0.00931   0.01376   0.01382   0.00815   0.00363   0.01267   0.06936   0.03111   0.04781   0.01716   0.00302   0.05907   0.09158   0.06082   0.00066   0.00202   0.20340   0.24960   0.08282   0.01321   0.00262   0.03011   0.03072   0.03329   0.01388   0.01655   0.07225   0.00488   0.00000   0.02865   0.01587   0.01124   0.03768   0.06646   0.00654   0.13587   0.05204   0.03885   0.02650   0.07542   0.05700   4.28051   0.91928   0.91182   0.93239   3.17017   0.00010   0.01612  
 71 4125.7684  48646.663842  x:  0.02049   0.15293   0.21687   0.00000   0.10060   0.06632   0.01894   0.01273   0.01297   0.01252   0.00700   0.00431   0.01349   0.06901   0.03148   0.04757   0.01118   0.00232   0.05849   0.08586   0.06591   0.00066   0.00173   0.19709   0.24003   0.08179   0.01291   0.00128   0.03056   0.03023   0.03305   0.01389   0.01639   0.06963   0.00465   0.00000   0.02968   0.01420   0.00942   0.03579   0.06694   0.00919   0.13648   0.04982   0.03946   0.02622   0.07452   0.05656   4.28262   0.91732   0.91178   0.93062   3.17182   0.00010   0.01927  
 72 2959.2670  48637.970113  x:  0.01975   0.15163   0.21403   0.00000   0.10357   0.06300   0.01999   0.01468   0.01211   0.01156   0.00489   0.00380   0.01341   0.06888   0.03171   0.04750   0.00683   0.00471   0.05808   0.08000   0.07133   0.00066   0.00199   0.19057   0.22994   0.08105   0.01286   0.00331   0.03114   0.02981   0.03295   0.01362   0.01647   0.06794   0.00492   0.00000   0.02986   0.01212   0.00698   0.03412   0.06692   0.01073   0.13683   0.04769   0.03995   0.02641   0.07397   0.05649   4.28495   0.91526   0.91152   0.92878   3.17371   0.00010   0.01635  
 73 4606.8536  48629.476973  x:  0.01961   0.15003   0.21033   0.00000   0.10795   0.06150   0.02042   0.01181   0.01222   0.01519   0.00483   0.00407   0.01175   0.06910   0.03122   0.04756   0.00765   0.00887   0.05772   0.07256   0.07791   0.00066   0.00181   0.18238   0.21659   0.08091   0.01276   0.00212   0.03121   0.02951   0.03278   0.01286   0.01661   0.06774   0.00527   0.00000   0.02849   0.01022   0.00498   0.03295   0.06611   0.00819   0.13674   0.04562   0.04021   0.02712   0.07418   0.05701   4.28841   0.91248   0.91064   0.92642   3.17659   0.00010   0.01746  
 74 2318.2507  48624.286935  x:  0.02044   0.14885   0.20726   0.00000   0.11212   0.06303   0.01991   0.01120   0.01332   0.01526   0.00354   0.00396   0.01464   0.06969   0.03110   0.04782   0.01160   0.00809   0.05738   0.06685   0.08080   0.00066   0.00187   0.17627   0.20552   0.08174   0.01263   0.00258   0.03090   0.02957   0.03290   0.01228   0.01686   0.06970   0.00473   0.00000   0.02694   0.01206   0.00853   0.03353   0.06586   0.00943   0.13667   0.04510   0.04004   0.02741   0.07518   0.05759   4.29201   0.91002   0.90901   0.92445   3.17974   0.00010   0.01739  
 75 1540.0652  48621.623037  x:  0.02139   0.14822   0.20538   0.00000   0.11469   0.06496   0.01917   0.01274   0.01214   0.01430   0.00452   0.00391   0.01186   0.07001   0.03142   0.04808   0.01237   0.00586   0.05728   0.06425   0.07936   0.00066   0.00189   0.17345   0.19917   0.08269   0.01249   0.00269   0.03041   0.02989   0.03303   0.01236   0.01690   0.07177   0.00478   0.00000   0.02492   0.01309   0.00873   0.03456   0.06506   0.00927   0.13621   0.04560   0.03961   0.02703   0.07595   0.05775   4.29504   0.90833   0.90728   0.92311   3.18246   0.00010   0.01699  
 76 1034.4597  48619.850366  x:  0.02211   0.14770   0.20369   0.00000   0.11647   0.06648   0.01859   0.01161   0.01247   0.01309   0.00489   0.00399   0.01330   0.06979   0.03134   0.04820   0.01062   0.00569   0.05747   0.06328   0.07534   0.00066   0.00186   0.17205   0.19433   0.08341   0.01288   0.00262   0.02997   0.03025   0.03317   0.01277   0.01682   0.07296   0.00404   0.00000   0.02331   0.01337   0.00703   0.03553   0.06430   0.00836   0.13563   0.04657   0.03905   0.02662   0.07620   0.05745   4.29875   0.90659   0.90501   0.92172   3.18583   0.00010   0.01708  
 77 748.3535  48618.784391  x:  0.02223   0.14726   0.20242   0.00000   0.11737   0.06716   0.01875   0.01092   0.01315   0.01369   0.00490   0.00401   0.01280   0.06924   0.03123   0.04814   0.00963   0.00694   0.05774   0.06338   0.07207   0.00066   0.00184   0.17169   0.19131   0.08353   0.01310   0.00232   0.02988   0.03039   0.03330   0.01291   0.01681   0.07293   0.00513   0.00000   0.02374   0.01401   0.00736   0.03601   0.06474   0.00975   0.13557   0.04736   0.03871   0.02652   0.07597   0.05700   4.30242   0.90506   0.90273   0.92048   3.18921   0.00010   0.01718  
 78 707.1703  48617.598738  x:  0.02194   0.14672   0.20099   0.00000   0.11797   0.06743   0.01929   0.01179   0.01273   0.01483   0.00451   0.00394   0.01260   0.06838   0.03131   0.04793   0.01009   0.00778   0.05803   0.06415   0.06915   0.00066   0.00188   0.17197   0.18853   0.08324   0.01289   0.00267   0.03002   0.03037   0.03334   0.01278   0.01676   0.07162   0.00361   0.00000   0.02501   0.01401   0.00789   0.03609   0.06551   0.00927   0.13552   0.04809   0.03846   0.02656   0.07537   0.05663   4.30781   0.90300   0.89951   0.91876   3.19416   0.00010   0.01728  
 79 792.8571  48616.206312  x:  0.02142   0.14604   0.19932   0.00000   0.11831   0.06733   0.01969   0.01275   0.01189   0.01495   0.00348   0.00398   0.01330   0.06735   0.03139   0.04757   0.01184   0.00743   0.05831   0.06546   0.06671   0.00066   0.00184   0.17278   0.18566   0.08272   0.01250   0.00253   0.03022   0.03022   0.03322   0.01249   0.01666   0.07003   0.00533   0.00000   0.02628   0.01293   0.00755   0.03581   0.06613   0.00796   0.13531   0.04873   0.03828   0.02677   0.07463   0.05647   4.31580   0.90011   0.89490   0.91629   3.20154   0.00010   0.01725  
 80 1367.6700  48613.766692  x:  0.02079   0.14507   0.19711   0.00000   0.11797   0.06626   0.01932   0.01156   0.01273   0.01381   0.00409   0.00395   0.01277   0.06638   0.03112   0.04701   0.01504   0.00562   0.05862   0.06779   0.06543   0.00066   0.00186   0.17472   0.18241   0.08209   0.01248   0.00273   0.03054   0.02987   0.03286   0.01215   0.01660   0.06790   0.00493   0.00000   0.02713   0.01026   0.00562   0.03492   0.06637   0.00988   0.13486   0.04913   0.03825   0.02727   0.07405   0.05686   4.33115   0.89489   0.88662   0.91166   3.21572   0.00010   0.01697  
 81 1462.2026  48606.328266  x:  0.02152   0.14323   0.19379   0.00000   0.11390   0.06051   0.01779   0.01235   0.01233   0.01041   0.00777   0.00400   0.01300   0.06812   0.03129   0.04745   0.01432   0.00869   0.05916   0.07336   0.06961   0.00066   0.00184   0.18108   0.17875   0.08283   0.01354   0.00211   0.03032   0.02896   0.03182   0.01335   0.01698   0.06987   0.00481   0.00000   0.02546   0.01156   0.00849   0.03319   0.06514   0.00891   0.13323   0.04804   0.03933   0.02639   0.07529   0.05862   4.38553   0.87806   0.86074   0.89588   3.26606   0.00010   0.01753  
 82 1482.7563  48600.538475  x:  0.02272   0.14253   0.19362   0.00000   0.11042   0.05927   0.01977   0.01122   0.01264   0.01476   0.00343   0.00394   0.01254   0.06997   0.03102   0.04809   0.01116   0.00552   0.05867   0.07496   0.07312   0.00066   0.00183   0.18453   0.17861   0.08402   0.01168   0.00266   0.02998   0.02897   0.03196   0.01286   0.01673   0.07231   0.00444   0.00000   0.02330   0.01345   0.00795   0.03313   0.06366   0.00904   0.13231   0.04667   0.03976   0.02532   0.07557   0.05765   4.42864   0.86597   0.84390   0.88377   3.30586   0.00010   0.01761  
 83 3200.3309  48596.384825  x:  0.02313   0.14278   0.19666   0.00000   0.10776   0.06354   0.01949   0.01158   0.01185   0.01532   0.00296   0.00396   0.01264   0.06990   0.03061   0.04703   0.00984   0.00504   0.05757   0.07191   0.07507   0.00066   0.00181   0.18398   0.18096   0.08443   0.01577   0.00243   0.02983   0.02983   0.03305   0.01178   0.01623   0.07175   0.00442   0.00000   0.02418   0.01428   0.00694   0.03452   0.06383   0.00898   0.13294   0.04549   0.03915   0.02930   0.07413   0.05514   4.46448   0.85829   0.83719   0.87468   3.33869   0.00010   0.01780  
 84 1847.4778  48588.957548  x:  0.02273   0.14364   0.20346   0.00000   0.10358   0.07173   0.01835   0.01197   0.01319   0.01313   0.00494   0.00398   0.01268   0.06854   0.03043   0.04539   0.00903   0.00687   0.05563   0.06449   0.07670   0.00066   0.00181   0.18094   0.18604   0.08403   0.01117   0.00240   0.02957   0.03122   0.03454   0.01145   0.01609   0.06905   0.00476   0.00000   0.02613   0.01373   0.00624   0.03690   0.06461   0.00838   0.13451   0.04404   0.03773   0.02768   0.07181   0.05208   4.52740   0.84690   0.83104   0.86000   3.39604   0.00010   0.01800  
 85 4204.1768  48583.143141  x:  0.02133   0.14459   0.20880   0.00000   0.10176   0.07305   0.01886   0.01031   0.00985   0.01374   0.00454   0.00398   0.01305   0.06671   0.03139   0.04705   0.00895   0.00686   0.05494   0.05924   0.07413   0.00066   0.00180   0.17737   0.18965   0.08263   0.01230   0.00237   0.02894   0.03084   0.03300   0.01371   0.01683   0.06800   0.00471   0.00000   0.02638   0.01082   0.00781   0.03674   0.06471   0.00932   0.13530   0.04472   0.03718   0.02543   0.07362   0.05725   4.57878   0.84112   0.83230   0.85139   3.44238   0.00010   0.01821  
 86 2790.3466  48579.028690  x:  0.02021   0.14536   0.21243   0.00000   0.10135   0.07206   0.01939   0.01220   0.01377   0.01431   0.00381   0.00394   0.01246   0.06595   0.03178   0.04839   0.00942   0.00660   0.05487   0.05633   0.07161   0.00066   0.00181   0.17468   0.19185   0.08151   0.01405   0.00247   0.02883   0.03011   0.03163   0.01447   0.01715   0.06802   0.00487   0.00000   0.02612   0.00940   0.00813   0.03588   0.06451   0.00821   0.13557   0.04569   0.03722   0.02490   0.07517   0.06072   4.61903   0.83806   0.83511   0.84631   3.47846   0.00010   0.01833  
 87 5982.7899  48565.277816  x:  0.01788   0.14779   0.21992   0.00000   0.10573   0.06054   0.01726   0.01232   0.01247   0.01400   0.00371   0.00398   0.01256   0.06724   0.02892   0.04854   0.01385   0.00688   0.05709   0.05555   0.06466   0.00066   0.00179   0.16793   0.19477   0.07918   0.01208   0.00221   0.03190   0.02695   0.03055   0.00932   0.01658   0.07097   0.00444   0.00000   0.02506   0.01603   0.00454   0.03095   0.06426   0.00872   0.13545   0.04968   0.03977   0.02711   0.07626   0.05872   4.74860   0.83607   0.85159   0.83956   3.59337   0.00010   0.01865  
 88 3818.2381  48550.749770  x:  0.01900   0.15018   0.22259   0.00000   0.11519   0.05424   0.02333   0.01095   0.01234   0.01302   0.00440   0.00397   0.01227   0.07087   0.03279   0.04639   0.01625   0.00629   0.05990   0.06163   0.06379   0.00066   0.00178   0.16491   0.19426   0.08030   0.01265   0.00202   0.03266   0.02814   0.03259   0.01670   0.01624   0.07138   0.00433   0.00000   0.02201   0.01267   0.00736   0.03019   0.06255   0.00865   0.13362   0.05103   0.04084   0.02812   0.07256   0.04976   4.89601   0.84105   0.87091   0.84233   3.72285   0.00010   0.01917  
 89 5582.3526  48525.476640  x:  0.02236   0.15218   0.21621   0.00000   0.12974   0.05836   0.01458   0.01161   0.01240   0.01551   0.00232   0.00393   0.01222   0.07129   0.02904   0.04329   0.01021   0.00534   0.06264   0.07559   0.07142   0.00066   0.00176   0.16716   0.18932   0.08365   0.01331   0.00228   0.02766   0.03202   0.03395   0.01331   0.01277   0.06783   0.00462   0.00000   0.02532   0.00839   0.00852   0.03653   0.06384   0.00835   0.13181   0.04745   0.03980   0.02425   0.07125   0.05538   5.14204   0.85984   0.89866   0.86313   3.93668   0.00010   0.02023  
 90 6506.0962  48514.540681  x:  0.02186   0.15175   0.20995   0.00000   0.13269   0.06325   0.01984   0.01049   0.01268   0.01357   0.00388   0.00399   0.01227   0.06802   0.03021   0.04723   0.00774   0.00456   0.06214   0.07929   0.07556   0.00066   0.00172   0.16895   0.18693   0.08315   0.01232   0.00174   0.02831   0.03213   0.03500   0.01044   0.01952   0.06694   0.00466   0.00000   0.02794   0.01186   0.00593   0.03818   0.06515   0.00756   0.13187   0.04516   0.03893   0.02530   0.07289   0.05907   5.25709   0.87141   0.90890   0.87714   4.03568   0.00010   0.02078  
 91 9062.7058  48505.321376  x:  0.01868   0.14901   0.20043   0.00000   0.12562   0.06630   0.01799   0.01055   0.01270   0.01395   0.00339   0.00396   0.01227   0.06164   0.03290   0.05009   0.00759   0.00501   0.05842   0.07465   0.07647   0.00066   0.00172   0.16988   0.18597   0.07998   0.01089   0.00194   0.02764   0.02958   0.02977   0.01401   0.01585   0.06948   0.00430   0.00000   0.02718   0.01362   0.00470   0.03548   0.06490   0.00776   0.13291   0.04371   0.03784   0.02736   0.07486   0.05484   5.34973   0.88499   0.91252   0.89444   4.11321   0.00010   0.02110  
 92 3726.4504  48500.200690  x:  0.01857   0.14676   0.19444   0.00000   0.11782   0.06617   0.01711   0.01093   0.01246   0.01434   0.00293   0.00395   0.01203   0.06174   0.03000   0.04827   0.00758   0.00511   0.05542   0.06812   0.07438   0.00066   0.00170   0.16974   0.18592   0.07987   0.01213   0.00167   0.03189   0.02828   0.03179   0.01284   0.01781   0.06984   0.00421   0.00000   0.02466   0.01106   0.00693   0.03293   0.06349   0.00762   0.13319   0.04386   0.03741   0.02556   0.07402   0.05272   5.40301   0.89450   0.91241   0.90659   4.15636   0.00010   0.02127  
 93 3239.8209  48498.069828  x:  0.02032   0.14553   0.19276   0.00000   0.11342   0.06498   0.01977   0.01072   0.01231   0.01366   0.00343   0.00396   0.01201   0.06529   0.03016   0.04634   0.00851   0.00546   0.05448   0.06377   0.07270   0.00066   0.00170   0.16928   0.18581   0.08161   0.01220   0.00171   0.03077   0.02860   0.03178   0.01172   0.01526   0.06840   0.00434   0.00000   0.02488   0.01157   0.00655   0.03249   0.06337   0.00762   0.13338   0.04445   0.03788   0.02522   0.07273   0.05431   5.42573   0.89928   0.91125   0.91256   4.17352   0.00010   0.02131  
 94 1598.1419  48497.591470  x:  0.02101   0.14503   0.19325   0.00000   0.11204   0.06403   0.01878   0.01086   0.01234   0.01399   0.00312   0.00395   0.01205   0.06645   0.03078   0.04607   0.00892   0.00550   0.05479   0.06250   0.07222   0.00066   0.00170   0.16909   0.18548   0.08231   0.01171   0.00177   0.02996   0.02911   0.03213   0.01286   0.01657   0.06785   0.00440   0.00000   0.02549   0.01193   0.00589   0.03303   0.06356   0.00768   0.13330   0.04471   0.03821   0.02592   0.07238   0.05475   5.43142   0.90069   0.91058   0.91416   4.17687   0.00010   0.02134  
 95 527.1073  48497.329437  x:  0.02109   0.14429   0.19540   0.00000   0.11103   0.06322   0.01882   0.01087   0.01229   0.01387   0.00322   0.00395   0.01204   0.06640   0.03032   0.04742   0.00901   0.00545   0.05592   0.06191   0.07210   0.00066   0.00170   0.16918   0.18452   0.08238   0.01158   0.00181   0.02895   0.02966   0.03207   0.01224   0.01684   0.06792   0.00439   0.00000   0.02588   0.01117   0.00616   0.03408   0.06362   0.00767   0.13285   0.04494   0.03842   0.02615   0.07251   0.05399   5.43569   0.90188   0.90976   0.91518   4.17735   0.00010   0.02135  
 96 172.1864  48497.024170  x:  0.02057   0.14309   0.19951   0.00000   0.10991   0.06321   0.01893   0.01089   0.01232   0.01392   0.00316   0.00395   0.01206   0.06581   0.03089   0.04672   0.00920   0.00541   0.05737   0.06179   0.07242   0.00066   0.00170   0.16986   0.18245   0.08187   0.01216   0.00175   0.02964   0.02978   0.03258   0.01235   0.01637   0.06822   0.00436   0.00000   0.02610   0.01161   0.00577   0.03439   0.06364   0.00771   0.13222   0.04505   0.03849   0.02519   0.07274   0.05401   5.44232   0.90344   0.90876   0.91624   4.17605   0.00010   0.02134  
 97 180.6280  48496.788504  x:  0.02037   0.14236   0.20257   0.00000   0.10911   0.06378   0.01915   0.01086   0.01232   0.01388   0.00322   0.00395   0.01203   0.06590   0.03030   0.04601   0.00876   0.00532   0.05766   0.06201   0.07241   0.00066   0.00170   0.17079   0.18065   0.08166   0.01146   0.00175   0.03002   0.02929   0.03219   0.01270   0.01627   0.06817   0.00436   0.00000   0.02566   0.01157   0.00619   0.03372   0.06350   0.00768   0.13198   0.04497   0.03832   0.02628   0.07264   0.05460   5.44842   0.90436   0.90842   0.91671   4.17391   0.00010   0.02133  
 98 262.7368  48496.408401  x:  0.02099   0.14207   0.20571   0.00000   0.10755   0.06457   0.01876   0.01085   0.01231   0.01395   0.00316   0.00395   0.01203   0.06678   0.03065   0.04684   0.00882   0.00539   0.05614   0.06254   0.07228   0.00066   0.00170   0.17281   0.17795   0.08229   0.01190   0.00180   0.02972   0.02839   0.03109   0.01236   0.01691   0.06760   0.00443   0.00000   0.02531   0.01177   0.00621   0.03207   0.06357   0.00769   0.13250   0.04452   0.03800   0.02564   0.07182   0.05420   5.46008   0.90482   0.90910   0.91659   4.16831   0.00010   0.02129  
 99 245.2881  48495.420802  x:  0.02165   0.14261   0.20863   0.00000   0.10269   0.06394   0.01897   0.01105   0.01231   0.01394   0.00318   0.00395   0.01209   0.06685   0.03045   0.04771   0.00933   0.00566   0.05188   0.06323   0.07200   0.00066   0.00170   0.17781   0.17289   0.08295   0.01158   0.00177   0.02990   0.02981   0.03342   0.01285   0.01585   0.06828   0.00439   0.00000   0.02541   0.01154   0.00598   0.03273   0.06401   0.00767   0.13439   0.04389   0.03799   0.02615   0.07318   0.05445   5.49339   0.90407   0.91245   0.91511   4.15029   0.00010   0.02123  
100 416.9776  48493.989038  x:  0.02104   0.14384   0.20856   0.00000   0.09786   0.06376   0.01971   0.01105   0.01231   0.01402   0.00319   0.00395   0.01209   0.06666   0.03115   0.04454   0.00930   0.00567   0.05257   0.06263   0.07247   0.00066   0.00171   0.18280   0.16971   0.08233   0.01175   0.00187   0.02850   0.02977   0.03136   0.01160   0.01757   0.06927   0.00432   0.00000   0.02485   0.01139   0.00636   0.03562   0.06335   0.00776   0.13481   0.04496   0.03874   0.02611   0.07301   0.05421   5.54403   0.90214   0.91638   0.91303   4.12149   0.00010   0.02111  
101 798.2797  48490.957677  x:  0.02149   0.14631   0.20656   0.00000   0.09386   0.06609   0.01993   0.01158   0.01220   0.01411   0.00320   0.00393   0.01221   0.06847   0.02816   0.04731   0.00970   0.00546   0.05987   0.06041   0.07382   0.00066   0.00173   0.18851   0.16866   0.08279   0.01227   0.00185   0.03064   0.02876   0.03095   0.01435   0.01650   0.06850   0.00449   0.00000   0.02553   0.01282   0.00569   0.03607   0.06267   0.00804   0.13345   0.04716   0.03950   0.02554   0.07148   0.05466   5.65592   0.89857   0.92054   0.91012   4.05671   0.00010   0.02086  
102 1729.8824  48487.756307  x:  0.02279   0.14812   0.20541   0.00000   0.09351   0.06752   0.01829   0.01095   0.01246   0.01425   0.00328   0.00393   0.01223   0.06933   0.03298   0.04903   0.00870   0.00521   0.06511   0.05912   0.07365   0.00066   0.00174   0.19056   0.17058   0.08409   0.01111   0.00172   0.03261   0.02836   0.03289   0.01200   0.01518   0.06847   0.00454   0.00000   0.02594   0.01152   0.00712   0.03366   0.06273   0.00801   0.13211   0.04766   0.03905   0.02745   0.07257   0.05508   5.77491   0.89600   0.92169   0.90807   3.98740   0.00010   0.02066  
103 4102.9019  48479.654021  x:  0.02506   0.14952   0.20617   0.00000   0.10173   0.06747   0.01982   0.01161   0.01235   0.01410   0.00364   0.00392   0.01249   0.06667   0.03039   0.04532   0.00992   0.00537   0.06524   0.06030   0.07209   0.00066   0.00176   0.18574   0.18114   0.08635   0.01188   0.00191   0.02762   0.03026   0.03383   0.01255   0.01721   0.07150   0.00437   0.00000   0.02767   0.01122   0.00670   0.02783   0.06580   0.00811   0.13230   0.04355   0.03662   0.02636   0.07795   0.05374   6.07087   0.89342   0.91692   0.90511   3.81425   0.00010   0.01996  
104 4606.2398  48474.303881  x:  0.02215   0.14837   0.20766   0.00000   0.10932   0.06572   0.01905   0.01149   0.01250   0.01412   0.00371   0.00391   0.01238   0.06704   0.03090   0.04741   0.01066   0.00587   0.05796   0.06385   0.07135   0.00066   0.00177   0.17887   0.18943   0.08344   0.01223   0.00195   0.02969   0.02997   0.03278   0.01251   0.01674   0.07014   0.00453   0.00000   0.02359   0.01284   0.00715   0.03462   0.06519   0.00830   0.13374   0.04300   0.03751   0.02662   0.07308   0.05583   6.26968   0.89361   0.91134   0.90326   3.69776   0.00010   0.01951  
105 5313.6234  48474.005641  x:  0.02201   0.14793   0.20772   0.00000   0.10987   0.06641   0.01901   0.01149   0.01246   0.01414   0.00373   0.00391   0.01244   0.06820   0.03090   0.04738   0.01033   0.00591   0.05683   0.06452   0.07204   0.00066   0.00177   0.17807   0.18983   0.08329   0.01222   0.00190   0.03023   0.02950   0.03235   0.01260   0.01677   0.07038   0.00452   0.00000   0.02480   0.01226   0.00700   0.03492   0.06481   0.00826   0.13449   0.04583   0.03859   0.02654   0.07434   0.05539   6.28080   0.89424   0.91078   0.90276   3.69127   0.00010   0.01952  
106 410.1127  48473.982812  x:  0.02220   0.14771   0.20763   0.00000   0.10974   0.06642   0.01902   0.01150   0.01248   0.01414   0.00373   0.00391   0.01244   0.06773   0.03090   0.04740   0.01029   0.00590   0.05684   0.06472   0.07223   0.00066   0.00177   0.17786   0.18986   0.08348   0.01219   0.00191   0.03001   0.02958   0.03255   0.01258   0.01677   0.07044   0.00451   0.00000   0.02484   0.01233   0.00704   0.03469   0.06438   0.00827   0.13474   0.04640   0.03860   0.02656   0.07399   0.05553   6.28164   0.89465   0.91077   0.90235   3.69079   0.00010   0.01952  
107 46.2608  48473.976276  x:  0.02218   0.14739   0.20746   0.00000   0.10966   0.06644   0.01901   0.01150   0.01248   0.01415   0.00373   0.00391   0.01243   0.06785   0.03090   0.04740   0.01031   0.00589   0.05698   0.06483   0.07219   0.00066   0.00178   0.17781   0.18987   0.08346   0.01220   0.00192   0.03003   0.02964   0.03253   0.01258   0.01678   0.07033   0.00452   0.00000   0.02486   0.01238   0.00706   0.03471   0.06416   0.00827   0.13493   0.04623   0.03844   0.02656   0.07412   0.05549   6.28187   0.89515   0.91080   0.90184   3.69067   0.00010   0.01952  
108 15.3576  48473.974118  x:  0.02222   0.14727   0.20741   0.00000   0.10969   0.06644   0.01902   0.01150   0.01247   0.01414   0.00373   0.00391   0.01244   0.06786   0.03091   0.04740   0.01032   0.00590   0.05699   0.06480   0.07216   0.00066   0.00178   0.17786   0.18989   0.08350   0.01219   0.00190   0.03007   0.02957   0.03251   0.01259   0.01677   0.07050   0.00451   0.00000   0.02492   0.01231   0.00704   0.03474   0.06429   0.00827   0.13492   0.04614   0.03853   0.02656   0.07403   0.05552   6.28194   0.89534   0.91081   0.90166   3.69067   0.00031   0.01952  
109  7.8614  48473.968913  x:  0.02228   0.14706   0.20735   0.00000   0.10980   0.06643   0.01902   0.01150   0.01248   0.01415   0.00373   0.00391   0.01243   0.06775   0.03090   0.04739   0.01030   0.00591   0.05691   0.06465   0.07220   0.00066   0.00178   0.17805   0.18994   0.08356   0.01221   0.00191   0.03004   0.02954   0.03254   0.01259   0.01677   0.07033   0.00452   0.00000   0.02471   0.01235   0.00704   0.03475   0.06456   0.00827   0.13468   0.04622   0.03871   0.02656   0.07412   0.05549   6.28205   0.89555   0.91083   0.90142   3.69073   0.00132   0.01952  
110  8.8432  48473.934153  x:  0.02200   0.14660   0.20727   0.00000   0.10999   0.06636   0.01898   0.01148   0.01247   0.01415   0.00373   0.00391   0.01244   0.06803   0.03091   0.04744   0.01027   0.00592   0.05669   0.06444   0.07233   0.00066   0.00177   0.17838   0.19003   0.08328   0.01222   0.00191   0.02994   0.03005   0.03254   0.01254   0.01681   0.07055   0.00450   0.00000   0.02473   0.01236   0.00701   0.03455   0.06488   0.00828   0.13416   0.04666   0.03796   0.02656   0.07390   0.05555   6.28273   0.89560   0.91090   0.90125   3.69130   0.00923   0.01952  
111 23.1373  48473.636556  x:  0.02296   0.14543   0.20743   0.00000   0.10995   0.06601   0.01907   0.01153   0.01247   0.01416   0.00373   0.00388   0.01245   0.06747   0.03088   0.04734   0.01040   0.00597   0.05645   0.06455   0.07226   0.00066   0.00178   0.17837   0.19032   0.08422   0.01212   0.00187   0.03056   0.02906   0.03212   0.01262   0.01672   0.07048   0.00451   0.00000   0.02540   0.01234   0.00699   0.03530   0.06402   0.00833   0.13377   0.04652   0.03712   0.02662   0.07418   0.05549   6.28842   0.89463   0.91105   0.90160   3.69629   0.07706   0.01952  
112 215.7375  48473.478376  x:  0.02233   0.14562   0.20746   0.00000   0.10988   0.06654   0.01899   0.01151   0.01246   0.01417   0.00372   0.00386   0.01244   0.06783   0.03091   0.04743   0.01040   0.00596   0.05692   0.06480   0.07197   0.00066   0.00178   0.17828   0.19028   0.08359   0.01218   0.00190   0.02997   0.02961   0.03259   0.01255   0.01679   0.07057   0.00449   0.00000   0.02496   0.01232   0.00705   0.03472   0.06392   0.00832   0.13483   0.04611   0.03877   0.02657   0.07401   0.05557   6.29149   0.89440   0.91084   0.90178   3.69901   0.11354   0.01953  
113 745.8349  48473.448978  x:  0.02237   0.14684   0.20752   0.00000   0.10991   0.06643   0.01901   0.01151   0.01246   0.01417   0.00371   0.00386   0.01244   0.06778   0.03091   0.04741   0.01040   0.00595   0.05719   0.06477   0.07206   0.00066   0.00178   0.17825   0.19015   0.08363   0.01217   0.00189   0.03019   0.02974   0.03239   0.01255   0.01679   0.07056   0.00449   0.00000   0.02454   0.01226   0.00699   0.03479   0.06458   0.00827   0.13558   0.04635   0.03848   0.02657   0.07403   0.05556   6.29208   0.89492   0.91046   0.90159   3.69955   0.11996   0.01954  
114 101.7310  48473.439964  x:  0.02223   0.14761   0.20754   0.00000   0.10996   0.06641   0.01901   0.01151   0.01246   0.01417   0.00371   0.00386   0.01244   0.06783   0.03091   0.04741   0.01040   0.00596   0.05709   0.06469   0.07205   0.00066   0.00178   0.17830   0.19006   0.08348   0.01218   0.00190   0.03001   0.02944   0.03259   0.01256   0.01677   0.07056   0.00449   0.00000   0.02466   0.01227   0.00700   0.03482   0.06443   0.00829   0.13533   0.04633   0.03841   0.02657   0.07402   0.05555   6.29228   0.89530   0.91028   0.90141   3.69974   0.12151   0.01954  
115 26.5758  48473.434368  x:  0.02225   0.14797   0.20755   0.00000   0.10997   0.06641   0.01900   0.01151   0.01246   0.01417   0.00372   0.00386   0.01244   0.06777   0.03091   0.04741   0.01041   0.00597   0.05699   0.06466   0.07202   0.00066   0.00178   0.17830   0.19002   0.08350   0.01217   0.00189   0.03016   0.02973   0.03240   0.01255   0.01679   0.07056   0.00449   0.00000   0.02480   0.01229   0.00702   0.03477   0.06424   0.00830   0.13506   0.04626   0.03854   0.02658   0.07401   0.05556   6.29242   0.89548   0.91020   0.90131   3.69987   0.12206   0.01954  
116 12.9508  48472.318902  x:  0.02242   0.14862   0.20699   0.00000   0.10468   0.06797   0.01907   0.01170   0.01237   0.01424   0.00366   0.00369   0.01245   0.06854   0.03087   0.04748   0.01067   0.00601   0.05711   0.06973   0.07179   0.00067   0.00179   0.17316   0.18979   0.08359   0.01216   0.00187   0.02988   0.02956   0.03251   0.01247   0.01681   0.07093   0.00443   0.00000   0.02347   0.01219   0.00682   0.03473   0.06771   0.00847   0.13055   0.04626   0.03838   0.02653   0.07419   0.05575   6.32457   0.89497   0.90983   0.89989   3.73186   0.15208   0.01960  
117  4.1237  48454.407431  x:  0.02461   0.14751   0.21136   0.00000   0.10892   0.06998   0.01823   0.01253   0.01148   0.01556   0.00287   0.00099   0.01264   0.06775   0.03075   0.04801   0.01551   0.00921   0.05794   0.07365   0.06375   0.00068   0.00202   0.18536   0.19930   0.08446   0.01119   0.00142   0.02895   0.03015   0.03270   0.01079   0.01719   0.07383   0.00367   0.00000   0.01905   0.01209   0.00618   0.03681   0.06174   0.01040   0.13313   0.04890   0.03720   0.02704   0.07480   0.05747   6.83649   0.88527   0.89004   0.88925   4.24226   0.62365   0.02071  
118 907.0262  48447.856161  x:  0.02496   0.14800   0.21249   0.00000   0.10805   0.06806   0.01850   0.01227   0.01189   0.01643   0.00244   0.00028   0.01286   0.06843   0.03079   0.04761   0.01448   0.00838   0.05789   0.06941   0.06951   0.00068   0.00188   0.18344   0.19327   0.08396   0.01199   0.00150   0.02931   0.03017   0.03270   0.01207   0.01656   0.07238   0.00446   0.00000   0.02431   0.01246   0.00659   0.03599   0.06269   0.00941   0.13441   0.04698   0.03816   0.02680   0.07464   0.05646   6.98294   0.87971   0.89603   0.88283   4.58161   0.99001   0.02028  
119  0.3965  48445.232517  x:  0.02519   0.14833   0.21335   0.00000   0.10738   0.06696   0.01874   0.01217   0.01213   0.01667   0.00231   0.00122   0.01302   0.06890   0.03085   0.04739   0.01362   0.00777   0.05792   0.06643   0.07290   0.00066   0.00171   0.18267   0.18945   0.08362   0.01246   0.00163   0.02959   0.03015   0.03274   0.01276   0.01625   0.07155   0.00498   0.00000   0.02698   0.01260   0.00669   0.03541   0.06317   0.00882   0.13535   0.04588   0.03873   0.02667   0.07459   0.05580   7.04445   0.87722   0.90055   0.87996   4.79830   1.21483   0.02021  
120  1.6520  48439.913095  x:  0.02710   0.14901   0.21761   0.00000   0.10098   0.06904   0.01911   0.01207   0.01217   0.01619   0.00137   0.00129   0.01242   0.06963   0.03101   0.04789   0.01239   0.00659   0.05896   0.06744   0.06735   0.00063   0.00161   0.18866   0.19033   0.08236   0.01173   0.00216   0.02979   0.02983   0.03293   0.01131   0.01712   0.07288   0.00437   0.00000   0.02004   0.01201   0.00632   0.03450   0.06299   0.00908   0.13432   0.04778   0.03804   0.02678   0.07535   0.05608   7.00208   0.88481   0.90155   0.88761   5.49901   1.93803   0.01982  
121  0.4188  48437.939494  x:  0.02782   0.14795   0.21479   0.00000   0.10536   0.06849   0.01846   0.01225   0.01193   0.01576   0.00362   0.00136   0.01263   0.06881   0.03094   0.04767   0.01286   0.00767   0.05862   0.06901   0.06897   0.00060   0.00168   0.18647   0.19079   0.08131   0.01201   0.00169   0.02942   0.02999   0.03279   0.01173   0.01691   0.07270   0.00405   0.00000   0.02279   0.01219   0.00685   0.03529   0.06253   0.00935   0.13436   0.04743   0.03803   0.02724   0.07503   0.05652   6.92238   0.88336   0.89819   0.88664   6.05188   2.49250   0.01978  
122  0.4260  48436.723164  x:  0.02845   0.14786   0.21368   0.00000   0.10628   0.06825   0.01901   0.01226   0.01191   0.01688   0.00132   0.00138   0.01280   0.06888   0.03088   0.04763   0.01304   0.00761   0.05808   0.06869   0.07032   0.00057   0.00169   0.18478   0.19108   0.08054   0.01176   0.00162   0.02941   0.03013   0.03282   0.01192   0.01658   0.07239   0.00428   0.00000   0.02341   0.01236   0.00678   0.03556   0.06269   0.00939   0.13485   0.04679   0.03822   0.02699   0.07486   0.05632   6.86812   0.88138   0.89830   0.88459   6.56202   3.00588   0.02005  
123  0.5114  48436.188933  x:  0.02952   0.14843   0.21479   0.00000   0.10365   0.06852   0.01878   0.01209   0.01208   0.01637   0.00186   0.00135   0.01259   0.06939   0.03094   0.04771   0.01307   0.00737   0.05829   0.06810   0.06863   0.00053   0.00181   0.18589   0.19100   0.07965   0.01205   0.00173   0.02960   0.03006   0.03290   0.01181   0.01683   0.07256   0.00442   0.00000   0.02159   0.01233   0.00647   0.03513   0.06312   0.00899   0.13473   0.04712   0.03820   0.02672   0.07510   0.05618   6.83872   0.88270   0.89978   0.88595   7.20169   3.65069   0.01990  
124  0.4452  48435.936426  x:  0.03030   0.14817   0.21485   0.00000   0.10424   0.06835   0.01878   0.01213   0.01204   0.01679   0.00116   0.00131   0.01262   0.06925   0.03093   0.04771   0.01317   0.00744   0.05844   0.06824   0.06886   0.00051   0.00183   0.18607   0.19076   0.07884   0.01198   0.00172   0.02953   0.03002   0.03289   0.01167   0.01682   0.07259   0.00429   0.00000   0.02252   0.01225   0.00656   0.03514   0.06273   0.00919   0.13460   0.04724   0.03815   0.02689   0.07507   0.05633   6.86025   0.88296   0.89915   0.88618   7.77135   4.21884   0.02000  
125  0.4920  48435.806165  x:  0.03111   0.14794   0.21462   0.00000   0.10518   0.06829   0.01884   0.01220   0.01197   0.01651   0.00177   0.00125   0.01269   0.06903   0.03090   0.04766   0.01314   0.00753   0.05836   0.06847   0.06951   0.00049   0.00182   0.18585   0.19064   0.07798   0.01182   0.00164   0.02943   0.03004   0.03283   0.01176   0.01675   0.07252   0.00424   0.00000   0.02306   0.01224   0.00670   0.03530   0.06261   0.00936   0.13469   0.04716   0.03815   0.02698   0.07495   0.05638   6.89519   0.88249   0.89876   0.88562   8.34025   4.78708   0.02005  
126  0.5450  48435.722662  x:  0.03190   0.14819   0.21465   0.00000   0.10433   0.06840   0.01882   0.01215   0.01201   0.01669   0.00148   0.00119   0.01266   0.06921   0.03091   0.04767   0.01298   0.00744   0.05830   0.06835   0.06915   0.00048   0.00179   0.18595   0.19077   0.07723   0.01198   0.00168   0.02954   0.03005   0.03283   0.01191   0.01675   0.07252   0.00434   0.00000   0.02215   0.01233   0.00661   0.03525   0.06296   0.00913   0.13480   0.04708   0.03819   0.02687   0.07500   0.05625   6.89336   0.88231   0.89945   0.88543   8.88144   5.33265   0.02000  
127  0.3920  48435.683881  x:  0.03286   0.14814   0.21471   0.00000   0.10450   0.06839   0.01882   0.01216   0.01201   0.01668   0.00147   0.00113   0.01265   0.06916   0.03093   0.04770   0.01309   0.00746   0.05842   0.06841   0.06911   0.00048   0.00176   0.18606   0.19078   0.07626   0.01188   0.00173   0.02951   0.03005   0.03288   0.01162   0.01681   0.07255   0.00428   0.00000   0.02276   0.01221   0.00663   0.03524   0.06263   0.00926   0.13463   0.04719   0.03815   0.02691   0.07501   0.05633   6.88412   0.88274   0.89907   0.88594   9.61287   6.05911   0.02004  
128  0.3744  48435.661482  x:  0.03371   0.14804   0.21457   0.00000   0.10470   0.06834   0.01882   0.01217   0.01200   0.01670   0.00153   0.00112   0.01268   0.06916   0.03090   0.04766   0.01306   0.00748   0.05827   0.06834   0.06932   0.00049   0.00175   0.18579   0.19074   0.07539   0.01195   0.00170   0.02948   0.03004   0.03282   0.01196   0.01674   0.07251   0.00433   0.00000   0.02237   0.01233   0.00662   0.03527   0.06287   0.00921   0.13479   0.04711   0.03818   0.02691   0.07499   0.05631   6.87845   0.88240   0.89913   0.88553  10.23281   6.68447   0.02002  
129  0.3381  48435.632842  x:  0.03536   0.14825   0.21474   0.00000   0.10426   0.06842   0.01882   0.01215   0.01201   0.01665   0.00153   0.00116   0.01265   0.06923   0.03093   0.04769   0.01307   0.00744   0.05841   0.06841   0.06900   0.00054   0.00176   0.18607   0.19078   0.07379   0.01191   0.00173   0.02955   0.03007   0.03288   0.01160   0.01682   0.07254   0.00432   0.00000   0.02251   0.01224   0.00658   0.03523   0.06277   0.00917   0.13468   0.04712   0.03818   0.02686   0.07503   0.05627   6.87611   0.88254   0.89939   0.88576  11.49439   7.94166   0.02002  
130  0.4000  48435.622239  x:  0.03627   0.14809   0.21466   0.00000   0.10456   0.06837   0.01882   0.01217   0.01201   0.01668   0.00150   0.00119   0.01266   0.06916   0.03091   0.04768   0.01307   0.00747   0.05833   0.06836   0.06921   0.00057   0.00177   0.18594   0.19076   0.07284   0.01193   0.00171   0.02950   0.03004   0.03284   0.01184   0.01677   0.07253   0.00430   0.00000   0.02251   0.01228   0.00663   0.03525   0.06277   0.00923   0.13474   0.04715   0.03816   0.02691   0.07500   0.05631   6.88312   0.88257   0.89910   0.88572  12.20285   8.65268   0.02003  
131  0.5845  48435.621659  x:  0.03661   0.14812   0.21466   0.00000   0.10454   0.06837   0.01882   0.01216   0.01201   0.01668   0.00150   0.00120   0.01266   0.06918   0.03091   0.04768   0.01306   0.00746   0.05835   0.06838   0.06920   0.00058   0.00177   0.18595   0.19074   0.07251   0.01192   0.00170   0.02951   0.03005   0.03285   0.01179   0.01677   0.07253   0.00431   0.00000   0.02249   0.01228   0.00662   0.03525   0.06280   0.00921   0.13473   0.04713   0.03817   0.02690   0.07500   0.05630   6.88381   0.88251   0.89919   0.88566  12.46538   8.91512   0.02003  
132  0.2905  48435.621528  x:  0.03691   0.14813   0.21467   0.00000   0.10451   0.06838   0.01882   0.01216   0.01201   0.01667   0.00150   0.00120   0.01266   0.06918   0.03091   0.04768   0.01306   0.00746   0.05835   0.06838   0.06918   0.00058   0.00177   0.18596   0.19075   0.07221   0.01192   0.00171   0.02951   0.03005   0.03285   0.01179   0.01678   0.07253   0.00431   0.00000   0.02250   0.01228   0.00662   0.03525   0.06279   0.00921   0.13473   0.04713   0.03817   0.02690   0.07501   0.05630   6.88351   0.88252   0.89920   0.88568  12.71689   9.16638   0.02003  
133  0.1848  48435.621055  x:  0.03779   0.14812   0.21467   0.00000   0.10452   0.06838   0.01882   0.01216   0.01201   0.01668   0.00151   0.00119   0.01266   0.06918   0.03091   0.04768   0.01307   0.00746   0.05834   0.06837   0.06918   0.00058   0.00176   0.18596   0.19076   0.07133   0.01192   0.00171   0.02951   0.03004   0.03285   0.01179   0.01678   0.07253   0.00431   0.00000   0.02250   0.01228   0.00662   0.03525   0.06278   0.00922   0.13473   0.04714   0.03817   0.02690   0.07501   0.05630   6.88237   0.88254   0.89918   0.88570  13.48529   9.93488   0.02003  
134  0.2550  48435.620069  x:  0.03815   0.14812   0.21465   0.00000   0.10455   0.06837   0.01882   0.01216   0.01201   0.01668   0.00150   0.00118   0.01267   0.06917   0.03091   0.04768   0.01305   0.00746   0.05835   0.06838   0.06920   0.00057   0.00177   0.18595   0.19074   0.07097   0.01193   0.00170   0.02950   0.03005   0.03284   0.01181   0.01677   0.07253   0.00431   0.00000   0.02250   0.01229   0.00662   0.03526   0.06280   0.00921   0.13473   0.04713   0.03817   0.02690   0.07500   0.05631   6.88439   0.88249   0.89919   0.88564  13.87597  10.32553   0.02003  
135  0.1136  48435.619868  x:  0.03847   0.14812   0.21466   0.00000   0.10453   0.06838   0.01882   0.01216   0.01201   0.01667   0.00150   0.00119   0.01266   0.06918   0.03091   0.04768   0.01306   0.00746   0.05835   0.06837   0.06919   0.00057   0.00177   0.18596   0.19075   0.07065   0.01192   0.00170   0.02951   0.03004   0.03285   0.01179   0.01677   0.07253   0.00431   0.00000   0.02250   0.01228   0.00662   0.03525   0.06279   0.00921   0.13473   0.04714   0.03817   0.02690   0.07500   0.05630   6.88365   0.88253   0.89919   0.88568  14.15363  10.60334   0.02003  
136  0.2465  48435.619592  x:  0.03964   0.14812   0.21467   0.00000   0.10451   0.06838   0.01882   0.01216   0.01201   0.01667   0.00151   0.00121   0.01266   0.06918   0.03091   0.04768   0.01307   0.00746   0.05835   0.06837   0.06918   0.00057   0.00177   0.18596   0.19075   0.06948   0.01192   0.00171   0.02951   0.03004   0.03285   0.01178   0.01678   0.07253   0.00431   0.00000   0.02250   0.01228   0.00662   0.03525   0.06278   0.00921   0.13473   0.04714   0.03817   0.02690   0.07501   0.05630   6.88310   0.88254   0.89919   0.88570  15.26463  11.71421   0.02003  
137  0.6115  48435.619337  x:  0.04051   0.14811   0.21465   0.00000   0.10455   0.06837   0.01882   0.01216   0.01201   0.01668   0.00150   0.00120   0.01267   0.06917   0.03091   0.04768   0.01306   0.00746   0.05834   0.06837   0.06920   0.00057   0.00176   0.18594   0.19074   0.06861   0.01193   0.00170   0.02950   0.03005   0.03285   0.01180   0.01677   0.07253   0.00431   0.00000   0.02249   0.01228   0.00662   0.03525   0.06279   0.00921   0.13473   0.04713   0.03817   0.02690   0.07500   0.05630   6.88369   0.88250   0.89919   0.88565  16.10108  12.55075   0.02003  
138  0.3950  48435.619334  x:  0.04051   0.14812   0.21465   0.00000   0.10454   0.06837   0.01882   0.01216   0.01201   0.01668   0.00150   0.00120   0.01266   0.06917   0.03091   0.04768   0.01306   0.00746   0.05834   0.06837   0.06920   0.00057   0.00177   0.18595   0.19075   0.06861   0.01192   0.00170   0.02950   0.03005   0.03285   0.01180   0.01677   0.07253   0.00431   0.00000   0.02249   0.01228   0.00662   0.03525   0.06279   0.00921   0.13473   0.04713   0.03817   0.02690   0.07500   0.05630   6.88364   0.88250   0.89919   0.88566  16.09607  12.54573   0.02003  
139  0.0288  48435.619333  x:  0.04054   0.14812   0.21465   0.00000   0.10454   0.06837   0.01882   0.01216   0.01201   0.01668   0.00150   0.00120   0.01266   0.06917   0.03091   0.04768   0.01306   0.00746   0.05834   0.06837   0.06920   0.00057   0.00177   0.18595   0.19075   0.06858   0.01192   0.00170   0.02950   0.03005   0.03285   0.01180   0.01677   0.07253   0.00431   0.00000   0.02249   0.01228   0.00662   0.03525   0.06279   0.00921   0.13473   0.04713   0.03817   0.02690   0.07500   0.05630   6.88361   0.88251   0.89919   0.88566  16.12713  12.57678   0.02003  
140  0.2837  48435.619333  x:  0.04059   0.14812   0.21465   0.00000   0.10454   0.06837   0.01882   0.01216   0.01201   0.01668   0.00150   0.00120   0.01266   0.06917   0.03091   0.04768   0.01306   0.00746   0.05834   0.06837   0.06920   0.00057   0.00177   0.18595   0.19075   0.06853   0.01192   0.00170   0.02950   0.03004   0.03285   0.01180   0.01677   0.07253   0.00431   0.00000   0.02249   0.01228   0.00662   0.03525   0.06279   0.00921   0.13473   0.04713   0.03817   0.02690   0.07500   0.05630   6.88359   0.88251   0.89919   0.88566  16.17345  12.62309   0.02003  
141  0.5316  48435.619332  x:  0.04065   0.14812   0.21466   0.00000   0.10454   0.06837   0.01882   0.01216   0.01201   0.01668   0.00150   0.00120   0.01266   0.06917   0.03091   0.04768   0.01306   0.00746   0.05834   0.06837   0.06920   0.00057   0.00177   0.18595   0.19075   0.06847   0.01192   0.00170   0.02951   0.03004   0.03285   0.01180   0.01677   0.07253   0.00431   0.00000   0.02249   0.01228   0.00662   0.03525   0.06279   0.00921   0.13473   0.04713   0.03817   0.02690   0.07500   0.05630   6.88357   0.88251   0.89919   0.88566  16.22825  12.67788   0.02003  
142  0.7209  48435.619332  x:  0.04071   0.14812   0.21466   0.00000   0.10453   0.06837   0.01882   0.01216   0.01201   0.01668   0.00150   0.00120   0.01266   0.06917   0.03091   0.04768   0.01306   0.00746   0.05834   0.06837   0.06919   0.00057   0.00177   0.18595   0.19075   0.06841   0.01192   0.00170   0.02951   0.03004   0.03285   0.01180   0.01677   0.07253   0.00431   0.00000   0.02249   0.01228   0.00662   0.03525   0.06279   0.00921   0.13473   0.04713   0.03817   0.02690   0.07500   0.05630   6.88356   0.88251   0.89919   0.88566  16.29511  12.74475   0.02003  
143  0.8980  48435.619332  x:  0.04078   0.14812   0.21466   0.00000   0.10453   0.06837   0.01882   0.01216   0.01201   0.01668   0.00150   0.00120   0.01266   0.06917   0.03091   0.04768   0.01306   0.00746   0.05834   0.06837   0.06919   0.00057   0.00177   0.18595   0.19075   0.06834   0.01192   0.00170   0.02951   0.03004   0.03285   0.01180   0.01677   0.07253   0.00431   0.00000   0.02249   0.01228   0.00662   0.03525   0.06279   0.00921   0.13473   0.04713   0.03817   0.02690   0.07500   0.05630   6.88355   0.88251   0.89919   0.88567  16.35817  12.80780   0.02003  
144  0.9779  48435.619331  x:  0.04085   0.14812   0.21466   0.00000   0.10453   0.06837   0.01882   0.01216   0.01201   0.01668   0.00150   0.00120   0.01266   0.06917   0.03091   0.04768   0.01306   0.00746   0.05834   0.06837   0.06919   0.00057   0.00177   0.18595   0.19075   0.06827   0.01192   0.00170   0.02951   0.03004   0.03285   0.01180   0.01677   0.07253   0.00431   0.00000   0.02249   0.01228   0.00662   0.03525   0.06279   0.00921   0.13473   0.04713   0.03817   0.02690   0.07500   0.05630   6.88354   0.88251   0.89919   0.88567  16.42497  12.87460   0.02003  
145  1.0612  48435.619331  x:  0.04085   0.14812   0.21466   0.00000   0.10453   0.06837   0.01882   0.01216   0.01201   0.01668   0.00150   0.00120   0.01266   0.06917   0.03091   0.04768   0.01306   0.00746   0.05834   0.06837   0.06919   0.00057   0.00177   0.18595   0.19075   0.06827   0.01192   0.00170   0.02951   0.03004   0.03285   0.01180   0.01677   0.07253   0.00431   0.00000   0.02249   0.01228   0.00662   0.03525   0.06279   0.00921   0.13473   0.04713   0.03817   0.02690   0.07500   0.05630   6.88354   0.88251   0.89919   0.88567  16.42497  12.87460   0.02003  
146  0.1193  48435.619331  x:  0.04085   0.14812   0.21466   0.00000   0.10453   0.06837   0.01882   0.01216   0.01201   0.01668   0.00150   0.00120   0.01266   0.06917   0.03091   0.04768   0.01306   0.00746   0.05834   0.06837   0.06919   0.00057   0.00177   0.18595   0.19075   0.06827   0.01192   0.00170   0.02951   0.03004   0.03285   0.01180   0.01677   0.07253   0.00431   0.00000   0.02249   0.01228   0.00662   0.03525   0.06279   0.00921   0.13473   0.04713   0.03817   0.02690   0.07500   0.05630   6.88354   0.88251   0.89919   0.88567  16.42497  12.87460   0.02003  
147  0.0283  48435.619331  x:  0.04085   0.14812   0.21466   0.00000   0.10453   0.06837   0.01882   0.01216   0.01201   0.01668   0.00150   0.00120   0.01266   0.06917   0.03091   0.04768   0.01306   0.00746   0.05834   0.06837   0.06919   0.00057   0.00177   0.18595   0.19075   0.06827   0.01192   0.00170   0.02951   0.03004   0.03285   0.01180   0.01677   0.07253   0.00431   0.00000   0.02249   0.01228   0.00662   0.03525   0.06279   0.00921   0.13473   0.04713   0.03817   0.02690   0.07500   0.05630   6.88354   0.88251   0.89919   0.88567  16.42497  12.87460   0.02003  
148  0.6244  48435.619331  x:  0.04085   0.14812   0.21466   0.00000   0.10453   0.06837   0.01882   0.01216   0.01201   0.01668   0.00150   0.00120   0.01266   0.06917   0.03091   0.04768   0.01306   0.00746   0.05834   0.06837   0.06919   0.00057   0.00177   0.18595   0.19075   0.06827   0.01192   0.00170   0.02951   0.03004   0.03285   0.01180   0.01677   0.07253   0.00431   0.00000   0.02249   0.01228   0.00662   0.03525   0.06279   0.00921   0.13473   0.04713   0.03817   0.02690   0.07500   0.05630   6.88354   0.88251   0.89919   0.88567  16.42497  12.87460   0.02003  
check convergence!
