

TREE # 1

  0  0.0000  28491.176607  x:  0.27971   0.00254   0.00702   0.01626   0.01080   0.00192   0.00139   0.00347   0.00600   0.00387   0.00583   0.00200   0.00712   0.00393   0.00269   0.00408   0.00220   0.00000   0.00544   0.00605   0.00469   0.03170   0.00441   0.00159   0.00394   0.00320   0.00246   0.00276   0.00314   0.00319   0.00143   0.00280   0.00212   0.00870   0.00372   0.00356   0.00450   0.00307   0.00570   0.00713   0.00342   0.00675   0.00132   0.00452   0.00499   0.00640   0.00647   0.30209   1.06039   1.42472   0.88864   0.95238   1.17224   0.17240   0.28072  
  1 99.0000  28491.102778  x:  0.27971   0.00255   0.00702   0.01626   0.01080   0.00192   0.00139   0.00347   0.00600   0.00387   0.00583   0.00200   0.00712   0.00392   0.00269   0.00408   0.00220   0.00000   0.00544   0.00605   0.00469   0.03170   0.00441   0.00159   0.00394   0.00320   0.00245   0.00276   0.00314   0.00319   0.00143   0.00280   0.00212   0.00870   0.00372   0.00356   0.00450   0.00307   0.00570   0.00713   0.00342   0.00675   0.00132   0.00452   0.00499   0.00640   0.00647   0.30209   1.06039   1.42472   0.88864   0.95238   1.17224   0.17240   0.28072  
  2 18070.9437  28427.005280  x:  0.27966   0.00195   0.00695   0.01611   0.01039   0.00186   0.00091   0.00302   0.00519   0.00299   0.00528   0.00217   0.00652   0.00357   0.00190   0.00416   0.00091   0.00000   0.00486   0.00590   0.00448   0.03161   0.00449   0.00007   0.00270   0.00305   0.00142   0.00166   0.00171   0.00226   0.00000   0.00197   0.00070   0.00819   0.00250   0.00211   0.00445   0.00192   0.00510   0.00663   0.00343   0.00660   0.00153   0.00353   0.00404   0.00583   0.00588   0.30204   1.06058   1.42464   0.88854   0.95268   1.17232   0.17233   0.28013  
  3 60103.0418  28397.007143  x:  0.27963   0.00136   0.00692   0.01605   0.01017   0.00198   0.00085   0.00290   0.00485   0.00262   0.00508   0.00233   0.00628   0.00349   0.00160   0.00432   0.00029   0.00000   0.00465   0.00588   0.00447   0.03156   0.00460   0.00010   0.00212   0.00310   0.00097   0.00117   0.00102   0.00187   0.00000   0.00165   0.00000   0.00799   0.00193   0.00141   0.00447   0.00140   0.00488   0.00643   0.00350   0.00657   0.00187   0.00310   0.00363   0.00561   0.00565   0.30201   1.06067   1.42460   0.88849   0.95284   1.17236   0.17229   0.27985  
  4 92199.1381  28388.347385  x:  0.27962   0.00154   0.00693   0.01602   0.01015   0.00211   0.00095   0.00293   0.00475   0.00253   0.00505   0.00236   0.00622   0.00351   0.00158   0.00442   0.00000   0.00000   0.00460   0.00590   0.00452   0.03153   0.00468   0.00010   0.00189   0.00318   0.00090   0.00105   0.00068   0.00178   0.00000   0.00161   0.00000   0.00793   0.00171   0.00106   0.00451   0.00123   0.00484   0.00639   0.00355   0.00658   0.00207   0.00296   0.00350   0.00556   0.00560   0.30199   1.06071   1.42457   0.88847   0.95292   1.17237   0.17227   0.27973  
  5 28785.5899  28380.184928  x:  0.27958   0.00152   0.00693   0.01599   0.01009   0.00214   0.00092   0.00303   0.00462   0.00250   0.00505   0.00219   0.00615   0.00351   0.00166   0.00438   0.00000   0.00000   0.00459   0.00590   0.00457   0.03149   0.00470   0.00010   0.00159   0.00318   0.00109   0.00114   0.00000   0.00182   0.00000   0.00170   0.00000   0.00788   0.00147   0.00038   0.00450   0.00119   0.00482   0.00636   0.00352   0.00658   0.00209   0.00284   0.00339   0.00552   0.00558   0.30196   1.06080   1.42452   0.88842   0.95307   1.17241   0.17224   0.27951  
  6 15730.5875  28377.998576  x:  0.27956   0.00152   0.00693   0.01598   0.01007   0.00214   0.00092   0.00305   0.00458   0.00252   0.00505   0.00226   0.00614   0.00350   0.00168   0.00436   0.00000   0.00000   0.00460   0.00590   0.00458   0.03147   0.00469   0.00010   0.00152   0.00317   0.00107   0.00116   0.00000   0.00184   0.00000   0.00171   0.00000   0.00787   0.00144   0.00000   0.00450   0.00122   0.00483   0.00636   0.00351   0.00658   0.00207   0.00282   0.00337   0.00552   0.00558   0.30194   1.06084   1.42449   0.88840   0.95316   1.17243   0.17222   0.27938  
  7 17839.4706  28362.677600  x:  0.27856   0.00151   0.00692   0.01564   0.00966   0.00236   0.00127   0.00327   0.00359   0.00301   0.00534   0.00153   0.00599   0.00316   0.00148   0.00425   0.00000   0.00000   0.00489   0.00587   0.00481   0.03039   0.00420   0.00010   0.00077   0.00309   0.00000   0.00095   0.00000   0.00219   0.00000   0.00159   0.00000   0.00775   0.00146   0.00000   0.00451   0.00172   0.00513   0.00643   0.00377   0.00653   0.00171   0.00284   0.00331   0.00562   0.00579   0.30093   1.06305   1.42298   0.88728   0.95734   1.17342   0.17125   0.27367  
  8 7525.8630  28342.833442  x:  0.27718   0.00153   0.00689   0.01518   0.00910   0.00265   0.00181   0.00331   0.00226   0.00360   0.00566   0.00111   0.00576   0.00261   0.00088   0.00422   0.00000   0.00000   0.00523   0.00580   0.00501   0.02892   0.00349   0.00010   0.00000   0.00297   0.00002   0.00021   0.00000   0.00243   0.00000   0.00107   0.00000   0.00757   0.00168   0.00000   0.00455   0.00230   0.00546   0.00647   0.00424   0.00642   0.00128   0.00289   0.00324   0.00571   0.00603   0.29956   1.06609   1.42090   0.88574   0.96308   1.17478   0.16993   0.26579  
  9 98451.9114  28336.638084  x:  0.27675   0.00154   0.00688   0.01503   0.00891   0.00275   0.00196   0.00336   0.00180   0.00376   0.00576   0.00100   0.00567   0.00244   0.00072   0.00419   0.00000   0.00000   0.00533   0.00578   0.00508   0.02845   0.00328   0.00010   0.00002   0.00293   0.00002   0.00002   0.00000   0.00252   0.00000   0.00095   0.00000   0.00749   0.00164   0.00000   0.00455   0.00245   0.00556   0.00647   0.00438   0.00639   0.00115   0.00285   0.00316   0.00572   0.00608   0.29912   1.06704   1.42025   0.88526   0.96489   1.17521   0.16951   0.26331  
 10 323046.3585  28320.683333  x:  0.27548   0.00159   0.00685   0.01459   0.00836   0.00307   0.00243   0.00338   0.00048   0.00415   0.00597   0.00072   0.00537   0.00191   0.00011   0.00422   0.00000   0.00000   0.00555   0.00571   0.00527   0.02708   0.00269   0.00010   0.00004   0.00285   0.00004   0.00017   0.00000   0.00260   0.00000   0.00039   0.00000   0.00725   0.00162   0.00000   0.00459   0.00278   0.00578   0.00644   0.00482   0.00628   0.00088   0.00273   0.00294   0.00573   0.00621   0.29785   1.06987   1.41833   0.88382   0.97024   1.17648   0.16828   0.25595  
 11 405307.1811  28312.411282  x:  0.27475   0.00162   0.00681   0.01436   0.00808   0.00319   0.00260   0.00324   0.00016   0.00426   0.00601   0.00065   0.00520   0.00157   0.00046   0.00427   0.00000   0.00000   0.00560   0.00564   0.00529   0.02631   0.00241   0.00011   0.00004   0.00277   0.00004   0.00020   0.00000   0.00247   0.00000   0.00010   0.00000   0.00710   0.00171   0.00000   0.00460   0.00280   0.00582   0.00637   0.00504   0.00620   0.00075   0.00266   0.00282   0.00569   0.00622   0.29712   1.07149   1.41723   0.88300   0.97329   1.17720   0.16757   0.25173  
 12 102322.3469  28266.996462  x:  0.27170   0.00172   0.00667   0.01339   0.00685   0.00366   0.00321   0.00268   0.00037   0.00459   0.00609   0.00043   0.00438   0.00011   0.00080   0.00445   0.00000   0.00000   0.00575   0.00532   0.00540   0.02304   0.00130   0.00011   0.00006   0.00242   0.00005   0.00029   0.00000   0.00182   0.00000   0.00033   0.00000   0.00640   0.00184   0.00000   0.00462   0.00276   0.00591   0.00604   0.00593   0.00582   0.00023   0.00222   0.00215   0.00544   0.00617   0.29406   1.07835   1.41258   0.87952   0.98621   1.18027   0.16457   0.23383  
 13 254978.3806  28247.399721  x:  0.27031   0.00178   0.00659   0.01296   0.00632   0.00376   0.00335   0.00240   0.00048   0.00471   0.00610   0.00036   0.00402   0.00035   0.00091   0.00446   0.00000   0.00000   0.00579   0.00515   0.00541   0.02156   0.00089   0.00011   0.00006   0.00220   0.00005   0.00032   0.00000   0.00152   0.00000   0.00035   0.00000   0.00609   0.00192   0.00000   0.00460   0.00272   0.00593   0.00588   0.00625   0.00565   0.00000   0.00203   0.00186   0.00531   0.00612   0.29267   1.08147   1.41047   0.87794   0.99209   1.18168   0.16321   0.22567  
 14 359341.9875  28222.434211  x:  0.26844   0.00188   0.00649   0.01239   0.00562   0.00377   0.00341   0.00200   0.00060   0.00490   0.00610   0.00025   0.00354   0.00060   0.00106   0.00434   0.00000   0.00000   0.00584   0.00489   0.00538   0.01957   0.00031   0.00012   0.00007   0.00183   0.00005   0.00035   0.00000   0.00114   0.00000   0.00039   0.00000   0.00567   0.00207   0.00000   0.00453   0.00276   0.00594   0.00565   0.00662   0.00539   0.00007   0.00180   0.00149   0.00514   0.00605   0.29080   1.08567   1.40763   0.87581   1.00000   1.18356   0.16137   0.21469  
 15 2623208.3439  28158.698140  x:  0.26254   0.00222   0.00619   0.01069   0.00363   0.00350   0.00326   0.00087   0.00080   0.00549   0.00608   0.00004   0.00217   0.00092   0.00128   0.00379   0.00000   0.00000   0.00600   0.00407   0.00529   0.01332   0.00130   0.00013   0.00008   0.00065   0.00006   0.00041   0.00000   0.00009   0.00000   0.00046   0.00000   0.00444   0.00272   0.00000   0.00423   0.00284   0.00596   0.00498   0.00748   0.00462   0.00014   0.00125   0.00057   0.00463   0.00585   0.28489   1.09899   1.39862   0.86906   1.00000   1.18954   0.15555   0.17986  
 16 462180.1057  28088.908702  x:  0.25529   0.00258   0.00583   0.00891   0.00192   0.00287   0.00221   0.00009   0.00095   0.00544   0.00572   0.00010   0.00095   0.00111   0.00138   0.00340   0.00000   0.00000   0.00598   0.00305   0.00525   0.00580   0.00183   0.00015   0.00008   0.00066   0.00006   0.00043   0.00000   0.00137   0.00000   0.00044   0.00000   0.00318   0.00388   0.00000   0.00397   0.00063   0.00565   0.00411   0.00761   0.00381   0.00018   0.00077   0.00030   0.00395   0.00536   0.27764   1.11544   1.38750   0.86073   1.00000   1.19693   0.14834   0.13678  
 17 320167.5312  28071.842869  x:  0.25339   0.00267   0.00573   0.00846   0.00153   0.00266   0.00189   0.00042   0.00103   0.00539   0.00559   0.00012   0.00070   0.00114   0.00138   0.00330   0.00000   0.00000   0.00594   0.00278   0.00519   0.00387   0.00192   0.00015   0.00008   0.00065   0.00006   0.00043   0.00000   0.00146   0.00000   0.00035   0.00000   0.00286   0.00422   0.00000   0.00389   0.00005   0.00553   0.00387   0.00765   0.00359   0.00019   0.00066   0.00032   0.00375   0.00521   0.27574   1.11977   1.38458   0.85854   1.00000   1.19888   0.14644   0.12543  
 18 1129780.4842  28043.145992  x:  0.25045   0.00275   0.00563   0.00796   0.00173   0.00240   0.00117   0.00038   0.00101   0.00482   0.00516   0.00012   0.00129   0.00116   0.00137   0.00334   0.00000   0.00000   0.00563   0.00260   0.00515   0.00147   0.00193   0.00016   0.00008   0.00139   0.00006   0.00042   0.00000   0.00124   0.00000   0.00037   0.00000   0.00249   0.00413   0.00000   0.00384   0.00025   0.00509   0.00342   0.00749   0.00345   0.00019   0.00034   0.00079   0.00328   0.00474   0.27279   1.12657   1.38000   0.85509   1.00000   1.20194   0.14346   0.10753  
 19 187986.8819  28013.147985  x:  0.24842   0.00277   0.00559   0.00773   0.00204   0.00226   0.00073   0.00030   0.00087   0.00454   0.00495   0.00015   0.00149   0.00116   0.00136   0.00332   0.00000   0.00000   0.00549   0.00262   0.00517   0.00132   0.00190   0.00016   0.00008   0.00150   0.00005   0.00041   0.00000   0.00099   0.00000   0.00052   0.00000   0.00246   0.00401   0.00000   0.00382   0.00000   0.00488   0.00323   0.00734   0.00346   0.00019   0.00065   0.00069   0.00306   0.00450   0.27076   1.13129   1.37682   0.85270   1.00000   1.20407   0.14138   0.09512  
 20 152664.5395  27966.232848  x:  0.24511   0.00283   0.00552   0.00736   0.00243   0.00207   0.00000   0.00032   0.00083   0.00385   0.00450   0.00016   0.00143   0.00116   0.00133   0.00350   0.00000   0.00000   0.00516   0.00262   0.00520   0.00125   0.00189   0.00017   0.00007   0.00175   0.00005   0.00040   0.00000   0.00091   0.00000   0.00054   0.00000   0.00237   0.00395   0.00000   0.00383   0.00004   0.00441   0.00287   0.00707   0.00346   0.00019   0.00112   0.00032   0.00265   0.00403   0.26744   1.13900   1.37163   0.84879   1.00000   1.20755   0.13799   0.07482  
 21 1665621.1979  27923.261187  x:  0.24164   0.00281   0.00542   0.00701   0.00288   0.00154   0.00006   0.00034   0.00080   0.00301   0.00392   0.00015   0.00141   0.00116   0.00131   0.00344   0.00000   0.00000   0.00473   0.00254   0.00511   0.00122   0.00189   0.00018   0.00007   0.00192   0.00005   0.00039   0.00000   0.00092   0.00000   0.00056   0.00000   0.00226   0.00385   0.00000   0.00375   0.00007   0.00382   0.00244   0.00655   0.00342   0.00019   0.00155   0.00002   0.00216   0.00344   0.26397   1.14709   1.36619   0.84469   1.00000   1.21121   0.13443   0.05348  
 22 1455056.2386  27826.786367  x:  0.23297   0.00280   0.00519   0.00609   0.00377   0.00035   0.00014   0.00034   0.00073   0.00089   0.00246   0.00013   0.00095   0.00117   0.00127   0.00334   0.00000   0.00000   0.00363   0.00235   0.00493   0.00139   0.00190   0.00019   0.00007   0.00213   0.00005   0.00037   0.00000   0.00096   0.00000   0.00061   0.00000   0.00191   0.00341   0.00000   0.00357   0.00012   0.00232   0.00133   0.00533   0.00331   0.00020   0.00249   0.00022   0.00090   0.00194   0.25529   1.16734   1.35258   0.83443   1.00000   1.22035   0.12551   0.00010  
 23 7290856.1547  27815.329875  x:  0.23009   0.00285   0.00512   0.00608   0.00367   0.00035   0.00012   0.00034   0.00102   0.00018   0.00197   0.00012   0.00126   0.00114   0.00120   0.00308   0.00000   0.00000   0.00314   0.00227   0.00468   0.00166   0.00192   0.00020   0.00007   0.00200   0.00005   0.00036   0.00000   0.00108   0.00000   0.00024   0.00000   0.00200   0.00323   0.00000   0.00343   0.00010   0.00182   0.00152   0.00465   0.00327   0.00020   0.00199   0.00021   0.00122   0.00161   0.25241   1.17419   1.34799   0.83095   1.00000   1.22345   0.12250   0.00010  
 24 69646.9885  27810.575777  x:  0.22868   0.00287   0.00508   0.00622   0.00369   0.00036   0.00011   0.00034   0.00114   0.00047   0.00160   0.00011   0.00129   0.00113   0.00116   0.00309   0.00000   0.00000   0.00272   0.00223   0.00443   0.00185   0.00192   0.00020   0.00006   0.00208   0.00004   0.00036   0.00000   0.00111   0.00000   0.00007   0.00000   0.00208   0.00319   0.00000   0.00338   0.00008   0.00145   0.00156   0.00414   0.00324   0.00020   0.00157   0.00020   0.00122   0.00141   0.25100   1.17763   1.34570   0.82920   1.00000   1.22501   0.12098   0.00010  
 25 73426.5559  27805.489522  x:  0.22691   0.00289   0.00501   0.00656   0.00364   0.00042   0.00010   0.00034   0.00096   0.00060   0.00109   0.00012   0.00124   0.00114   0.00116   0.00325   0.00000   0.00000   0.00206   0.00215   0.00394   0.00207   0.00192   0.00020   0.00006   0.00215   0.00004   0.00035   0.00000   0.00103   0.00000   0.00026   0.00000   0.00222   0.00348   0.00000   0.00333   0.00007   0.00095   0.00167   0.00343   0.00318   0.00020   0.00091   0.00019   0.00130   0.00121   0.24922   1.18203   1.34277   0.82697   1.00000   1.22701   0.11903   0.00010  
 26 128208.1536  27801.273022  x:  0.22580   0.00290   0.00499   0.00707   0.00374   0.00035   0.00009   0.00031   0.00097   0.00052   0.00126   0.00013   0.00102   0.00112   0.00113   0.00345   0.00000   0.00000   0.00148   0.00225   0.00345   0.00216   0.00190   0.00020   0.00006   0.00225   0.00004   0.00034   0.00000   0.00090   0.00000   0.00023   0.00000   0.00232   0.00357   0.00000   0.00333   0.00005   0.00120   0.00164   0.00264   0.00322   0.00020   0.00036   0.00018   0.00109   0.00148   0.24811   1.18501   1.34082   0.82546   1.00000   1.22837   0.11771   0.00010  
 27 27207.0644  27799.942104  x:  0.22546   0.00291   0.00498   0.00748   0.00364   0.00056   0.00009   0.00031   0.00096   0.00049   0.00132   0.00014   0.00098   0.00111   0.00111   0.00356   0.00000   0.00000   0.00121   0.00227   0.00303   0.00205   0.00189   0.00020   0.00006   0.00221   0.00004   0.00033   0.00000   0.00085   0.00000   0.00022   0.00000   0.00225   0.00340   0.00000   0.00331   0.00006   0.00120   0.00160   0.00215   0.00323   0.00020   0.00059   0.00019   0.00112   0.00150   0.24777   1.18620   1.34008   0.82485   1.00000   1.22892   0.11717   0.00010  
 28 10571.2817  27798.893088  x:  0.22533   0.00294   0.00498   0.00793   0.00342   0.00032   0.00009   0.00030   0.00096   0.00051   0.00137   0.00013   0.00105   0.00112   0.00111   0.00393   0.00000   0.00000   0.00134   0.00232   0.00260   0.00203   0.00190   0.00020   0.00006   0.00219   0.00004   0.00033   0.00000   0.00087   0.00000   0.00023   0.00000   0.00213   0.00318   0.00000   0.00339   0.00006   0.00119   0.00159   0.00200   0.00325   0.00020   0.00067   0.00019   0.00121   0.00146   0.24764   1.18712   1.33956   0.82438   1.00000   1.22936   0.11674   0.00010  
 29 5691.5708  27798.438728  x:  0.22538   0.00294   0.00498   0.00819   0.00344   0.00041   0.00009   0.00031   0.00096   0.00049   0.00134   0.00012   0.00111   0.00112   0.00111   0.00401   0.00000   0.00000   0.00156   0.00226   0.00230   0.00203   0.00191   0.00020   0.00006   0.00208   0.00004   0.00033   0.00000   0.00095   0.00000   0.00023   0.00000   0.00214   0.00311   0.00000   0.00337   0.00006   0.00121   0.00154   0.00204   0.00324   0.00020   0.00063   0.00019   0.00105   0.00143   0.24769   1.18766   1.33930   0.82411   1.00000   1.22962   0.11649   0.00010  
 30 3467.4501  27797.954732  x:  0.22565   0.00291   0.00499   0.00843   0.00369   0.00040   0.00009   0.00031   0.00097   0.00047   0.00127   0.00011   0.00094   0.00112   0.00111   0.00400   0.00000   0.00000   0.00163   0.00217   0.00213   0.00193   0.00191   0.00021   0.00006   0.00206   0.00004   0.00033   0.00000   0.00098   0.00000   0.00022   0.00000   0.00225   0.00297   0.00000   0.00333   0.00006   0.00119   0.00158   0.00219   0.00323   0.00020   0.00063   0.00019   0.00118   0.00146   0.24796   1.18840   1.33901   0.82374   1.00000   1.23001   0.11611   0.00010  
 31 2271.1505  27795.651337  x:  0.22755   0.00289   0.00495   0.00892   0.00380   0.00034   0.00009   0.00033   0.00097   0.00048   0.00145   0.00008   0.00108   0.00112   0.00113   0.00407   0.00000   0.00000   0.00110   0.00183   0.00230   0.00190   0.00193   0.00021   0.00006   0.00180   0.00004   0.00034   0.00000   0.00119   0.00000   0.00023   0.00000   0.00212   0.00288   0.00000   0.00325   0.00006   0.00110   0.00161   0.00268   0.00295   0.00020   0.00065   0.00019   0.00105   0.00148   0.24986   1.19241   1.33760   0.82173   1.00000   1.23212   0.11407   0.00010  
 32 3694.2511  27782.493549  x:  0.23897   0.00289   0.00469   0.01039   0.00369   0.00036   0.00008   0.00029   0.00096   0.00036   0.00087   0.00010   0.00089   0.00107   0.00106   0.00397   0.00000   0.00000   0.00131   0.00218   0.00406   0.00159   0.00181   0.00021   0.00006   0.00135   0.00004   0.00032   0.00000   0.00108   0.00000   0.00017   0.00000   0.00154   0.00331   0.00000   0.00297   0.00005   0.00120   0.00113   0.00222   0.00214   0.00019   0.00045   0.00018   0.00107   0.00090   0.26128   1.21580   1.32949   0.81004   1.00000   1.24449   0.10209   0.00010  
 33 21895.6464  27775.036929  x:  0.24504   0.00294   0.00454   0.01040   0.00322   0.00028   0.00008   0.00026   0.00097   0.00026   0.00094   0.00011   0.00073   0.00105   0.00103   0.00384   0.00000   0.00000   0.00155   0.00201   0.00435   0.00148   0.00176   0.00021   0.00006   0.00156   0.00004   0.00031   0.00000   0.00090   0.00000   0.00013   0.00000   0.00172   0.00339   0.00000   0.00288   0.00005   0.00056   0.00132   0.00188   0.00240   0.00019   0.00050   0.00018   0.00069   0.00120   0.26735   1.22828   1.32520   0.80382   1.00000   1.25109   0.09571   0.00010  
 34 69328.3907  27763.099624  x:  0.25563   0.00302   0.00422   0.00920   0.00231   0.00023   0.00007   0.00022   0.00096   0.00027   0.00073   0.00009   0.00064   0.00106   0.00103   0.00362   0.00000   0.00000   0.00141   0.00113   0.00365   0.00162   0.00176   0.00022   0.00006   0.00234   0.00004   0.00031   0.00000   0.00076   0.00000   0.00015   0.00000   0.00198   0.00348   0.00000   0.00277   0.00003   0.00102   0.00105   0.00158   0.00320   0.00019   0.00055   0.00017   0.00070   0.00093   0.27795   1.25028   1.31770   0.79286   1.00000   1.26270   0.08446   0.00010  
 35 94148.9084  27755.713592  x:  0.26212   0.00301   0.00407   0.00793   0.00219   0.00030   0.00006   0.00023   0.00096   0.00029   0.00099   0.00004   0.00057   0.00108   0.00105   0.00353   0.00000   0.00000   0.00119   0.00173   0.00259   0.00169   0.00181   0.00022   0.00006   0.00256   0.00004   0.00031   0.00000   0.00091   0.00000   0.00017   0.00000   0.00175   0.00360   0.00000   0.00277   0.00002   0.00087   0.00087   0.00156   0.00335   0.00019   0.00043   0.00016   0.00086   0.00080   0.28443   1.26393   1.31307   0.78608   1.00000   1.26990   0.07749   0.00010  
 36 97785.2313  27753.269850  x:  0.26431   0.00299   0.00411   0.00727   0.00230   0.00029   0.00006   0.00023   0.00096   0.00030   0.00074   0.00004   0.00058   0.00108   0.00105   0.00375   0.00000   0.00000   0.00113   0.00180   0.00222   0.00167   0.00182   0.00022   0.00006   0.00248   0.00004   0.00031   0.00000   0.00096   0.00000   0.00017   0.00000   0.00154   0.00351   0.00000   0.00293   0.00002   0.00098   0.00122   0.00137   0.00310   0.00019   0.00044   0.00016   0.00081   0.00099   0.28662   1.26869   1.31148   0.78374   1.00000   1.27241   0.07506   0.00010  
 37 46628.0244  27751.717366  x:  0.26557   0.00297   0.00423   0.00675   0.00248   0.00032   0.00006   0.00024   0.00095   0.00032   0.00090   0.00004   0.00062   0.00108   0.00104   0.00406   0.00000   0.00000   0.00121   0.00159   0.00206   0.00166   0.00182   0.00022   0.00006   0.00228   0.00004   0.00031   0.00000   0.00098   0.00000   0.00017   0.00000   0.00163   0.00344   0.00000   0.00315   0.00003   0.00091   0.00120   0.00106   0.00275   0.00019   0.00038   0.00017   0.00091   0.00099   0.28789   1.27163   1.31052   0.78232   1.00000   1.27395   0.07357   0.00010  
 38 24571.8392  27751.375511  x:  0.26577   0.00297   0.00434   0.00667   0.00244   0.00030   0.00006   0.00024   0.00095   0.00032   0.00082   0.00004   0.00066   0.00108   0.00104   0.00414   0.00000   0.00000   0.00115   0.00167   0.00204   0.00161   0.00182   0.00022   0.00006   0.00217   0.00004   0.00031   0.00000   0.00101   0.00000   0.00016   0.00000   0.00186   0.00340   0.00000   0.00322   0.00003   0.00092   0.00112   0.00105   0.00272   0.00019   0.00040   0.00017   0.00089   0.00102   0.28808   1.27236   1.31030   0.78200   1.00000   1.27432   0.07320   0.00010  
 39 4277.8041  27750.624283  x:  0.26590   0.00296   0.00467   0.00665   0.00245   0.00028   0.00006   0.00024   0.00095   0.00031   0.00087   0.00004   0.00064   0.00108   0.00104   0.00416   0.00000   0.00000   0.00110   0.00173   0.00203   0.00155   0.00182   0.00022   0.00006   0.00208   0.00004   0.00031   0.00000   0.00101   0.00000   0.00016   0.00000   0.00196   0.00341   0.00000   0.00332   0.00003   0.00096   0.00129   0.00105   0.00283   0.00019   0.00039   0.00017   0.00082   0.00080   0.28821   1.27404   1.30988   0.78135   1.00000   1.27517   0.07238   0.00010  
 40 3289.0929  27745.077877  x:  0.26656   0.00292   0.00700   0.00663   0.00251   0.00034   0.00006   0.00024   0.00097   0.00031   0.00073   0.00006   0.00071   0.00108   0.00104   0.00408   0.00000   0.00000   0.00098   0.00161   0.00191   0.00151   0.00182   0.00022   0.00006   0.00178   0.00004   0.00031   0.00000   0.00102   0.00000   0.00015   0.00000   0.00144   0.00359   0.00000   0.00386   0.00002   0.00082   0.00106   0.00122   0.00363   0.00019   0.00027   0.00017   0.00097   0.00098   0.28888   1.28757   1.30654   0.77621   1.00000   1.28193   0.06576   0.00010  
 41 18627.9737  27728.850936  x:  0.26761   0.00291   0.00920   0.00671   0.00167   0.00034   0.00006   0.00020   0.00099   0.00034   0.00093   0.00008   0.00060   0.00112   0.00109   0.00343   0.00000   0.00000   0.00110   0.00173   0.00122   0.00187   0.00189   0.00021   0.00006   0.00309   0.00004   0.00033   0.00000   0.00066   0.00000   0.00017   0.00000   0.00163   0.00352   0.00000   0.00330   0.00002   0.00095   0.00118   0.00193   0.00180   0.00020   0.00047   0.00016   0.00091   0.00118   0.28995   1.32387   1.29776   0.76260   1.00000   1.30001   0.04808   0.00010  
 42 29650.7768  27681.275904  x:  0.26966   0.00268   0.00595   0.00618   0.00179   0.00047   0.00007   0.00022   0.00104   0.00047   0.00107   0.00015   0.00106   0.00117   0.00114   0.00546   0.00000   0.00000   0.00097   0.00224   0.00083   0.00162   0.00200   0.00019   0.00006   0.00190   0.00004   0.00034   0.00000   0.00069   0.00000   0.00018   0.00000   0.00198   0.00312   0.00000   0.00076   0.00003   0.00117   0.00171   0.00281   0.00295   0.00021   0.00038   0.00018   0.00124   0.00138   0.29203   1.42263   1.27422   0.72586   1.00000   1.34908   0.00010   0.00010  
 43 59797.2522  27663.237026  x:  0.27073   0.00256   0.00311   0.00627   0.00181   0.00054   0.00007   0.00022   0.00108   0.00052   0.00111   0.00019   0.00126   0.00121   0.00118   0.00548   0.00000   0.00000   0.00084   0.00250   0.00050   0.00151   0.00207   0.00018   0.00006   0.00139   0.00004   0.00036   0.00000   0.00066   0.00000   0.00019   0.00000   0.00216   0.00296   0.00000   0.00233   0.00004   0.00125   0.00195   0.00346   0.00343   0.00021   0.00034   0.00019   0.00139   0.00144   0.29312   1.47756   1.26118   0.70548   1.00000   1.37635   0.00010   0.00010  
 44 235537.7052  27634.535716  x:  0.26298   0.00267   0.00461   0.00876   0.00114   0.00081   0.00008   0.00025   0.00106   0.00070   0.00162   0.00013   0.00144   0.00124   0.00124   0.00528   0.00000   0.00000   0.00182   0.00254   0.00348   0.00149   0.00205   0.00020   0.00007   0.00134   0.00005   0.00037   0.00000   0.00093   0.00000   0.00027   0.00000   0.00279   0.00451   0.00000   0.00303   0.00003   0.00157   0.00253   0.00301   0.00403   0.00022   0.00033   0.00022   0.00187   0.00187   0.28541   1.60092   1.24129   0.67133   1.00000   1.43359   0.00010   0.00010  
 45 3334.2947  27552.970202  x:  0.27160   0.00257   0.00434   0.01031   0.00177   0.00090   0.00006   0.00032   0.00120   0.00083   0.00184   0.00015   0.00174   0.00142   0.00143   0.00420   0.00000   0.00000   0.00204   0.00293   0.00388   0.00171   0.00235   0.00023   0.00008   0.00173   0.00005   0.00043   0.00000   0.00114   0.00000   0.00032   0.00000   0.00319   0.00347   0.00000   0.00338   0.00003   0.00181   0.00291   0.00303   0.00464   0.00025   0.00043   0.00016   0.00213   0.00211   0.29409   1.94463   1.22011   0.81250   1.00000   1.56865   0.00010   0.00010  
 46 892.8071  27544.146227  x:  0.27236   0.00255   0.00435   0.01045   0.00198   0.00089   0.00006   0.00033   0.00122   0.00084   0.00185   0.00015   0.00176   0.00145   0.00146   0.00405   0.00000   0.00000   0.00206   0.00297   0.00391   0.00175   0.00240   0.00023   0.00008   0.00183   0.00005   0.00044   0.00000   0.00119   0.00000   0.00033   0.00000   0.00322   0.00336   0.00000   0.00342   0.00003   0.00183   0.00292   0.00301   0.00470   0.00026   0.00046   0.00014   0.00213   0.00213   0.29486   1.98606   1.22684   0.82361   1.00000   1.58284   0.00010   0.01770  
 47 2002.1399  27486.345968  x:  0.27320   0.00232   0.00504   0.01085   0.00498   0.00062   0.00005   0.00048   0.00150   0.00084   0.00184   0.00016   0.00169   0.00177   0.00178   0.00302   0.00000   0.00000   0.00210   0.00326   0.00381   0.00226   0.00299   0.00026   0.00010   0.00321   0.00007   0.00054   0.00000   0.00166   0.00000   0.00038   0.00000   0.00311   0.00288   0.00000   0.00362   0.00005   0.00199   0.00249   0.00263   0.00492   0.00031   0.00099   0.00000   0.00169   0.00210   0.29572   2.24326   1.39143   0.81861   1.00000   1.66152   0.00010   0.01555  
 48 1006.5256  27482.723770  x:  0.27591   0.00227   0.00512   0.01090   0.00495   0.00063   0.00005   0.00048   0.00154   0.00084   0.00184   0.00016   0.00168   0.00180   0.00181   0.00329   0.00000   0.00000   0.00208   0.00327   0.00380   0.00230   0.00302   0.00025   0.00010   0.00324   0.00007   0.00054   0.00000   0.00166   0.00000   0.00037   0.00000   0.00313   0.00331   0.00000   0.00365   0.00005   0.00199   0.00251   0.00267   0.00492   0.00032   0.00097   0.00002   0.00171   0.00211   0.29845   2.28031   1.41735   0.82296   1.00000   1.64977   0.00010   0.01449  
 49 165.8488  27464.434342  x:  0.29124   0.00189   0.00676   0.01118   0.00765   0.00039   0.00008   0.00060   0.00188   0.00083   0.00184   0.00018   0.00156   0.00219   0.00219   0.00325   0.00000   0.00000   0.00210   0.00361   0.00349   0.00305   0.00378   0.00027   0.00012   0.00458   0.00008   0.00066   0.00000   0.00206   0.00000   0.00042   0.00000   0.00307   0.00298   0.00000   0.00386   0.00008   0.00215   0.00210   0.00264   0.00499   0.00039   0.00146   0.00002   0.00128   0.00214   0.31388   2.36079   1.34355   0.77241   1.00000   1.52083   0.00010   0.00804  
 50 72.5897  27448.206992  x:  0.29150   0.00180   0.00730   0.01052   0.00771   0.00039   0.00009   0.00059   0.00174   0.00074   0.00173   0.00018   0.00139   0.00202   0.00201   0.00492   0.00000   0.00000   0.00198   0.00350   0.00349   0.00318   0.00355   0.00028   0.00011   0.00484   0.00007   0.00060   0.00000   0.00187   0.00000   0.00039   0.00000   0.00293   0.00018   0.00000   0.00401   0.00008   0.00206   0.00191   0.00280   0.00468   0.00036   0.00148   0.00002   0.00115   0.00203   0.31441   2.34763   1.34115   0.76940   1.00000   1.67465   0.00010   0.01671  
 51 22.7002  27435.491132  x:  0.29097   0.00257   0.00823   0.01036   0.00760   0.00027   0.00009   0.00058   0.00142   0.00071   0.00167   0.00016   0.00132   0.00168   0.00170   0.00225   0.00000   0.00000   0.00196   0.00333   0.00286   0.00320   0.00309   0.00037   0.00009   0.00469   0.00006   0.00050   0.00000   0.00167   0.00000   0.00038   0.00000   0.00272   0.00072   0.00000   0.00401   0.00009   0.00197   0.00170   0.00245   0.00433   0.00029   0.00150   0.00003   0.00100   0.00195   0.31374   2.29235   1.33314   0.76167   1.00000   1.95590   0.00010   0.03237  
 52 45.9375  27432.689456  x:  0.29083   0.00305   0.00817   0.01038   0.00741   0.00028   0.00010   0.00057   0.00114   0.00072   0.00171   0.00016   0.00138   0.00140   0.00142   0.00144   0.00000   0.00000   0.00200   0.00332   0.00286   0.00320   0.00268   0.00044   0.00007   0.00438   0.00005   0.00042   0.00000   0.00149   0.00000   0.00038   0.00000   0.00275   0.00035   0.00000   0.00396   0.00009   0.00199   0.00176   0.00247   0.00438   0.00024   0.00148   0.00003   0.00104   0.00197   0.31362   2.34418   1.33282   0.76140   1.00000   1.90037   0.00010   0.02885  
 53  4.6749  27419.120851  x:  0.29928   0.00562   0.00787   0.01009   0.00652   0.00044   0.00011   0.00056   0.00055   0.00067   0.00176   0.00018   0.00146   0.00082   0.00075   0.00320   0.00000   0.00000   0.00201   0.00338   0.00301   0.00346   0.00188   0.00090   0.00003   0.00390   0.00003   0.00020   0.00000   0.00098   0.00000   0.00034   0.00000   0.00293   0.00059   0.00000   0.00402   0.00010   0.00199   0.00195   0.00307   0.00441   0.00013   0.00140   0.00003   0.00121   0.00201   0.32275   2.43944   1.34643   0.76582   1.00000   1.86568   0.00010   0.02683  
 54  1.9060  27404.279585  x:  0.31189   0.00799   0.00679   0.01132   0.00582   0.00057   0.00010   0.00059   0.00116   0.00077   0.00182   0.00022   0.00175   0.00155   0.00132   0.00329   0.00000   0.00000   0.00204   0.00373   0.00285   0.00356   0.00291   0.00142   0.00007   0.00401   0.00006   0.00038   0.00000   0.00135   0.00000   0.00037   0.00000   0.00329   0.00008   0.00000   0.00399   0.00008   0.00210   0.00239   0.00325   0.00483   0.00028   0.00128   0.00003   0.00154   0.00218   0.33624   2.31740   1.36878   0.77559   1.00000   1.92917   0.00010   0.03079  
 55  2.6966  27383.566403  x:  0.34617   0.00914   0.00583   0.01420   0.00580   0.00089   0.00010   0.00071   0.00167   0.00078   0.00179   0.00031   0.00221   0.00222   0.00159   0.00286   0.00000   0.00000   0.00180   0.00451   0.00249   0.00511   0.00392   0.00179   0.00009   0.00351   0.00013   0.00049   0.00000   0.00138   0.00000   0.00038   0.00000   0.00412   0.00231   0.00000   0.00399   0.00008   0.00216   0.00318   0.00337   0.00521   0.00041   0.00092   0.00003   0.00217   0.00238   0.37084   2.54494   1.41227   0.78170   1.00000   2.10427   0.00010   0.03666  
 56  0.3500  27359.381302  x:  0.34469   0.00641   0.00680   0.01510   0.00730   0.00093   0.00014   0.00080   0.00108   0.00059   0.00169   0.00035   0.00219   0.00124   0.00093   0.00279   0.00000   0.00000   0.00161   0.00473   0.00227   0.00700   0.00258   0.00132   0.00011   0.00172   0.00022   0.00048   0.00000   0.00035   0.00000   0.00032   0.00000   0.00427   0.00141   0.00000   0.00395   0.00014   0.00203   0.00318   0.00282   0.00480   0.00021   0.00076   0.00004   0.00227   0.00232   0.36839   3.03571   1.36605   0.75578   1.00000   2.31090   0.00010   0.04074  
 57  0.4879  27359.098476  x:  0.34442   0.00630   0.00681   0.01514   0.00737   0.00093   0.00014   0.00081   0.00106   0.00059   0.00169   0.00035   0.00219   0.00121   0.00090   0.00279   0.00000   0.00000   0.00161   0.00474   0.00227   0.00709   0.00255   0.00131   0.00011   0.00165   0.00023   0.00047   0.00000   0.00033   0.00000   0.00032   0.00000   0.00428   0.00136   0.00000   0.00394   0.00014   0.00203   0.00318   0.00279   0.00480   0.00020   0.00076   0.00004   0.00227   0.00232   0.36808   3.05408   1.36382   0.75478   1.00000   2.31665   0.07120   0.04071  
 58  3.4673  27352.089466  x:  0.33477   0.00553   0.00588   0.01552   0.00799   0.00093   0.00015   0.00094   0.00091   0.00063   0.00187   0.00038   0.00241   0.00155   0.00040   0.00272   0.00000   0.00000   0.00188   0.00493   0.00236   0.00783   0.00325   0.00129   0.00006   0.00113   0.00019   0.00025   0.00000   0.00082   0.00000   0.00035   0.00000   0.00444   0.00097   0.00000   0.00379   0.00016   0.00213   0.00337   0.00260   0.00519   0.00029   0.00076   0.00004   0.00240   0.00243   0.35841   3.10379   1.33780   0.75090   1.00000   2.26656   0.10722   0.03324  
 59  0.2255  27345.422751  x:  0.32548   0.00517   0.00531   0.01511   0.00795   0.00095   0.00019   0.00108   0.00122   0.00069   0.00200   0.00043   0.00275   0.00198   0.00057   0.00279   0.00000   0.00000   0.00206   0.00518   0.00220   0.00909   0.00411   0.00141   0.00010   0.00307   0.00019   0.00035   0.00000   0.00067   0.00000   0.00040   0.00000   0.00440   0.00027   0.00000   0.00377   0.00019   0.00211   0.00351   0.00242   0.00563   0.00040   0.00070   0.00005   0.00251   0.00244   0.34942   3.09659   1.33800   0.75508   1.00000   2.32050   0.14198   0.03258  
 60  0.0452  27342.617328  x:  0.32647   0.00516   0.00543   0.01466   0.00770   0.00093   0.00019   0.00112   0.00132   0.00073   0.00212   0.00045   0.00285   0.00205   0.00063   0.00277   0.00000   0.00000   0.00214   0.00520   0.00210   0.00959   0.00426   0.00147   0.00012   0.00278   0.00020   0.00041   0.00000   0.00061   0.00000   0.00043   0.00000   0.00440   0.00006   0.00000   0.00376   0.00019   0.00212   0.00355   0.00249   0.00575   0.00041   0.00067   0.00006   0.00252   0.00250   0.35045   3.07827   1.34730   0.76050   1.00000   2.38351   0.16434   0.03524  
 61  0.1745  27339.055483  x:  0.33039   0.00563   0.00562   0.01373   0.00698   0.00093   0.00020   0.00118   0.00165   0.00082   0.00237   0.00050   0.00305   0.00224   0.00093   0.00272   0.00000   0.00000   0.00231   0.00524   0.00189   0.01047   0.00460   0.00167   0.00018   0.00199   0.00023   0.00063   0.00000   0.00052   0.00000   0.00048   0.00000   0.00443   0.00016   0.00000   0.00376   0.00020   0.00215   0.00370   0.00272   0.00604   0.00046   0.00062   0.00007   0.00258   0.00264   0.35452   3.01139   1.37047   0.77398   1.00000   2.49473   0.19130   0.04033  
 62  0.9614  27334.087650  x:  0.33401   0.00464   0.00625   0.01321   0.00709   0.00096   0.00022   0.00134   0.00158   0.00077   0.00249   0.00058   0.00326   0.00228   0.00039   0.00259   0.00000   0.00000   0.00206   0.00527   0.00168   0.01236   0.00494   0.00172   0.00018   0.00136   0.00025   0.00053   0.00000   0.00020   0.00000   0.00047   0.00000   0.00441   0.00018   0.00000   0.00366   0.00023   0.00210   0.00376   0.00269   0.00591   0.00050   0.00065   0.00008   0.00265   0.00270   0.35787   2.97084   1.36451   0.76239   1.00000   2.61698   0.39138   0.03996  
 63  0.1294  27332.563116  x:  0.33343   0.00428   0.00653   0.01300   0.00732   0.00096   0.00023   0.00146   0.00162   0.00074   0.00256   0.00062   0.00337   0.00237   0.00024   0.00260   0.00000   0.00000   0.00196   0.00520   0.00155   0.01337   0.00530   0.00178   0.00019   0.00121   0.00026   0.00051   0.00000   0.00050   0.00000   0.00048   0.00000   0.00440   0.00019   0.00000   0.00359   0.00025   0.00208   0.00375   0.00265   0.00580   0.00055   0.00070   0.00009   0.00267   0.00272   0.35721   2.93377   1.35847   0.75525   1.00000   2.65639   0.47588   0.03841  
 64  0.2490  27330.910327  x:  0.32988   0.00435   0.00630   0.01271   0.00731   0.00095   0.00026   0.00159   0.00185   0.00075   0.00263   0.00067   0.00352   0.00243   0.00046   0.00274   0.00000   0.00000   0.00186   0.00515   0.00161   0.01471   0.00563   0.00194   0.00024   0.00136   0.00029   0.00064   0.00000   0.00053   0.00000   0.00051   0.00000   0.00436   0.00022   0.00000   0.00346   0.00027   0.00206   0.00375   0.00261   0.00568   0.00058   0.00074   0.00011   0.00270   0.00273   0.35370   2.87176   1.35029   0.75177   1.00000   2.67424   0.52150   0.03424  
 65  0.1229  27329.148836  x:  0.32868   0.00414   0.00614   0.01305   0.00729   0.00097   0.00028   0.00169   0.00174   0.00068   0.00254   0.00071   0.00357   0.00229   0.00023   0.00275   0.00000   0.00000   0.00177   0.00500   0.00173   0.01588   0.00569   0.00200   0.00023   0.00204   0.00030   0.00055   0.00000   0.00049   0.00000   0.00051   0.00000   0.00429   0.00023   0.00000   0.00341   0.00028   0.00201   0.00367   0.00249   0.00529   0.00058   0.00070   0.00012   0.00270   0.00266   0.35246   2.81662   1.35170   0.75609   1.00000   2.76298   0.54170   0.03752  
 66  0.0924  27326.825105  x:  0.32771   0.00447   0.00602   0.01360   0.00709   0.00091   0.00031   0.00180   0.00175   0.00066   0.00243   0.00077   0.00348   0.00180   0.00051   0.00288   0.00000   0.00000   0.00194   0.00461   0.00193   0.01747   0.00526   0.00214   0.00027   0.00181   0.00035   0.00060   0.00000   0.00051   0.00000   0.00053   0.00000   0.00420   0.00024   0.00000   0.00334   0.00030   0.00201   0.00344   0.00244   0.00474   0.00052   0.00069   0.00014   0.00258   0.00260   0.35142   2.79321   1.37197   0.77089   1.00000   2.83355   0.53777   0.04012  
 67  0.0492  27325.109009  x:  0.32773   0.00446   0.00613   0.01429   0.00744   0.00089   0.00033   0.00188   0.00155   0.00063   0.00231   0.00081   0.00330   0.00124   0.00045   0.00294   0.00000   0.00000   0.00205   0.00434   0.00208   0.01886   0.00468   0.00219   0.00028   0.00164   0.00038   0.00051   0.00000   0.00041   0.00000   0.00052   0.00000   0.00421   0.00027   0.00000   0.00335   0.00032   0.00207   0.00322   0.00250   0.00451   0.00044   0.00077   0.00016   0.00247   0.00257   0.35128   2.85181   1.36556   0.76706   1.00000   2.79799   0.59741   0.03553  
 68  0.0586  27323.926958  x:  0.33067   0.00445   0.00638   0.01425   0.00757   0.00095   0.00034   0.00195   0.00145   0.00069   0.00233   0.00087   0.00318   0.00118   0.00040   0.00271   0.00000   0.00000   0.00217   0.00428   0.00196   0.02013   0.00471   0.00228   0.00026   0.00157   0.00037   0.00037   0.00000   0.00043   0.00000   0.00054   0.00000   0.00432   0.00028   0.00000   0.00347   0.00033   0.00218   0.00320   0.00274   0.00498   0.00044   0.00082   0.00017   0.00248   0.00266   0.35424   2.83985   1.35328   0.75971   1.00000   2.83209   0.64917   0.03830  
 69  0.0330  27322.826773  x:  0.33150   0.00439   0.00623   0.01424   0.00728   0.00104   0.00035   0.00200   0.00137   0.00076   0.00230   0.00095   0.00300   0.00123   0.00037   0.00251   0.00000   0.00000   0.00211   0.00433   0.00188   0.02158   0.00480   0.00237   0.00024   0.00171   0.00035   0.00018   0.00000   0.00047   0.00000   0.00056   0.00000   0.00443   0.00028   0.00000   0.00356   0.00034   0.00228   0.00324   0.00279   0.00556   0.00047   0.00073   0.00019   0.00250   0.00274   0.35520   2.85342   1.36453   0.76111   1.00000   2.79667   0.57295   0.03749  
 70  0.0382  27322.270433  x:  0.32693   0.00464   0.00589   0.01394   0.00689   0.00107   0.00034   0.00197   0.00144   0.00075   0.00225   0.00097   0.00287   0.00128   0.00056   0.00274   0.00000   0.00000   0.00196   0.00433   0.00198   0.02197   0.00474   0.00241   0.00026   0.00169   0.00035   0.00022   0.00000   0.00051   0.00000   0.00055   0.00000   0.00438   0.00028   0.00000   0.00354   0.00033   0.00225   0.00326   0.00268   0.00554   0.00047   0.00065   0.00020   0.00251   0.00270   0.35070   2.84243   1.36097   0.76521   1.00000   2.74905   0.52507   0.03721  
 71  0.0322  27321.660873  x:  0.32828   0.00459   0.00630   0.01358   0.00682   0.00110   0.00032   0.00194   0.00139   0.00073   0.00218   0.00104   0.00254   0.00129   0.00067   0.00286   0.00000   0.00000   0.00191   0.00428   0.00192   0.02318   0.00453   0.00241   0.00025   0.00168   0.00032   0.00014   0.00000   0.00052   0.00000   0.00053   0.00000   0.00429   0.00028   0.00000   0.00364   0.00032   0.00223   0.00319   0.00265   0.00553   0.00046   0.00072   0.00022   0.00248   0.00265   0.35207   2.86526   1.35952   0.76112   1.00000   2.65483   0.45571   0.03705  
 72  0.0446  27321.126588  x:  0.33093   0.00456   0.00645   0.01318   0.00683   0.00107   0.00029   0.00183   0.00146   0.00069   0.00225   0.00106   0.00248   0.00146   0.00075   0.00292   0.00000   0.00000   0.00196   0.00437   0.00193   0.02330   0.00443   0.00235   0.00028   0.00151   0.00029   0.00027   0.00000   0.00048   0.00000   0.00050   0.00000   0.00415   0.00028   0.00000   0.00362   0.00030   0.00214   0.00327   0.00257   0.00520   0.00047   0.00078   0.00022   0.00252   0.00257   0.35471   2.87454   1.36016   0.75893   1.00000   2.55700   0.34461   0.03705  
 73  0.0838  27320.178514  x:  0.33123   0.00473   0.00568   0.01367   0.00680   0.00109   0.00027   0.00170   0.00134   0.00070   0.00236   0.00114   0.00245   0.00163   0.00065   0.00266   0.00000   0.00000   0.00216   0.00450   0.00216   0.02422   0.00425   0.00234   0.00029   0.00168   0.00024   0.00027   0.00000   0.00040   0.00000   0.00046   0.00000   0.00415   0.00027   0.00000   0.00355   0.00027   0.00212   0.00348   0.00258   0.00501   0.00048   0.00071   0.00024   0.00265   0.00251   0.35511   2.86256   1.35789   0.76310   1.00000   2.38767   0.14062   0.03721  
 74  0.1087  27319.668414  x:  0.33017   0.00461   0.00624   0.01402   0.00699   0.00106   0.00025   0.00164   0.00127   0.00071   0.00249   0.00119   0.00248   0.00167   0.00052   0.00259   0.00000   0.00000   0.00220   0.00447   0.00203   0.02519   0.00415   0.00231   0.00029   0.00175   0.00021   0.00024   0.00000   0.00043   0.00000   0.00044   0.00000   0.00416   0.00027   0.00000   0.00358   0.00026   0.00213   0.00352   0.00261   0.00501   0.00049   0.00073   0.00026   0.00266   0.00252   0.35401   2.86463   1.36508   0.76358   1.00000   2.28517   0.07159   0.03698  
 75  0.0588  27319.456172  x:  0.32841   0.00460   0.00621   0.01401   0.00713   0.00104   0.00026   0.00164   0.00126   0.00073   0.00253   0.00122   0.00256   0.00160   0.00044   0.00268   0.00000   0.00000   0.00208   0.00442   0.00211   0.02572   0.00412   0.00232   0.00029   0.00156   0.00021   0.00022   0.00000   0.00047   0.00000   0.00044   0.00000   0.00421   0.00027   0.00000   0.00356   0.00026   0.00216   0.00348   0.00268   0.00511   0.00049   0.00075   0.00027   0.00263   0.00256   0.35219   2.85071   1.36009   0.76182   1.00000   2.27815   0.04159   0.03764  
 76  0.0192  27319.294971  x:  0.32869   0.00455   0.00615   0.01385   0.00719   0.00101   0.00025   0.00160   0.00133   0.00073   0.00249   0.00125   0.00264   0.00159   0.00048   0.00281   0.00000   0.00000   0.00192   0.00441   0.00217   0.02599   0.00410   0.00228   0.00030   0.00172   0.00021   0.00025   0.00000   0.00052   0.00000   0.00044   0.00000   0.00421   0.00027   0.00000   0.00355   0.00025   0.00215   0.00340   0.00267   0.00515   0.00049   0.00075   0.00027   0.00255   0.00256   0.35240   2.85015   1.35969   0.76169   1.00000   2.23460   0.00010   0.03736  
 77  0.0281  27319.294971  x:  0.32869   0.00455   0.00615   0.01385   0.00719   0.00101   0.00025   0.00160   0.00133   0.00073   0.00249   0.00125   0.00264   0.00159   0.00048   0.00281   0.00000   0.00000   0.00192   0.00441   0.00217   0.02599   0.00410   0.00228   0.00030   0.00172   0.00021   0.00025   0.00000   0.00052   0.00000   0.00044   0.00000   0.00421   0.00027   0.00000   0.00355   0.00025   0.00215   0.00340   0.00267   0.00515   0.00049   0.00075   0.00027   0.00255   0.00256   0.35240   2.85015   1.35969   0.76169   1.00000   2.23460   0.00010   0.03736  
 78  0.0321  27316.965859  x:  0.32869   0.00455   0.00615   0.01385   0.00719   0.00101   0.00025   0.00158   0.00134   0.00073   0.00248   0.00134   0.00266   0.00157   0.00047   0.00280   0.00000   0.00000   0.00194   0.00441   0.00217   0.02598   0.00411   0.00225   0.00025   0.00171   0.00027   0.00025   0.00000   0.00050   0.00000   0.00047   0.00000   0.00422   0.00025   0.00000   0.00355   0.00025   0.00215   0.00339   0.00267   0.00515   0.00050   0.00074   0.00099   0.00255   0.00256   0.35240   2.85015   1.35969   0.76169   1.00000   2.23460   0.00010   0.03736  
 79 11264.2317  27316.785665  x:  0.32869   0.00456   0.00615   0.01385   0.00719   0.00100   0.00022   0.00152   0.00138   0.00071   0.00245   0.00151   0.00270   0.00155   0.00046   0.00279   0.00000   0.00000   0.00197   0.00441   0.00215   0.02596   0.00412   0.00218   0.00021   0.00169   0.00020   0.00022   0.00000   0.00047   0.00000   0.00048   0.00000   0.00423   0.00022   0.00000   0.00355   0.00021   0.00215   0.00338   0.00265   0.00516   0.00050   0.00072   0.00099   0.00255   0.00257   0.35240   2.85015   1.35969   0.76169   1.00000   2.23460   0.00010   0.03736  
 80 1496.4823  27316.649293  x:  0.32869   0.00457   0.00615   0.01385   0.00719   0.00099   0.00024   0.00145   0.00142   0.00070   0.00242   0.00170   0.00274   0.00152   0.00046   0.00276   0.00000   0.00000   0.00201   0.00440   0.00214   0.02592   0.00413   0.00208   0.00024   0.00167   0.00025   0.00024   0.00000   0.00045   0.00000   0.00049   0.00000   0.00424   0.00024   0.00000   0.00354   0.00024   0.00215   0.00337   0.00264   0.00517   0.00049   0.00070   0.00098   0.00255   0.00259   0.35240   2.85015   1.35969   0.76169   1.00000   2.23460   0.00010   0.03737  
 81 2156.1937  27316.629104  x:  0.32869   0.00458   0.00615   0.01385   0.00719   0.00098   0.00025   0.00143   0.00143   0.00071   0.00240   0.00170   0.00277   0.00152   0.00047   0.00275   0.00000   0.00000   0.00202   0.00439   0.00213   0.02588   0.00414   0.00204   0.00024   0.00166   0.00024   0.00024   0.00000   0.00050   0.00000   0.00047   0.00000   0.00425   0.00024   0.00000   0.00354   0.00024   0.00215   0.00336   0.00263   0.00517   0.00050   0.00072   0.00098   0.00255   0.00259   0.35241   2.85015   1.35969   0.76169   1.00000   2.23460   0.00010   0.03737  
 82 504.6633  27316.612830  x:  0.32870   0.00459   0.00615   0.01384   0.00718   0.00096   0.00023   0.00141   0.00144   0.00072   0.00238   0.00167   0.00280   0.00154   0.00047   0.00273   0.00000   0.00000   0.00204   0.00438   0.00211   0.02581   0.00416   0.00199   0.00024   0.00166   0.00026   0.00023   0.00000   0.00049   0.00000   0.00047   0.00000   0.00427   0.00023   0.00000   0.00354   0.00023   0.00214   0.00334   0.00262   0.00518   0.00050   0.00073   0.00098   0.00256   0.00260   0.35241   2.85015   1.35969   0.76169   1.00000   2.23460   0.00010   0.03737  
 83 444.4019  27316.598545  x:  0.32870   0.00461   0.00615   0.01384   0.00717   0.00095   0.00024   0.00139   0.00145   0.00072   0.00236   0.00164   0.00283   0.00156   0.00047   0.00272   0.00000   0.00000   0.00205   0.00437   0.00209   0.02572   0.00419   0.00196   0.00024   0.00166   0.00024   0.00024   0.00000   0.00047   0.00000   0.00048   0.00000   0.00429   0.00024   0.00000   0.00354   0.00024   0.00214   0.00333   0.00261   0.00519   0.00049   0.00073   0.00098   0.00256   0.00260   0.35241   2.85015   1.35969   0.76169   1.00000   2.23460   0.00010   0.03738  
 84 879.8173  27316.574144  x:  0.32870   0.00465   0.00614   0.01384   0.00716   0.00096   0.00024   0.00140   0.00146   0.00069   0.00236   0.00163   0.00286   0.00158   0.00047   0.00272   0.00000   0.00000   0.00205   0.00435   0.00206   0.02548   0.00424   0.00197   0.00025   0.00167   0.00024   0.00024   0.00000   0.00048   0.00000   0.00047   0.00000   0.00432   0.00024   0.00000   0.00354   0.00024   0.00214   0.00331   0.00261   0.00521   0.00049   0.00067   0.00098   0.00256   0.00261   0.35242   2.85015   1.35970   0.76170   1.00000   2.23460   0.00010   0.03739  
 85 407.1174  27316.541333  x:  0.32871   0.00469   0.00614   0.01383   0.00713   0.00097   0.00025   0.00141   0.00147   0.00069   0.00236   0.00164   0.00288   0.00159   0.00047   0.00272   0.00000   0.00000   0.00204   0.00433   0.00202   0.02516   0.00430   0.00200   0.00022   0.00167   0.00026   0.00024   0.00000   0.00049   0.00000   0.00047   0.00000   0.00434   0.00024   0.00000   0.00354   0.00024   0.00214   0.00330   0.00261   0.00523   0.00050   0.00067   0.00098   0.00256   0.00261   0.35242   2.85015   1.35970   0.76170   1.00000   2.23460   0.00010   0.03741  
 86 1301.0593  27316.483228  x:  0.32873   0.00479   0.00613   0.01382   0.00707   0.00098   0.00024   0.00142   0.00147   0.00072   0.00238   0.00167   0.00289   0.00160   0.00047   0.00273   0.00000   0.00000   0.00201   0.00430   0.00196   0.02445   0.00442   0.00207   0.00025   0.00168   0.00024   0.00024   0.00000   0.00047   0.00000   0.00047   0.00000   0.00438   0.00024   0.00000   0.00354   0.00024   0.00215   0.00329   0.00261   0.00527   0.00050   0.00073   0.00098   0.00256   0.00260   0.35244   2.85016   1.35971   0.76171   1.00000   2.23460   0.00010   0.03744  
 87 3745.7199  27316.432840  x:  0.32875   0.00482   0.00613   0.01382   0.00701   0.00093   0.00022   0.00141   0.00142   0.00072   0.00240   0.00166   0.00282   0.00152   0.00045   0.00274   0.00000   0.00000   0.00202   0.00433   0.00197   0.02380   0.00443   0.00204   0.00024   0.00166   0.00024   0.00025   0.00000   0.00048   0.00000   0.00048   0.00000   0.00435   0.00026   0.00000   0.00354   0.00024   0.00215   0.00332   0.00263   0.00525   0.00049   0.00072   0.00098   0.00256   0.00259   0.35246   2.85016   1.35973   0.76171   1.00000   2.23460   0.00011   0.03747  
 88 935.2857  27316.414428  x:  0.32875   0.00483   0.00613   0.01382   0.00699   0.00093   0.00025   0.00140   0.00141   0.00072   0.00240   0.00165   0.00279   0.00150   0.00046   0.00275   0.00000   0.00000   0.00203   0.00434   0.00198   0.02355   0.00442   0.00201   0.00025   0.00165   0.00024   0.00024   0.00000   0.00048   0.00000   0.00048   0.00000   0.00433   0.00024   0.00000   0.00354   0.00024   0.00215   0.00334   0.00263   0.00524   0.00049   0.00071   0.00098   0.00255   0.00259   0.35247   2.85016   1.35973   0.76171   1.00000   2.23460   0.00011   0.03748  
 89 2492.8131  27316.396217  x:  0.32876   0.00483   0.00614   0.01382   0.00698   0.00097   0.00023   0.00141   0.00142   0.00071   0.00240   0.00165   0.00277   0.00151   0.00049   0.00275   0.00000   0.00000   0.00204   0.00436   0.00201   0.02329   0.00437   0.00199   0.00025   0.00166   0.00024   0.00024   0.00000   0.00047   0.00000   0.00047   0.00000   0.00430   0.00024   0.00000   0.00354   0.00024   0.00214   0.00335   0.00263   0.00522   0.00050   0.00071   0.00098   0.00255   0.00259   0.35247   2.85016   1.35973   0.76172   1.00000   2.23460   0.00011   0.03749  
 90 1035.6533  27316.383452  x:  0.32877   0.00481   0.00614   0.01382   0.00697   0.00100   0.00024   0.00142   0.00144   0.00071   0.00239   0.00165   0.00277   0.00154   0.00046   0.00274   0.00000   0.00000   0.00204   0.00438   0.00204   0.02311   0.00432   0.00198   0.00025   0.00166   0.00024   0.00024   0.00000   0.00048   0.00000   0.00048   0.00000   0.00427   0.00025   0.00000   0.00354   0.00023   0.00214   0.00336   0.00263   0.00520   0.00050   0.00072   0.00098   0.00255   0.00259   0.35248   2.85016   1.35974   0.76172   1.00000   2.23460   0.00011   0.03750  
 91 821.2681  27316.379726  x:  0.32877   0.00480   0.00614   0.01382   0.00697   0.00099   0.00024   0.00142   0.00145   0.00071   0.00238   0.00165   0.00278   0.00155   0.00046   0.00274   0.00000   0.00000   0.00204   0.00438   0.00205   0.02305   0.00429   0.00198   0.00025   0.00167   0.00024   0.00024   0.00000   0.00048   0.00000   0.00048   0.00000   0.00427   0.00024   0.00000   0.00354   0.00025   0.00214   0.00336   0.00262   0.00520   0.00049   0.00072   0.00098   0.00255   0.00260   0.35248   2.85016   1.35974   0.76172   1.00000   2.23460   0.00011   0.03750  
 92 488.6714  27316.373240  x:  0.32877   0.00477   0.00614   0.01382   0.00698   0.00096   0.00024   0.00142   0.00145   0.00072   0.00237   0.00166   0.00280   0.00156   0.00047   0.00273   0.00000   0.00000   0.00203   0.00438   0.00207   0.02295   0.00424   0.00200   0.00025   0.00167   0.00024   0.00024   0.00000   0.00048   0.00000   0.00047   0.00000   0.00427   0.00024   0.00000   0.00354   0.00024   0.00214   0.00335   0.00262   0.00519   0.00049   0.00071   0.00098   0.00255   0.00260   0.35249   2.85016   1.35974   0.76172   1.00000   2.23460   0.00011   0.03750  
 93 518.4427  27316.371621  x:  0.32878   0.00476   0.00614   0.01382   0.00699   0.00096   0.00024   0.00141   0.00145   0.00071   0.00238   0.00166   0.00281   0.00156   0.00047   0.00273   0.00000   0.00000   0.00203   0.00438   0.00208   0.02293   0.00422   0.00201   0.00025   0.00167   0.00024   0.00024   0.00000   0.00048   0.00000   0.00048   0.00000   0.00427   0.00024   0.00000   0.00354   0.00024   0.00214   0.00334   0.00262   0.00519   0.00050   0.00072   0.00098   0.00255   0.00260   0.35249   2.85016   1.35974   0.76172   1.00000   2.23460   0.00011   0.03750  
 94 136.1038  27316.370798  x:  0.32878   0.00475   0.00614   0.01382   0.00701   0.00096   0.00024   0.00140   0.00145   0.00071   0.00238   0.00165   0.00282   0.00155   0.00047   0.00273   0.00000   0.00000   0.00203   0.00437   0.00208   0.02291   0.00421   0.00201   0.00025   0.00166   0.00024   0.00024   0.00000   0.00048   0.00000   0.00047   0.00000   0.00428   0.00024   0.00000   0.00354   0.00024   0.00214   0.00333   0.00262   0.00519   0.00049   0.00072   0.00098   0.00255   0.00260   0.35249   2.85016   1.35975   0.76173   1.00000   2.23460   0.00011   0.03749  
 95 126.2868  27316.370390  x:  0.32878   0.00474   0.00614   0.01383   0.00702   0.00097   0.00024   0.00140   0.00145   0.00071   0.00238   0.00165   0.00282   0.00155   0.00047   0.00273   0.00000   0.00000   0.00203   0.00437   0.00208   0.02291   0.00421   0.00201   0.00025   0.00166   0.00024   0.00024   0.00000   0.00048   0.00000   0.00047   0.00000   0.00428   0.00024   0.00000   0.00354   0.00024   0.00214   0.00333   0.00262   0.00519   0.00049   0.00072   0.00098   0.00255   0.00260   0.35249   2.85016   1.35975   0.76173   1.00000   2.23460   0.00011   0.03749  
 96 118.5158  27316.369598  x:  0.32878   0.00472   0.00614   0.01383   0.00704   0.00097   0.00024   0.00141   0.00145   0.00072   0.00239   0.00165   0.00282   0.00154   0.00047   0.00273   0.00000   0.00000   0.00203   0.00436   0.00209   0.02289   0.00420   0.00200   0.00025   0.00166   0.00024   0.00024   0.00000   0.00048   0.00000   0.00048   0.00000   0.00430   0.00024   0.00000   0.00354   0.00024   0.00214   0.00333   0.00262   0.00520   0.00050   0.00071   0.00098   0.00255   0.00260   0.35249   2.85016   1.35975   0.76173   1.00000   2.23460   0.00011   0.03748  
 97 149.9733  27316.368973  x:  0.32879   0.00470   0.00614   0.01383   0.00707   0.00097   0.00024   0.00142   0.00144   0.00071   0.00239   0.00166   0.00281   0.00155   0.00047   0.00274   0.00000   0.00000   0.00203   0.00436   0.00209   0.02288   0.00420   0.00200   0.00025   0.00166   0.00024   0.00024   0.00000   0.00048   0.00000   0.00047   0.00000   0.00430   0.00024   0.00000   0.00354   0.00024   0.00214   0.00333   0.00262   0.00520   0.00050   0.00072   0.00098   0.00255   0.00260   0.35250   2.85016   1.35975   0.76173   1.00000   2.23460   0.00011   0.03748  
 98 120.9406  27316.368656  x:  0.32879   0.00469   0.00614   0.01383   0.00709   0.00096   0.00024   0.00142   0.00144   0.00071   0.00238   0.00166   0.00281   0.00155   0.00047   0.00274   0.00000   0.00000   0.00203   0.00436   0.00208   0.02287   0.00421   0.00200   0.00025   0.00167   0.00024   0.00024   0.00000   0.00048   0.00000   0.00048   0.00000   0.00430   0.00024   0.00000   0.00354   0.00024   0.00214   0.00333   0.00262   0.00520   0.00049   0.00072   0.00098   0.00255   0.00260   0.35250   2.85016   1.35975   0.76173   1.00000   2.23460   0.00011   0.03747  
 99 56.0060  27316.368334  x:  0.32879   0.00468   0.00614   0.01383   0.00710   0.00096   0.00024   0.00141   0.00144   0.00071   0.00238   0.00166   0.00281   0.00155   0.00047   0.00274   0.00000   0.00000   0.00203   0.00436   0.00208   0.02287   0.00422   0.00200   0.00025   0.00167   0.00024   0.00024   0.00000   0.00048   0.00000   0.00048   0.00000   0.00429   0.00024   0.00000   0.00354   0.00024   0.00214   0.00334   0.00262   0.00520   0.00050   0.00072   0.00098   0.00255   0.00260   0.35251   2.85016   1.35976   0.76173   1.00000   2.23460   0.00011   0.03746  
100 98.8389  27316.368229  x:  0.32880   0.00467   0.00614   0.01383   0.00711   0.00096   0.00024   0.00141   0.00145   0.00071   0.00238   0.00166   0.00281   0.00155   0.00047   0.00273   0.00000   0.00000   0.00203   0.00437   0.00208   0.02286   0.00422   0.00200   0.00025   0.00166   0.00024   0.00024   0.00000   0.00048   0.00000   0.00048   0.00000   0.00429   0.00024   0.00000   0.00354   0.00024   0.00214   0.00334   0.00262   0.00520   0.00050   0.00072   0.00098   0.00255   0.00260   0.35251   2.85016   1.35976   0.76174   1.00000   2.23460   0.00011   0.03746  
101 23.8711  27316.368173  x:  0.32880   0.00467   0.00614   0.01383   0.00711   0.00096   0.00024   0.00141   0.00144   0.00071   0.00238   0.00166   0.00281   0.00155   0.00047   0.00273   0.00000   0.00000   0.00203   0.00437   0.00208   0.02286   0.00422   0.00200   0.00025   0.00167   0.00024   0.00024   0.00000   0.00048   0.00000   0.00048   0.00000   0.00429   0.00024   0.00000   0.00354   0.00024   0.00214   0.00333   0.00262   0.00520   0.00050   0.00072   0.00098   0.00255   0.00260   0.35251   2.85016   1.35976   0.76174   1.00000   2.23460   0.00011   0.03745  
102 13.0135  27316.367959  x:  0.32883   0.00467   0.00614   0.01383   0.00710   0.00097   0.00024   0.00141   0.00144   0.00071   0.00238   0.00166   0.00281   0.00155   0.00047   0.00274   0.00000   0.00000   0.00203   0.00437   0.00208   0.02286   0.00422   0.00200   0.00025   0.00167   0.00024   0.00024   0.00000   0.00048   0.00000   0.00048   0.00000   0.00429   0.00024   0.00000   0.00354   0.00024   0.00214   0.00333   0.00262   0.00519   0.00050   0.00072   0.00098   0.00255   0.00260   0.35254   2.85017   1.35978   0.76176   1.00000   2.23460   0.00011   0.03741  
103 14.2097  27316.367738  x:  0.32887   0.00467   0.00614   0.01383   0.00710   0.00096   0.00024   0.00141   0.00144   0.00071   0.00238   0.00166   0.00281   0.00155   0.00047   0.00273   0.00000   0.00000   0.00203   0.00436   0.00208   0.02286   0.00422   0.00200   0.00025   0.00166   0.00024   0.00024   0.00000   0.00048   0.00000   0.00048   0.00000   0.00429   0.00024   0.00000   0.00354   0.00024   0.00214   0.00333   0.00262   0.00519   0.00050   0.00072   0.00098   0.00255   0.00260   0.35258   2.85017   1.35981   0.76178   1.00000   2.23460   0.00011   0.03736  
104 58.7616  27316.367599  x:  0.32889   0.00467   0.00614   0.01382   0.00710   0.00096   0.00024   0.00141   0.00145   0.00071   0.00238   0.00166   0.00281   0.00155   0.00047   0.00273   0.00000   0.00000   0.00203   0.00437   0.00208   0.02286   0.00422   0.00200   0.00025   0.00167   0.00024   0.00024   0.00000   0.00048   0.00000   0.00048   0.00000   0.00429   0.00024   0.00000   0.00354   0.00024   0.00214   0.00334   0.00262   0.00520   0.00050   0.00072   0.00098   0.00255   0.00260   0.35260   2.85018   1.35982   0.76179   1.00000   2.23461   0.00012   0.03734  
105 47.8301  27316.367509  x:  0.32891   0.00468   0.00614   0.01383   0.00710   0.00097   0.00024   0.00141   0.00144   0.00071   0.00238   0.00166   0.00281   0.00155   0.00047   0.00273   0.00000   0.00000   0.00203   0.00437   0.00208   0.02286   0.00422   0.00200   0.00025   0.00166   0.00024   0.00024   0.00000   0.00048   0.00000   0.00048   0.00000   0.00429   0.00024   0.00000   0.00354   0.00024   0.00214   0.00334   0.00262   0.00520   0.00050   0.00072   0.00098   0.00255   0.00260   0.35262   2.85018   1.35984   0.76180   1.00000   2.23461   0.00012   0.03733  
106 24.5698  27316.367141  x:  0.32901   0.00469   0.00614   0.01384   0.00711   0.00096   0.00024   0.00141   0.00145   0.00071   0.00238   0.00166   0.00281   0.00155   0.00047   0.00274   0.00000   0.00000   0.00203   0.00437   0.00208   0.02286   0.00422   0.00200   0.00025   0.00167   0.00024   0.00024   0.00000   0.00048   0.00000   0.00048   0.00000   0.00428   0.00024   0.00000   0.00354   0.00024   0.00215   0.00332   0.00262   0.00520   0.00050   0.00072   0.00098   0.00255   0.00260   0.35272   2.85019   1.35990   0.76185   1.00000   2.23461   0.00013   0.03733  
107 26.2009  27316.366059  x:  0.32929   0.00469   0.00614   0.01388   0.00711   0.00096   0.00024   0.00141   0.00145   0.00071   0.00239   0.00166   0.00281   0.00155   0.00047   0.00273   0.00000   0.00000   0.00204   0.00437   0.00208   0.02286   0.00422   0.00201   0.00025   0.00167   0.00024   0.00024   0.00000   0.00048   0.00000   0.00048   0.00000   0.00429   0.00024   0.00000   0.00354   0.00024   0.00214   0.00334   0.00262   0.00519   0.00050   0.00072   0.00098   0.00255   0.00260   0.35300   2.85023   1.36011   0.76200   1.00000   2.23462   0.00016   0.03734  
108 155.9948  27316.365599  x:  0.32942   0.00468   0.00614   0.01388   0.00710   0.00097   0.00024   0.00141   0.00144   0.00071   0.00238   0.00166   0.00281   0.00155   0.00047   0.00273   0.00000   0.00000   0.00203   0.00437   0.00208   0.02287   0.00422   0.00200   0.00025   0.00167   0.00024   0.00024   0.00000   0.00048   0.00000   0.00048   0.00000   0.00429   0.00024   0.00000   0.00354   0.00024   0.00215   0.00334   0.00262   0.00519   0.00050   0.00072   0.00098   0.00256   0.00260   0.35313   2.85025   1.36020   0.76207   1.00000   2.23462   0.00017   0.03736  
109 173.7316  27316.365182  x:  0.32953   0.00467   0.00615   0.01385   0.00710   0.00096   0.00024   0.00141   0.00144   0.00071   0.00238   0.00166   0.00281   0.00155   0.00047   0.00274   0.00000   0.00000   0.00203   0.00437   0.00208   0.02287   0.00422   0.00200   0.00025   0.00167   0.00024   0.00024   0.00000   0.00048   0.00000   0.00048   0.00000   0.00429   0.00024   0.00000   0.00354   0.00024   0.00214   0.00334   0.00262   0.00521   0.00050   0.00072   0.00098   0.00255   0.00260   0.35324   2.85026   1.36028   0.76212   1.00000   2.23462   0.00018   0.03737  
110 103.2486  27316.365057  x:  0.32956   0.00467   0.00614   0.01383   0.00711   0.00096   0.00024   0.00141   0.00144   0.00071   0.00238   0.00166   0.00281   0.00155   0.00047   0.00273   0.00000   0.00000   0.00203   0.00437   0.00208   0.02287   0.00422   0.00200   0.00025   0.00167   0.00024   0.00024   0.00000   0.00048   0.00000   0.00048   0.00000   0.00429   0.00024   0.00000   0.00354   0.00024   0.00215   0.00334   0.00262   0.00520   0.00050   0.00072   0.00098   0.00256   0.00260   0.35327   2.85027   1.36031   0.76214   1.00000   2.23462   0.00019   0.03737  
111 35.4961  27316.365044  x:  0.32956   0.00468   0.00614   0.01383   0.00711   0.00096   0.00024   0.00141   0.00144   0.00071   0.00238   0.00166   0.00281   0.00155   0.00047   0.00274   0.00000   0.00000   0.00203   0.00437   0.00208   0.02287   0.00422   0.00200   0.00025   0.00167   0.00024   0.00024   0.00000   0.00048   0.00000   0.00048   0.00000   0.00429   0.00024   0.00000   0.00354   0.00024   0.00214   0.00334   0.00262   0.00520   0.00050   0.00072   0.00098   0.00256   0.00260   0.35328   2.85027   1.36032   0.76214   1.00000   2.23462   0.00019   0.03737  
112  7.7380  27316.365025  x:  0.32956   0.00468   0.00614   0.01383   0.00711   0.00096   0.00024   0.00141   0.00144   0.00071   0.00238   0.00166   0.00281   0.00155   0.00047   0.00274   0.00000   0.00000   0.00203   0.00436   0.00208   0.02287   0.00422   0.00200   0.00025   0.00167   0.00024   0.00024   0.00000   0.00048   0.00000   0.00048   0.00000   0.00429   0.00024   0.00000   0.00354   0.00024   0.00215   0.00334   0.00262   0.00520   0.00050   0.00072   0.00098   0.00256   0.00260   0.35328   2.85027   1.36033   0.76214   1.00000   2.23463   0.00019   0.03737  
113  3.4184  27316.364923  x:  0.32956   0.00468   0.00614   0.01383   0.00711   0.00096   0.00024   0.00141   0.00144   0.00071   0.00238   0.00166   0.00281   0.00155   0.00047   0.00273   0.00000   0.00000   0.00203   0.00436   0.00208   0.02287   0.00422   0.00200   0.00025   0.00167   0.00024   0.00024   0.00000   0.00048   0.00000   0.00048   0.00000   0.00428   0.00024   0.00000   0.00354   0.00024   0.00214   0.00334   0.00262   0.00520   0.00050   0.00072   0.00098   0.00256   0.00260   0.35328   2.85030   1.36044   0.76215   1.00000   2.23463   0.00021   0.03737  
114 21.4600  27316.364381  x:  0.32956   0.00467   0.00613   0.01383   0.00710   0.00097   0.00024   0.00141   0.00144   0.00071   0.00238   0.00166   0.00281   0.00155   0.00047   0.00273   0.00000   0.00000   0.00203   0.00437   0.00207   0.02287   0.00422   0.00201   0.00025   0.00167   0.00024   0.00024   0.00000   0.00048   0.00000   0.00048   0.00000   0.00429   0.00024   0.00000   0.00354   0.00024   0.00215   0.00334   0.00262   0.00520   0.00050   0.00072   0.00098   0.00255   0.00260   0.35327   2.85042   1.36098   0.76217   1.00000   2.23464   0.00030   0.03737  
115 135.8664  27316.364222  x:  0.32955   0.00468   0.00614   0.01384   0.00711   0.00096   0.00024   0.00141   0.00144   0.00071   0.00238   0.00166   0.00281   0.00155   0.00047   0.00274   0.00000   0.00000   0.00203   0.00437   0.00208   0.02287   0.00422   0.00200   0.00025   0.00167   0.00024   0.00024   0.00000   0.00048   0.00000   0.00048   0.00000   0.00429   0.00024   0.00000   0.00354   0.00024   0.00215   0.00334   0.00262   0.00520   0.00050   0.00072   0.00098   0.00256   0.00260   0.35326   2.85046   1.36114   0.76217   1.00000   2.23464   0.00032   0.03736  
116 161.3126  27316.364200  x:  0.32955   0.00468   0.00615   0.01384   0.00711   0.00096   0.00024   0.00141   0.00144   0.00071   0.00238   0.00166   0.00281   0.00155   0.00047   0.00274   0.00000   0.00000   0.00203   0.00437   0.00208   0.02287   0.00422   0.00200   0.00025   0.00167   0.00024   0.00024   0.00000   0.00048   0.00000   0.00048   0.00000   0.00429   0.00024   0.00000   0.00354   0.00024   0.00215   0.00334   0.00262   0.00520   0.00050   0.00072   0.00098   0.00256   0.00260   0.35326   2.85046   1.36116   0.76218   1.00000   2.23464   0.00033   0.03736  
117 18.4035  27316.364200  x:  0.32955   0.00468   0.00615   0.01384   0.00711   0.00096   0.00024   0.00141   0.00144   0.00071   0.00238   0.00166   0.00281   0.00155   0.00047   0.00274   0.00000   0.00000   0.00203   0.00437   0.00208   0.02287   0.00422   0.00200   0.00025   0.00167   0.00024   0.00024   0.00000   0.00048   0.00000   0.00048   0.00000   0.00429   0.00024   0.00000   0.00354   0.00024   0.00215   0.00334   0.00262   0.00520   0.00050   0.00072   0.00098   0.00256   0.00260   0.35326   2.85046   1.36116   0.76218   1.00000   2.23464   0.00033   0.03736  
118  1.6119  27316.364165  x:  0.32954   0.00468   0.00615   0.01384   0.00711   0.00096   0.00024   0.00141   0.00145   0.00071   0.00238   0.00166   0.00281   0.00155   0.00047   0.00274   0.00000   0.00000   0.00203   0.00437   0.00208   0.02287   0.00422   0.00200   0.00025   0.00167   0.00024   0.00024   0.00000   0.00048   0.00000   0.00048   0.00000   0.00429   0.00024   0.00000   0.00354   0.00024   0.00215   0.00334   0.00263   0.00520   0.00050   0.00072   0.00098   0.00256   0.00260   0.35325   2.85050   1.36118   0.76223   1.00000   2.23465   0.00035   0.03736  
119  2.0142  27316.364066  x:  0.32950   0.00468   0.00615   0.01384   0.00711   0.00096   0.00024   0.00141   0.00144   0.00071   0.00238   0.00166   0.00281   0.00155   0.00047   0.00274   0.00000   0.00000   0.00203   0.00437   0.00208   0.02287   0.00422   0.00200   0.00025   0.00167   0.00024   0.00024   0.00000   0.00048   0.00000   0.00048   0.00000   0.00429   0.00024   0.00000   0.00354   0.00024   0.00215   0.00334   0.00262   0.00520   0.00050   0.00072   0.00098   0.00256   0.00260   0.35321   2.85063   1.36124   0.76241   1.00000   2.23466   0.00044   0.03737  
120 85.0506  27316.364066  x:  0.32950   0.00468   0.00615   0.01384   0.00711   0.00096   0.00024   0.00141   0.00144   0.00071   0.00238   0.00166   0.00281   0.00155   0.00047   0.00274   0.00000   0.00000   0.00203   0.00437   0.00208   0.02287   0.00422   0.00200   0.00025   0.00167   0.00024   0.00024   0.00000   0.00048   0.00000   0.00048   0.00000   0.00429   0.00024   0.00000   0.00354   0.00024   0.00215   0.00334   0.00262   0.00520   0.00050   0.00072   0.00098   0.00256   0.00260   0.35321   2.85063   1.36124   0.76241   1.00000   2.23466   0.00044   0.03737  
121  1.6930  27316.363451  x:  0.32953   0.00468   0.00615   0.01384   0.00711   0.00096   0.00024   0.00141   0.00145   0.00071   0.00238   0.00166   0.00281   0.00155   0.00047   0.00275   0.00000   0.00000   0.00203   0.00437   0.00207   0.02287   0.00422   0.00200   0.00025   0.00167   0.00024   0.00024   0.00000   0.00048   0.00000   0.00048   0.00000   0.00429   0.00024   0.00000   0.00354   0.00024   0.00215   0.00334   0.00262   0.00520   0.00050   0.00072   0.00098   0.00258   0.00260   0.35325   2.85259   1.36121   0.76239   1.00000   2.23491   0.00183   0.03734  
122  1.2601  27316.361092  x:  0.32968   0.00467   0.00614   0.01384   0.00711   0.00096   0.00024   0.00141   0.00144   0.00071   0.00238   0.00166   0.00281   0.00155   0.00047   0.00273   0.00000   0.00000   0.00203   0.00437   0.00208   0.02287   0.00422   0.00201   0.00025   0.00167   0.00024   0.00024   0.00000   0.00048   0.00000   0.00048   0.00000   0.00429   0.00024   0.00000   0.00355   0.00024   0.00215   0.00334   0.00262   0.00520   0.00050   0.00072   0.00098   0.00256   0.00260   0.35339   2.86020   1.36110   0.76232   1.00000   2.23586   0.00722   0.03723  
123 2864.3387  27316.360175  x:  0.32968   0.00467   0.00614   0.01384   0.00711   0.00096   0.00024   0.00141   0.00144   0.00071   0.00238   0.00166   0.00281   0.00155   0.00047   0.00273   0.00000   0.00000   0.00203   0.00437   0.00208   0.02287   0.00422   0.00201   0.00025   0.00167   0.00024   0.00024   0.00000   0.00048   0.00000   0.00048   0.00000   0.00429   0.00024   0.00000   0.00355   0.00024   0.00215   0.00334   0.00262   0.00520   0.00050   0.00072   0.00098   0.00256   0.00260   0.35340   2.86301   1.36111   0.76229   1.00000   2.24080   0.00850   0.03733  
124  0.4822  27316.355693  x:  0.32959   0.00467   0.00615   0.01384   0.00711   0.00096   0.00024   0.00141   0.00145   0.00071   0.00238   0.00166   0.00281   0.00155   0.00047   0.00273   0.00000   0.00000   0.00203   0.00437   0.00207   0.02287   0.00423   0.00201   0.00025   0.00167   0.00024   0.00024   0.00000   0.00048   0.00000   0.00048   0.00000   0.00429   0.00024   0.00000   0.00355   0.00024   0.00215   0.00334   0.00262   0.00520   0.00050   0.00072   0.00098   0.00256   0.00260   0.35334   2.86024   1.36113   0.76229   1.00000   2.27077   0.03967   0.03735  
125  0.4038  27316.355693  x:  0.32959   0.00467   0.00615   0.01384   0.00711   0.00096   0.00024   0.00141   0.00145   0.00071   0.00238   0.00166   0.00281   0.00155   0.00047   0.00273   0.00000   0.00000   0.00203   0.00437   0.00207   0.02287   0.00423   0.00201   0.00025   0.00167   0.00024   0.00024   0.00000   0.00048   0.00000   0.00048   0.00000   0.00429   0.00024   0.00000   0.00355   0.00024   0.00215   0.00334   0.00262   0.00520   0.00050   0.00072   0.00098   0.00256   0.00260   0.35334   2.86024   1.36113   0.76229   1.00000   2.27077   0.03967   0.03735  
126  0.0079  27316.355693  x:  0.32959   0.00467   0.00615   0.01384   0.00711   0.00096   0.00024   0.00141   0.00145   0.00071   0.00238   0.00166   0.00281   0.00155   0.00047   0.00273   0.00000   0.00000   0.00203   0.00437   0.00207   0.02287   0.00423   0.00201   0.00025   0.00167   0.00024   0.00024   0.00000   0.00048   0.00000   0.00048   0.00000   0.00429   0.00024   0.00000   0.00355   0.00024   0.00215   0.00334   0.00262   0.00520   0.00050   0.00072   0.00098   0.00256   0.00260   0.35334   2.86024   1.36113   0.76229   1.00000   2.27077   0.03967   0.03735  
127  0.5275  27316.355104  x:  0.33631   0.00467   0.00615   0.01384   0.00711   0.00097   0.00024   0.00141   0.00145   0.00072   0.00238   0.00167   0.00281   0.00155   0.00047   0.00274   0.00000   0.00000   0.00203   0.00437   0.00208   0.02289   0.00422   0.00201   0.00024   0.00167   0.00024   0.00024   0.00000   0.00048   0.00000   0.00048   0.00000   0.00429   0.00024   0.00000   0.00354   0.00024   0.00215   0.00334   0.00262   0.00520   0.00050   0.00072   0.00097   0.00256   0.00260   0.34668   2.86148   1.36126   0.76227   1.00000   2.27290   0.04098   0.03737  
128  0.0827  27316.354065  x:  0.33560   0.00467   0.00615   0.01384   0.00711   0.00097   0.00024   0.00141   0.00145   0.00072   0.00239   0.00168   0.00281   0.00155   0.00047   0.00274   0.00000   0.00000   0.00203   0.00437   0.00208   0.02290   0.00422   0.00201   0.00024   0.00167   0.00024   0.00024   0.00000   0.00048   0.00000   0.00048   0.00000   0.00429   0.00024   0.00000   0.00354   0.00024   0.00215   0.00334   0.00262   0.00520   0.00050   0.00072   0.00096   0.00256   0.00260   0.34740   2.86112   1.36112   0.76228   1.00000   2.27082   0.04219   0.03729  
129  0.0050  27316.354065  x:  0.33560   0.00467   0.00615   0.01384   0.00711   0.00097   0.00024   0.00141   0.00145   0.00072   0.00239   0.00168   0.00281   0.00155   0.00047   0.00274   0.00000   0.00000   0.00203   0.00437   0.00208   0.02290   0.00422   0.00201   0.00024   0.00167   0.00024   0.00024   0.00000   0.00048   0.00000   0.00048   0.00000   0.00429   0.00024   0.00000   0.00354   0.00024   0.00215   0.00334   0.00262   0.00520   0.00050   0.00072   0.00096   0.00256   0.00260   0.34740   2.86112   1.36112   0.76228   1.00000   2.27082   0.04219   0.03729  
130  0.0209  27316.354065  x:  0.33560   0.00467   0.00615   0.01384   0.00711   0.00097   0.00024   0.00141   0.00145   0.00072   0.00239   0.00168   0.00281   0.00155   0.00047   0.00274   0.00000   0.00000   0.00203   0.00437   0.00208   0.02290   0.00422   0.00201   0.00024   0.00167   0.00024   0.00024   0.00000   0.00048   0.00000   0.00048   0.00000   0.00429   0.00024   0.00000   0.00354   0.00024   0.00215   0.00334   0.00262   0.00520   0.00050   0.00072   0.00096   0.00256   0.00260   0.34740   2.86112   1.36112   0.76228   1.00000   2.27082   0.04219   0.03729  
131  0.0410  27316.354065  x:  0.33560   0.00467   0.00615   0.01384   0.00711   0.00097   0.00024   0.00141   0.00145   0.00072   0.00239   0.00168   0.00281   0.00155   0.00047   0.00274   0.00000   0.00000   0.00203   0.00437   0.00208   0.02290   0.00422   0.00201   0.00024   0.00167   0.00024   0.00024   0.00000   0.00048   0.00000   0.00048   0.00000   0.00429   0.00024   0.00000   0.00354   0.00024   0.00215   0.00334   0.00262   0.00520   0.00050   0.00072   0.00096   0.00256   0.00260   0.34740   2.86112   1.36112   0.76228   1.00000   2.27082   0.04219   0.03729  
check convergence!
