Supplemental results for CODEML (seqf: aln.phy  treef: tree.tre)


MLEs of dN/dS (w) for site classes (K=4)

site class             0        1       2a       2b
proportion       0.90236  0.04882  0.04631  0.00251
background w     0.02429  1.00000  0.02429  1.00000
foreground w     0.02429  1.00000  1.00000  1.00000

Naive Empirical Bayes (NEB) probabilities for 4 classes
(amino acids refer to 1st sequence: JF915746.1)

   1 -   0.95318 0.01575 0.03027 0.00081 ( 1)
   2 -   0.94296 0.02164 0.03429 0.00111 ( 1)
   3 -   0.94045 0.02316 0.03520 0.00119 ( 1)
   4 M   0.95782 0.01122 0.03039 0.00058 ( 1)
   5 F   0.96087 0.00956 0.02908 0.00049 ( 1)
   6 F   0.06044 0.89200 0.00178 0.04578 ( 2)
   7 C   0.95255 0.01413 0.03260 0.00073 ( 1)
   8 S   0.96207 0.00894 0.02853 0.00046 ( 1)
   9 V   0.94668 0.01764 0.03477 0.00091 ( 1)
  10 H   0.95554 0.01245 0.03137 0.00064 ( 1)
  11 G   0.93423 0.02571 0.03874 0.00132 ( 1)
  12 D   0.94831 0.01666 0.03417 0.00086 ( 1)
  13 A   0.95173 0.01461 0.03291 0.00075 ( 1)
  14 A   0.00083 0.91186 0.04051 0.04680 ( 2)
  15 M   0.95948 0.01010 0.02989 0.00052 ( 1)
  16 R   0.95343 0.01340 0.03248 0.00069 ( 1)
  17 S   0.96371 0.00791 0.02797 0.00041 ( 1)
  18 R   0.94766 0.01683 0.03465 0.00086 ( 1)
  19 A   0.95567 0.01197 0.03175 0.00061 ( 1)
  20 F   0.70147 0.26458 0.02037 0.01358 ( 1)
  21 L   0.93735 0.02369 0.03775 0.00122 ( 1)
  22 F   0.96507 0.00726 0.02730 0.00037 ( 1)
  23 L   0.93823 0.02274 0.03787 0.00117 ( 1)
  24 L   0.37840 0.14993 0.46398 0.00769 ( 3)
  25 F   0.05151 0.86384 0.04032 0.04433 ( 2)
  26 V   0.30913 0.22096 0.45857 0.01134 ( 3)
  27 L   0.68513 0.27760 0.02303 0.01425 ( 1)
  28 L   0.93625 0.02415 0.03836 0.00124 ( 1)
  29 P   0.96364 0.00795 0.02800 0.00041 ( 1)
  30 M   0.95948 0.01010 0.02989 0.00052 ( 1)
  31 L   0.93625 0.02415 0.03836 0.00124 ( 1)
  32 P   0.96089 0.00933 0.02930 0.00048 ( 1)
  33 A   0.94843 0.01637 0.03437 0.00084 ( 1)
  34 P   0.95103 0.01481 0.03340 0.00076 ( 1)
  35 P   0.95585 0.01204 0.03150 0.00062 ( 1)
  36 A   0.29972 0.20195 0.48796 0.01036 ( 3)
  37 G   0.00072 0.94937 0.00118 0.04872 ( 2)
  38 Q   0.16009 0.32016 0.50331 0.01643 ( 3)
  39 P   0.01256 0.27420 0.69917 0.01407 ( 3)
  40 S   0.96371 0.00791 0.02797 0.00041 ( 1)
  41 G   0.94589 0.01793 0.03526 0.00092 ( 1)
  42 R   0.95621 0.01184 0.03134 0.00061 ( 1)
  43 R   0.95343 0.01340 0.03248 0.00069 ( 1)
  44 R   0.95343 0.01340 0.03248 0.00069 ( 1)
  45 G   0.94115 0.02095 0.03683 0.00107 ( 1)
  46 R   0.94766 0.01683 0.03465 0.00086 ( 1)
  47 R   0.95343 0.01340 0.03248 0.00069 ( 1)
  48 S   0.30338 0.22678 0.45821 0.01164 ( 3)
  49 G   0.94589 0.01793 0.03526 0.00092 ( 1)
  50 G   0.94862 0.01624 0.03430 0.00083 ( 1)
  51 T   0.33435 0.19443 0.46125 0.00998 ( 3)
  52 G   0.28129 0.23843 0.46804 0.01224 ( 3)
  53 G   0.94862 0.01624 0.03430 0.00083 ( 1)
  54 G   0.94862 0.01624 0.03430 0.00083 ( 1)
  55 F   0.96253 0.00849 0.02854 0.00044 ( 1)
  56 W   0.93722 0.02353 0.03804 0.00121 ( 1)
  57 G   0.94862 0.01624 0.03430 0.00083 ( 1)
  58 D   0.94733 0.01706 0.03474 0.00088 ( 1)
  59 R   0.94766 0.01683 0.03465 0.00086 ( 1)
  60 V   0.34580 0.17763 0.46746 0.00912 ( 3)
  61 D   0.94999 0.01544 0.03378 0.00079 ( 1)
  62 S   0.96371 0.00791 0.02797 0.00041 ( 1)
  63 Q   0.93596 0.02438 0.03841 0.00125 ( 1)
  64 P   0.96089 0.00933 0.02930 0.00048 ( 1)
  65 F   0.96254 0.00848 0.02854 0.00044 ( 1)
  66 A   0.95343 0.01340 0.03248 0.00069 ( 1)
  67 L   0.96099 0.00927 0.02926 0.00048 ( 1)
  68 P   0.96089 0.00933 0.02930 0.00048 ( 1)
  69 Y   0.95636 0.01176 0.03128 0.00060 ( 1)
  70 I   0.95707 0.01137 0.03098 0.00058 ( 1)
  71 H   0.95722 0.01130 0.03090 0.00058 ( 1)
  72 P   0.03298 0.87445 0.04769 0.04488 ( 2)
  73 T   0.95319 0.01356 0.03256 0.00070 ( 1)
  74 N   0.94778 0.01701 0.03434 0.00087 ( 1)
  75 P   0.96089 0.00933 0.02930 0.00048 ( 1)
  76 F   0.96358 0.00788 0.02814 0.00040 ( 1)
  77 A   0.94378 0.01926 0.03597 0.00099 ( 1)
  78 S   0.69043 0.27446 0.02103 0.01409 ( 1)
  79 D   0.94733 0.01706 0.03474 0.00088 ( 1)
  80 I   0.95707 0.01137 0.03098 0.00058 ( 1)
  81 P   0.58449 0.37569 0.02054 0.01928 ( 1)
  82 T   0.95319 0.01356 0.03256 0.00070 ( 1)
  83 A   0.94378 0.01926 0.03597 0.00099 ( 1)
  84 T   0.60526 0.35575 0.02073 0.01826 ( 1)
  85 G   0.94115 0.02095 0.03683 0.00107 ( 1)
  86 A   0.95624 0.01181 0.03134 0.00061 ( 1)
  87 G   0.93567 0.02457 0.03850 0.00126 ( 1)
  88 A   0.63644 0.32597 0.02086 0.01673 ( 1)
  89 R   0.95343 0.01340 0.03248 0.00069 ( 1)
  90 P   0.39330 0.13478 0.46500 0.00692 ( 3)
  91 R   0.30521 0.22341 0.45992 0.01147 ( 3)
  92 Q   0.93596 0.02438 0.03841 0.00125 ( 1)
  93 P   0.95103 0.01481 0.03340 0.00076 ( 1)
  94 A   0.95343 0.01340 0.03248 0.00069 ( 1)
  95 R   0.95613 0.01185 0.03141 0.00061 ( 1)
  96 P   0.95103 0.01481 0.03340 0.00076 ( 1)
  97 L   0.96099 0.00927 0.02926 0.00048 ( 1)
  98 G   0.94589 0.01793 0.03526 0.00092 ( 1)
  99 S   0.96103 0.00926 0.02924 0.00048 ( 1)
 100 A   0.62417 0.33780 0.02070 0.01734 ( 1)
 101 W   0.93722 0.02353 0.03804 0.00121 ( 1)
 102 R   0.59195 0.36701 0.02220 0.01884 ( 1)
 103 D   0.94733 0.01706 0.03474 0.00088 ( 1)
 104 Q   0.93246 0.02676 0.03941 0.00137 ( 1)
 105 S   0.96099 0.00927 0.02926 0.00048 ( 1)
 106 Q   0.93596 0.02438 0.03841 0.00125 ( 1)
 107 R   0.95343 0.01340 0.03248 0.00069 ( 1)
 108 P   0.96089 0.00933 0.02930 0.00048 ( 1)
 109 A   0.95343 0.01340 0.03248 0.00069 ( 1)
 110 A   0.60555 0.35403 0.02225 0.01817 ( 1)
 111 S   0.00101 0.95019 0.00004 0.04876 ( 2)
 112 A   0.03634 0.86814 0.05096 0.04455 ( 2)
 113 R   0.95624 0.01181 0.03134 0.00061 ( 1)
 114 R   0.95624 0.01181 0.03134 0.00061 ( 1)
 115 R   0.92610 0.03118 0.04111 0.00160 ( 1)
 116 P   0.06307 0.88944 0.00185 0.04565 ( 2)
 117 A   0.95343 0.01340 0.03248 0.00069 ( 1)
 118 P   0.95103 0.01481 0.03340 0.00076 ( 1)
 119 A   0.63682 0.32560 0.02087 0.01671 ( 1)
 120 G   0.94115 0.02095 0.03683 0.00107 ( 1)
 121 A   0.95624 0.01181 0.03134 0.00061 ( 1)
 122 S   0.95524 0.01236 0.03177 0.00063 ( 1)
 123 P   0.95585 0.01204 0.03150 0.00062 ( 1)
 124 L   0.93418 0.02540 0.03911 0.00130 ( 1)
 125 T   0.94540 0.01808 0.03559 0.00093 ( 1)
 126 A   0.95624 0.01181 0.03134 0.00061 ( 1)
 127 V   0.94611 0.01750 0.03549 0.00090 ( 1)
 128 A   0.95365 0.01329 0.03238 0.00068 ( 1)
 129 P   0.95301 0.01347 0.03283 0.00069 ( 1)
 130 A   0.95343 0.01340 0.03248 0.00069 ( 1)
 131 P   0.96234 0.00879 0.02842 0.00045 ( 1)
 132 D   0.01052 0.32030 0.65275 0.01644 ( 3)
 133 T   0.95595 0.01197 0.03147 0.00061 ( 1)
 134 A   0.60402 0.35669 0.02099 0.01831 ( 1)
 135 P   0.95585 0.01204 0.03150 0.00062 ( 1)
 136 V   0.95350 0.01329 0.03253 0.00068 ( 1)
 137 P   0.96353 0.00805 0.02800 0.00041 ( 1)
 138 D   0.94733 0.01706 0.03474 0.00088 ( 1)
 139 V   0.94836 0.01640 0.03440 0.00084 ( 1)
 140 D   0.94839 0.01631 0.03446 0.00084 ( 1)
 141 S   0.96371 0.00791 0.02797 0.00041 ( 1)
 142 R   0.95624 0.01181 0.03134 0.00061 ( 1)
 143 G   0.94862 0.01624 0.03430 0.00083 ( 1)
 144 A   0.95624 0.01181 0.03134 0.00061 ( 1)
 145 I   0.95589 0.01205 0.03145 0.00062 ( 1)
 146 L   0.94141 0.02073 0.03680 0.00106 ( 1)
 147 R   0.95343 0.01340 0.03248 0.00069 ( 1)
 148 R   0.95343 0.01340 0.03248 0.00069 ( 1)
 149 Q   0.93596 0.02438 0.03841 0.00125 ( 1)
 150 Y   0.95354 0.01335 0.03243 0.00069 ( 1)
 151 N   0.94865 0.01609 0.03443 0.00083 ( 1)
 152 L   0.93829 0.02304 0.03748 0.00118 ( 1)
 153 S   0.96229 0.00882 0.02844 0.00045 ( 1)
 154 T   0.94816 0.01654 0.03445 0.00085 ( 1)
 155 S   0.94960 0.01565 0.03395 0.00080 ( 1)
 156 P   0.95585 0.01204 0.03150 0.00062 ( 1)
 157 L   0.96371 0.00791 0.02797 0.00041 ( 1)
 158 T   0.94733 0.01681 0.03500 0.00086 ( 1)
 159 S   0.96100 0.00926 0.02926 0.00048 ( 1)
 160 T   0.95432 0.01280 0.03222 0.00066 ( 1)
 161 I   0.95683 0.01155 0.03103 0.00059 ( 1)
 162 A   0.95624 0.01181 0.03134 0.00061 ( 1)
 163 T   0.95602 0.01195 0.03142 0.00061 ( 1)
 164 G   0.94589 0.01793 0.03526 0.00092 ( 1)
 165 T   0.95602 0.01195 0.03142 0.00061 ( 1)
 166 N   0.94923 0.01591 0.03405 0.00082 ( 1)
 167 L   0.96371 0.00791 0.02797 0.00041 ( 1)
 168 V   0.94373 0.01929 0.03599 0.00099 ( 1)
 169 L   0.93259 0.02658 0.03946 0.00136 ( 1)
 170 Y   0.95636 0.01176 0.03128 0.00060 ( 1)
 171 A   0.95624 0.01181 0.03134 0.00061 ( 1)
 172 A   0.95343 0.01340 0.03248 0.00069 ( 1)
 173 P   0.95103 0.01481 0.03340 0.00076 ( 1)
 174 L   0.93621 0.02419 0.03836 0.00124 ( 1)
 175 S   0.94733 0.01706 0.03474 0.00088 ( 1)
 176 P   0.96364 0.00795 0.02800 0.00041 ( 1)
 177 L   0.93964 0.02200 0.03723 0.00113 ( 1)
 178 L   0.96282 0.00841 0.02834 0.00043 ( 1)
 179 P   0.96200 0.00867 0.02889 0.00044 ( 1)
 180 L   0.96210 0.00860 0.02885 0.00044 ( 1)
 181 Q   0.93457 0.02545 0.03868 0.00131 ( 1)
 182 D   0.94996 0.01545 0.03380 0.00079 ( 1)
 183 G   0.94115 0.02095 0.03683 0.00107 ( 1)
 184 T   0.95493 0.01267 0.03175 0.00065 ( 1)
 185 N   0.94920 0.01593 0.03405 0.00082 ( 1)
 186 T   0.95595 0.01197 0.03147 0.00061 ( 1)
 187 H   0.95722 0.01130 0.03090 0.00058 ( 1)
 188 I   0.95431 0.01291 0.03212 0.00066 ( 1)
 189 M   0.95948 0.01010 0.02989 0.00052 ( 1)
 190 A   0.95343 0.01340 0.03248 0.00069 ( 1)
 191 T   0.95162 0.01492 0.03270 0.00077 ( 1)
 192 E   0.94219 0.02029 0.03648 0.00104 ( 1)
 193 A   0.95343 0.01340 0.03248 0.00069 ( 1)
 194 S   0.96320 0.00808 0.02831 0.00041 ( 1)
 195 N   0.30145 0.23051 0.45621 0.01183 ( 3)
 196 Y   0.95636 0.01176 0.03128 0.00060 ( 1)
 197 A   0.95515 0.01252 0.03168 0.00064 ( 1)
 198 Q   0.93596 0.02438 0.03841 0.00125 ( 1)
 199 Y   0.95636 0.01176 0.03128 0.00060 ( 1)
 200 R   0.95474 0.01288 0.03172 0.00066 ( 1)
 201 V   0.95613 0.01186 0.03140 0.00061 ( 1)
 202 V   0.95334 0.01345 0.03253 0.00069 ( 1)
 203 R   0.95622 0.01183 0.03134 0.00061 ( 1)
 204 A   0.95343 0.01340 0.03248 0.00069 ( 1)
 205 T   0.95602 0.01195 0.03142 0.00061 ( 1)
 206 I   0.95609 0.01196 0.03133 0.00061 ( 1)
 207 R   0.94767 0.01681 0.03465 0.00086 ( 1)
 208 Y   0.95354 0.01335 0.03243 0.00069 ( 1)
 209 R   0.94022 0.02226 0.03638 0.00114 ( 1)
 210 P   0.96222 0.00887 0.02846 0.00046 ( 1)
 211 L   0.93625 0.02415 0.03836 0.00124 ( 1)
 212 V   0.94836 0.01640 0.03440 0.00084 ( 1)
 213 P   0.95585 0.01204 0.03150 0.00062 ( 1)
 214 N   0.94923 0.01591 0.03405 0.00082 ( 1)
 215 A   0.94827 0.01643 0.03446 0.00084 ( 1)
 216 V   0.95613 0.01186 0.03140 0.00061 ( 1)
 217 G   0.94589 0.01793 0.03526 0.00092 ( 1)
 218 G   0.94093 0.02116 0.03682 0.00109 ( 1)
 219 Y   0.95354 0.01335 0.03243 0.00069 ( 1)
 220 A   0.95404 0.01323 0.03206 0.00068 ( 1)
 221 I   0.95589 0.01205 0.03145 0.00062 ( 1)
 222 S   0.96099 0.00927 0.02926 0.00048 ( 1)
 223 I   0.95434 0.01288 0.03212 0.00066 ( 1)
 224 S   0.96258 0.00852 0.02846 0.00044 ( 1)
 225 F   0.96507 0.00726 0.02730 0.00037 ( 1)
 226 W   0.93722 0.02353 0.03804 0.00121 ( 1)
 227 P   0.96347 0.00805 0.02807 0.00041 ( 1)
 228 Q   0.93596 0.02438 0.03841 0.00125 ( 1)
 229 T   0.94816 0.01654 0.03445 0.00085 ( 1)
 230 T   0.94350 0.01945 0.03605 0.00100 ( 1)
 231 T   0.95330 0.01345 0.03256 0.00069 ( 1)
 232 T   0.95427 0.01282 0.03225 0.00066 ( 1)
 233 P   0.95562 0.01218 0.03158 0.00063 ( 1)
 234 T   0.95432 0.01280 0.03222 0.00066 ( 1)
 235 S   0.96210 0.00860 0.02885 0.00044 ( 1)
 236 V   0.95351 0.01333 0.03247 0.00068 ( 1)
 237 D   0.94786 0.01688 0.03439 0.00087 ( 1)
 238 M   0.95948 0.01010 0.02989 0.00052 ( 1)
 239 N   0.94911 0.01599 0.03408 0.00082 ( 1)
 240 S   0.96208 0.00863 0.02885 0.00044 ( 1)
 241 I   0.95441 0.01287 0.03206 0.00066 ( 1)
 242 T   0.95062 0.01394 0.03472 0.00072 ( 1)
 243 S   0.96229 0.00882 0.02844 0.00045 ( 1)
 244 T   0.95451 0.01303 0.03179 0.00067 ( 1)
 245 D   0.94999 0.01544 0.03378 0.00079 ( 1)
 246 V   0.95341 0.01342 0.03249 0.00069 ( 1)
 247 R   0.95624 0.01181 0.03134 0.00061 ( 1)
 248 I   0.95488 0.01275 0.03172 0.00065 ( 1)
 249 L   0.96229 0.00882 0.02844 0.00045 ( 1)
 250 V   0.95613 0.01186 0.03140 0.00061 ( 1)
 251 Q   0.93527 0.02464 0.03882 0.00126 ( 1)
 252 P   0.96258 0.00858 0.02839 0.00044 ( 1)
 253 G   0.94757 0.01699 0.03458 0.00087 ( 1)
 254 I   0.95589 0.01205 0.03145 0.00062 ( 1)
 255 A   0.95343 0.01340 0.03248 0.00069 ( 1)
 256 S   0.96371 0.00791 0.02797 0.00041 ( 1)
 257 E   0.93995 0.02206 0.03685 0.00113 ( 1)
 258 L   0.34290 0.14378 0.50594 0.00738 ( 3)
 259 V   0.94836 0.01640 0.03440 0.00084 ( 1)
 260 I   0.95422 0.01227 0.03288 0.00063 ( 1)
 261 P   0.96364 0.00795 0.02800 0.00041 ( 1)
 262 S   0.30544 0.21454 0.46900 0.01101 ( 3)
 263 E   0.94219 0.02029 0.03648 0.00104 ( 1)
 264 R   0.95343 0.01340 0.03248 0.00069 ( 1)
 265 L   0.93625 0.02415 0.03836 0.00124 ( 1)
 266 H   0.95617 0.01198 0.03123 0.00062 ( 1)
 267 Y   0.95634 0.01177 0.03128 0.00060 ( 1)
 268 R   0.95457 0.01264 0.03214 0.00065 ( 1)
 269 N   0.94921 0.01592 0.03405 0.00082 ( 1)
 270 Q   0.93596 0.02438 0.03841 0.00125 ( 1)
 271 G   0.94851 0.01635 0.03430 0.00084 ( 1)
 272 W   0.93722 0.02353 0.03804 0.00121 ( 1)
 273 R   0.95343 0.01340 0.03248 0.00069 ( 1)
 274 S   0.95172 0.01464 0.03288 0.00075 ( 1)
 275 V   0.95613 0.01186 0.03140 0.00061 ( 1)
 276 E   0.94219 0.02029 0.03648 0.00104 ( 1)
 277 T   0.95602 0.01195 0.03142 0.00061 ( 1)
 278 S   0.96369 0.00793 0.02797 0.00041 ( 1)
 279 G   0.94862 0.01624 0.03430 0.00083 ( 1)
 280 V   0.95441 0.01296 0.03196 0.00067 ( 1)
 281 A   0.94840 0.01640 0.03436 0.00084 ( 1)
 282 E   0.94219 0.02029 0.03648 0.00104 ( 1)
 283 E   0.94219 0.02029 0.03648 0.00104 ( 1)
 284 E   0.94219 0.02029 0.03648 0.00104 ( 1)
 285 A   0.95616 0.01185 0.03137 0.00061 ( 1)
 286 T   0.95319 0.01356 0.03256 0.00070 ( 1)
 287 S   0.96371 0.00791 0.02797 0.00041 ( 1)
 288 G   0.94589 0.01793 0.03526 0.00092 ( 1)
 289 L   0.96371 0.00791 0.02797 0.00041 ( 1)
 290 V   0.95602 0.01197 0.03140 0.00061 ( 1)
 291 M   0.95948 0.01010 0.02989 0.00052 ( 1)
 292 L   0.96371 0.00791 0.02797 0.00041 ( 1)
 293 C   0.95697 0.01140 0.03104 0.00059 ( 1)
 294 I   0.95445 0.01281 0.03207 0.00066 ( 1)
 295 H   0.95722 0.01130 0.03090 0.00058 ( 1)
 296 G   0.93567 0.02457 0.03850 0.00126 ( 1)
 297 S   0.96067 0.00867 0.03021 0.00045 ( 1)
 298 P   0.96364 0.00795 0.02800 0.00041 ( 1)
 299 V   0.94750 0.01667 0.03497 0.00086 ( 1)
 300 N   0.94903 0.01601 0.03414 0.00082 ( 1)
 301 S   0.96169 0.00910 0.02874 0.00047 ( 1)
 302 Y   0.95462 0.01285 0.03188 0.00066 ( 1)
 303 T   0.95602 0.01195 0.03142 0.00061 ( 1)
 304 N   0.29366 0.22150 0.47347 0.01137 ( 3)
 305 T   0.94350 0.01945 0.03605 0.00100 ( 1)
 306 P   0.96148 0.00919 0.02885 0.00047 ( 1)
 307 Y   0.95375 0.01321 0.03237 0.00068 ( 1)
 308 T   0.95602 0.01195 0.03142 0.00061 ( 1)
 309 G   0.94862 0.01624 0.03430 0.00083 ( 1)
 310 A   0.95567 0.01197 0.03175 0.00061 ( 1)
 311 L   0.96099 0.00927 0.02926 0.00048 ( 1)
 312 G   0.94648 0.01773 0.03488 0.00091 ( 1)
 313 L   0.93653 0.02389 0.03836 0.00123 ( 1)
 314 L   0.96209 0.00862 0.02885 0.00044 ( 1)
 315 D   0.94943 0.01561 0.03415 0.00080 ( 1)
 316 F   0.96507 0.00726 0.02730 0.00037 ( 1)
 317 A   0.94751 0.01668 0.03495 0.00086 ( 1)
 318 L   0.96301 0.00810 0.02847 0.00042 ( 1)
 319 E   0.94219 0.02029 0.03648 0.00104 ( 1)
 320 L   0.96312 0.00804 0.02843 0.00041 ( 1)
 321 E   0.94070 0.02133 0.03688 0.00109 ( 1)
 322 F   0.40191 0.12676 0.46482 0.00651 ( 3)
 323 R   0.95455 0.01271 0.03208 0.00065 ( 1)
 324 N   0.94923 0.01591 0.03405 0.00082 ( 1)
 325 L   0.94149 0.02070 0.03675 0.00106 ( 1)
 326 T   0.94350 0.01945 0.03605 0.00100 ( 1)
 327 P   0.96364 0.00795 0.02800 0.00041 ( 1)
 328 G   0.94770 0.01687 0.03456 0.00087 ( 1)
 329 N   0.94852 0.01631 0.03433 0.00084 ( 1)
 330 T   0.94805 0.01658 0.03452 0.00085 ( 1)
 331 N   0.94865 0.01609 0.03443 0.00083 ( 1)
 332 T   0.94816 0.01654 0.03445 0.00085 ( 1)
 333 R   0.95292 0.01355 0.03283 0.00070 ( 1)
 334 V   0.94986 0.01582 0.03351 0.00081 ( 1)
 335 S   0.96192 0.00873 0.02890 0.00045 ( 1)
 336 R   0.95624 0.01181 0.03134 0.00061 ( 1)
 337 Y   0.95631 0.01177 0.03132 0.00060 ( 1)
 338 S   0.96196 0.00829 0.02933 0.00043 ( 1)
 339 S   0.94986 0.01553 0.03381 0.00080 ( 1)
 340 S   0.94825 0.01643 0.03448 0.00084 ( 1)
 341 A   0.94749 0.01670 0.03495 0.00086 ( 1)
 342 R   0.95403 0.01323 0.03206 0.00068 ( 1)
 343 H   0.95450 0.01281 0.03203 0.00066 ( 1)
 344 K   0.94131 0.02086 0.03676 0.00107 ( 1)
 345 L   0.93595 0.02477 0.03801 0.00127 ( 1)
 346 R   0.95343 0.01340 0.03248 0.00069 ( 1)
 347 R   0.92610 0.03118 0.04111 0.00160 ( 1)
 348 G   0.94017 0.02130 0.03744 0.00109 ( 1)
 349 P   0.96364 0.00795 0.02800 0.00041 ( 1)
 350 D   0.94943 0.01561 0.03415 0.00080 ( 1)
 351 G   0.94692 0.01741 0.03477 0.00089 ( 1)
 352 T   0.95359 0.01269 0.03307 0.00065 ( 1)
 353 A   0.95247 0.01368 0.03315 0.00070 ( 1)
 354 E   0.94203 0.02041 0.03652 0.00105 ( 1)
 355 L   0.93590 0.02410 0.03877 0.00124 ( 1)
 356 T   0.95376 0.01339 0.03216 0.00069 ( 1)
 357 T   0.94974 0.01607 0.03337 0.00082 ( 1)
 358 T   0.95602 0.01195 0.03142 0.00061 ( 1)
 359 A   0.95624 0.01181 0.03134 0.00061 ( 1)
 360 A   0.95624 0.01181 0.03134 0.00061 ( 1)
 361 T   0.94350 0.01945 0.03605 0.00100 ( 1)
 362 R   0.95485 0.01280 0.03169 0.00066 ( 1)
 363 F   0.39633 0.13219 0.46470 0.00678 ( 3)
 364 M   0.95948 0.01010 0.02989 0.00052 ( 1)
 365 K   0.93890 0.02230 0.03766 0.00114 ( 1)
 366 D   0.94999 0.01544 0.03378 0.00079 ( 1)
 367 L   0.96307 0.00805 0.02847 0.00041 ( 1)
 368 H   0.95722 0.01130 0.03090 0.00058 ( 1)
 369 F   0.96507 0.00726 0.02730 0.00037 ( 1)
 370 T   0.95033 0.01575 0.03311 0.00081 ( 1)
 371 G   0.94115 0.02095 0.03683 0.00107 ( 1)
 372 T   0.34713 0.17913 0.46454 0.00919 ( 3)
 373 N   0.94923 0.01591 0.03405 0.00082 ( 1)
 374 G   0.94862 0.01624 0.03430 0.00083 ( 1)
 375 V   0.95613 0.01186 0.03140 0.00061 ( 1)
 376 G   0.94862 0.01624 0.03430 0.00083 ( 1)
 377 E   0.94219 0.02029 0.03648 0.00104 ( 1)
 378 V   0.95560 0.01201 0.03178 0.00062 ( 1)
 379 G   0.94648 0.01773 0.03488 0.00091 ( 1)
 380 R   0.34859 0.17794 0.46434 0.00913 ( 3)
 381 G   0.94862 0.01624 0.03430 0.00083 ( 1)
 382 I   0.95363 0.01266 0.03306 0.00065 ( 1)
 383 A   0.94843 0.01637 0.03437 0.00084 ( 1)
 384 L   0.93476 0.02521 0.03873 0.00129 ( 1)
 385 T   0.95330 0.01345 0.03256 0.00069 ( 1)
 386 L   0.93625 0.02415 0.03836 0.00124 ( 1)
 387 F   0.96411 0.00780 0.02770 0.00040 ( 1)
 388 N   0.94923 0.01591 0.03405 0.00082 ( 1)
 389 L   0.96312 0.00804 0.02843 0.00041 ( 1)
 390 A   0.95567 0.01197 0.03175 0.00061 ( 1)
 391 D   0.94999 0.01544 0.03378 0.00079 ( 1)
 392 T   0.94816 0.01654 0.03445 0.00085 ( 1)
 393 L   0.96371 0.00791 0.02797 0.00041 ( 1)
 394 L   0.96099 0.00927 0.02926 0.00048 ( 1)
 395 G   0.94589 0.01793 0.03526 0.00092 ( 1)
 396 G   0.94115 0.02095 0.03683 0.00107 ( 1)
 397 L   0.96111 0.00916 0.02926 0.00047 ( 1)
 398 P   0.95585 0.01204 0.03150 0.00062 ( 1)
 399 T   0.94350 0.01945 0.03605 0.00100 ( 1)
 400 E   0.93814 0.02293 0.03775 0.00118 ( 1)
 401 L   0.94023 0.02123 0.03745 0.00109 ( 1)
 402 I   0.95707 0.01137 0.03098 0.00058 ( 1)
 403 S   0.95524 0.01236 0.03177 0.00063 ( 1)
 404 S   0.95524 0.01236 0.03177 0.00063 ( 1)
 405 A   0.95520 0.01251 0.03165 0.00064 ( 1)
 406 G   0.94236 0.02038 0.03621 0.00105 ( 1)
 407 G   0.94589 0.01793 0.03526 0.00092 ( 1)
 408 Q   0.93596 0.02438 0.03841 0.00125 ( 1)
 409 L   0.93658 0.02391 0.03829 0.00123 ( 1)
 410 F   0.40083 0.12766 0.46496 0.00655 ( 3)
 411 Y   0.95535 0.01238 0.03163 0.00064 ( 1)
 412 S   0.95230 0.01481 0.03213 0.00076 ( 1)
 413 R   0.95343 0.01340 0.03248 0.00069 ( 1)
 414 P   0.96089 0.00933 0.02930 0.00048 ( 1)
 415 V   0.95334 0.01345 0.03253 0.00069 ( 1)
 416 V   0.95334 0.01345 0.03253 0.00069 ( 1)
 417 S   0.94960 0.01565 0.03395 0.00080 ( 1)
 418 A   0.95343 0.01340 0.03248 0.00069 ( 1)
 419 N   0.94923 0.01591 0.03405 0.00082 ( 1)
 420 G   0.94589 0.01793 0.03526 0.00092 ( 1)
 421 E   0.94219 0.02029 0.03648 0.00104 ( 1)
 422 P   0.95585 0.01204 0.03150 0.00062 ( 1)
 423 T   0.94350 0.01945 0.03605 0.00100 ( 1)
 424 V   0.94836 0.01640 0.03440 0.00084 ( 1)
 425 K   0.93727 0.02352 0.03801 0.00121 ( 1)
 426 L   0.96208 0.00885 0.02861 0.00045 ( 1)
 427 Y   0.95354 0.01335 0.03243 0.00069 ( 1)
 428 T   0.95451 0.01303 0.03179 0.00067 ( 1)
 429 S   0.94960 0.01565 0.03395 0.00080 ( 1)
 430 V   0.95379 0.01346 0.03206 0.00069 ( 1)
 431 E   0.94209 0.02032 0.03654 0.00104 ( 1)
 432 N   0.94923 0.01591 0.03405 0.00082 ( 1)
 433 A   0.95624 0.01181 0.03134 0.00061 ( 1)
 434 Q   0.93596 0.02438 0.03841 0.00125 ( 1)
 435 Q   0.93596 0.02438 0.03841 0.00125 ( 1)
 436 D   0.94741 0.01701 0.03471 0.00087 ( 1)
 437 K   0.94131 0.02086 0.03676 0.00107 ( 1)
 438 G   0.94862 0.01624 0.03430 0.00083 ( 1)
 439 I   0.95589 0.01205 0.03145 0.00062 ( 1)
 440 A   0.33796 0.18424 0.46835 0.00946 ( 3)
 441 I   0.95704 0.01140 0.03098 0.00058 ( 1)
 442 P   0.95103 0.01481 0.03340 0.00076 ( 1)
 443 H   0.95719 0.01132 0.03090 0.00058 ( 1)
 444 D   0.94988 0.01555 0.03378 0.00080 ( 1)
 445 I   0.95600 0.01206 0.03131 0.00062 ( 1)
 446 D   0.28831 0.22548 0.47464 0.01157 ( 3)
 447 L   0.96371 0.00791 0.02797 0.00041 ( 1)
 448 G   0.94862 0.01624 0.03430 0.00083 ( 1)
 449 E   0.94219 0.02029 0.03648 0.00104 ( 1)
 450 S   0.96099 0.00927 0.02926 0.00048 ( 1)
 451 R   0.93592 0.02360 0.03927 0.00121 ( 1)
 452 V   0.95268 0.01313 0.03351 0.00067 ( 1)
 453 V   0.32379 0.19973 0.46623 0.01025 ( 3)
 454 I   0.64641 0.31642 0.02092 0.01624 ( 1)
 455 Q   0.93596 0.02438 0.03841 0.00125 ( 1)
 456 D   0.94988 0.01551 0.03381 0.00080 ( 1)
 457 Y   0.95634 0.01178 0.03128 0.00060 ( 1)
 458 D   0.94895 0.01617 0.03405 0.00083 ( 1)
 459 N   0.94923 0.01591 0.03405 0.00082 ( 1)
 460 Q   0.93246 0.02676 0.03941 0.00137 ( 1)
 461 H   0.95524 0.01255 0.03156 0.00064 ( 1)
 462 E   0.94202 0.02042 0.03651 0.00105 ( 1)
 463 Q   0.93246 0.02676 0.03941 0.00137 ( 1)
 464 D   0.94733 0.01706 0.03474 0.00088 ( 1)
 465 R   0.95623 0.01182 0.03134 0.00061 ( 1)
 466 P   0.96101 0.00922 0.02929 0.00047 ( 1)
 467 T   0.95493 0.01267 0.03175 0.00065 ( 1)
 468 P   0.96350 0.00806 0.02803 0.00041 ( 1)
 469 S   0.96246 0.00832 0.02880 0.00043 ( 1)
 470 P   0.96291 0.00838 0.02828 0.00043 ( 1)
 471 A   0.95567 0.01197 0.03175 0.00061 ( 1)
 472 P   0.37435 0.15251 0.46531 0.00783 ( 3)
 473 S   0.94960 0.01565 0.03395 0.00080 ( 1)
 474 R   0.95448 0.01293 0.03193 0.00066 ( 1)
 475 P   0.96100 0.00923 0.02929 0.00047 ( 1)
 476 F   0.96388 0.00765 0.02808 0.00039 ( 1)
 477 S   0.95225 0.01453 0.03248 0.00075 ( 1)
 478 V   0.95441 0.01296 0.03196 0.00067 ( 1)
 479 L   0.96371 0.00791 0.02797 0.00041 ( 1)
 480 R   0.95518 0.01250 0.03168 0.00064 ( 1)
 481 A   0.95613 0.01192 0.03134 0.00061 ( 1)
 482 N   0.94923 0.01591 0.03405 0.00082 ( 1)
 483 D   0.94980 0.01555 0.03386 0.00080 ( 1)
 484 V   0.94836 0.01640 0.03440 0.00084 ( 1)
 485 L   0.96282 0.00841 0.02834 0.00043 ( 1)
 486 W   0.93722 0.02353 0.03804 0.00121 ( 1)
 487 L   0.96371 0.00791 0.02797 0.00041 ( 1)
 488 S   0.95195 0.01404 0.03329 0.00072 ( 1)
 489 L   0.93946 0.02221 0.03720 0.00114 ( 1)
 490 T   0.95058 0.01554 0.03307 0.00080 ( 1)
 491 A   0.95613 0.01192 0.03134 0.00061 ( 1)
 492 A   0.95624 0.01181 0.03134 0.00061 ( 1)
 493 E   0.49097 0.46559 0.01954 0.02389 ( 1)
 494 Y   0.95633 0.01178 0.03128 0.00060 ( 1)
 495 D   0.94879 0.01595 0.03445 0.00082 ( 1)
 496 Q   0.93246 0.02676 0.03941 0.00137 ( 1)
 497 T   0.95602 0.01195 0.03142 0.00061 ( 1)
 498 T   0.95587 0.01205 0.03146 0.00062 ( 1)
 499 Y   0.95576 0.01192 0.03171 0.00061 ( 1)
 500 G   0.94862 0.01624 0.03430 0.00083 ( 1)
 501 S   0.96370 0.00792 0.02797 0.00041 ( 1)
 502 S   0.96120 0.00914 0.02919 0.00047 ( 1)
 503 T   0.95472 0.01245 0.03219 0.00064 ( 1)
 504 N   0.94923 0.01591 0.03405 0.00082 ( 1)
 505 P   0.96364 0.00795 0.02800 0.00041 ( 1)
 506 M   0.95948 0.01010 0.02989 0.00052 ( 1)
 507 Y   0.95636 0.01176 0.03128 0.00060 ( 1)
 508 V   0.95613 0.01186 0.03140 0.00061 ( 1)
 509 S   0.96371 0.00791 0.02797 0.00041 ( 1)
 510 D   0.94839 0.01631 0.03446 0.00084 ( 1)
 511 T   0.95602 0.01195 0.03142 0.00061 ( 1)
 512 V   0.94658 0.01766 0.03486 0.00091 ( 1)
 513 T   0.94350 0.01945 0.03605 0.00100 ( 1)
 514 F   0.96507 0.00726 0.02730 0.00037 ( 1)
 515 V   0.95519 0.01243 0.03174 0.00064 ( 1)
 516 N   0.94923 0.01591 0.03405 0.00082 ( 1)
 517 V   0.94565 0.01790 0.03553 0.00092 ( 1)
 518 A   0.94843 0.01637 0.03437 0.00084 ( 1)
 519 T   0.95319 0.01356 0.03256 0.00070 ( 1)
 520 G   0.94862 0.01624 0.03430 0.00083 ( 1)
 521 A   0.95457 0.01264 0.03214 0.00065 ( 1)
 522 Q   0.93596 0.02438 0.03841 0.00125 ( 1)
 523 G   0.94115 0.02095 0.03683 0.00107 ( 1)
 524 V   0.95513 0.01254 0.03168 0.00064 ( 1)
 525 S   0.96282 0.00841 0.02834 0.00043 ( 1)
 526 R   0.95599 0.01205 0.03134 0.00062 ( 1)
 527 S   0.96099 0.00927 0.02926 0.00048 ( 1)
 528 L   0.93625 0.02415 0.03836 0.00124 ( 1)
 529 D   0.94733 0.01706 0.03474 0.00088 ( 1)
 530 W   0.93722 0.02353 0.03804 0.00121 ( 1)
 531 S   0.96229 0.00882 0.02844 0.00045 ( 1)
 532 K   0.93727 0.02352 0.03801 0.00121 ( 1)
 533 V   0.95449 0.01268 0.03218 0.00065 ( 1)
 534 T   0.95319 0.01356 0.03256 0.00070 ( 1)
 535 L   0.96192 0.00873 0.02890 0.00045 ( 1)
 536 D   0.94975 0.01559 0.03385 0.00080 ( 1)
 537 G   0.94556 0.01848 0.03502 0.00095 ( 1)
 538 R   0.94022 0.02226 0.03638 0.00114 ( 1)
 539 P   0.95585 0.01204 0.03150 0.00062 ( 1)
 540 L   0.96360 0.00800 0.02798 0.00041 ( 1)
 541 T   0.56628 0.39321 0.02033 0.02018 ( 1)
 542 T   0.95602 0.01195 0.03142 0.00061 ( 1)
 543 I   0.95704 0.01138 0.03100 0.00058 ( 1)
 544 Q   0.93596 0.02438 0.03841 0.00125 ( 1)
 545 Q   0.93596 0.02438 0.03841 0.00125 ( 1)
 546 Y   0.95615 0.01186 0.03138 0.00061 ( 1)
 547 S   0.96371 0.00791 0.02797 0.00041 ( 1)
 548 K   0.94131 0.02086 0.03676 0.00107 ( 1)
 549 T   0.33764 0.19108 0.46147 0.00981 ( 3)
 550 F   0.96253 0.00849 0.02854 0.00044 ( 1)
 551 F   0.40191 0.12676 0.46482 0.00651 ( 3)
 552 V   0.95613 0.01186 0.03140 0.00061 ( 1)
 553 L   0.93678 0.02332 0.03871 0.00120 ( 1)
 554 P   0.96066 0.00956 0.02929 0.00049 ( 1)
 555 L   0.96370 0.00792 0.02797 0.00041 ( 1)
 556 R   0.95608 0.01191 0.03139 0.00061 ( 1)
 557 G   0.94765 0.01672 0.03477 0.00086 ( 1)
 558 K   0.94131 0.02086 0.03676 0.00107 ( 1)
 559 L   0.96117 0.00917 0.02919 0.00047 ( 1)
 560 S   0.96366 0.00794 0.02800 0.00041 ( 1)
 561 F   0.96358 0.00788 0.02814 0.00040 ( 1)
 562 W   0.93722 0.02353 0.03804 0.00121 ( 1)
 563 E   0.94219 0.02029 0.03648 0.00104 ( 1)
 564 A   0.95520 0.01227 0.03190 0.00063 ( 1)
 565 G   0.94589 0.01793 0.03526 0.00092 ( 1)
 566 T   0.95496 0.01264 0.03175 0.00065 ( 1)
 567 T   0.95451 0.01303 0.03179 0.00067 ( 1)
 568 K   0.93743 0.02336 0.03801 0.00120 ( 1)
 569 A   0.95624 0.01181 0.03134 0.00061 ( 1)
 570 G   0.94589 0.01793 0.03526 0.00092 ( 1)
 571 Y   0.95452 0.01272 0.03211 0.00065 ( 1)
 572 P   0.96364 0.00795 0.02800 0.00041 ( 1)
 573 Y   0.95624 0.01186 0.03128 0.00061 ( 1)
 574 N   0.94865 0.01609 0.03443 0.00083 ( 1)
 575 Y   0.95636 0.01176 0.03128 0.00060 ( 1)
 576 N   0.94865 0.01609 0.03443 0.00083 ( 1)
 577 T   0.95467 0.01246 0.03223 0.00064 ( 1)
 578 T   0.63275 0.32954 0.02079 0.01691 ( 1)
 579 A   0.95360 0.01331 0.03241 0.00068 ( 1)
 580 S   0.94999 0.01544 0.03378 0.00079 ( 1)
 581 D   0.94999 0.01544 0.03378 0.00079 ( 1)
 582 Q   0.93596 0.02438 0.03841 0.00125 ( 1)
 583 I   0.95600 0.01206 0.03131 0.00062 ( 1)
 584 L   0.93677 0.02381 0.03820 0.00122 ( 1)
 585 I   0.95707 0.01137 0.03098 0.00058 ( 1)
 586 E   0.93861 0.02258 0.03764 0.00116 ( 1)
 587 N   0.94923 0.01591 0.03405 0.00082 ( 1)
 588 A   0.94401 0.01909 0.03592 0.00098 ( 1)
 589 P   0.65474 0.30964 0.01974 0.01589 ( 1)
 590 G   0.94812 0.01640 0.03463 0.00084 ( 1)
 591 H   0.95450 0.01281 0.03203 0.00066 ( 1)
 592 R   0.95621 0.01184 0.03134 0.00061 ( 1)
 593 V   0.95347 0.01332 0.03252 0.00068 ( 1)
 594 C   0.95686 0.01151 0.03104 0.00059 ( 1)
 595 I   0.95707 0.01137 0.03098 0.00058 ( 1)
 596 S   0.95731 0.01153 0.03057 0.00059 ( 1)
 597 T   0.95472 0.01245 0.03219 0.00064 ( 1)
 598 Y   0.95636 0.01176 0.03128 0.00060 ( 1)
 599 T   0.95586 0.01205 0.03148 0.00062 ( 1)
 600 T   0.95587 0.01205 0.03146 0.00062 ( 1)
 601 N   0.94923 0.01591 0.03405 0.00082 ( 1)
 602 L   0.96269 0.00829 0.02859 0.00043 ( 1)
 603 G   0.94843 0.01636 0.03438 0.00084 ( 1)
 604 S   0.96114 0.00920 0.02919 0.00047 ( 1)
 605 G   0.94757 0.01699 0.03458 0.00087 ( 1)
 606 P   0.96364 0.00795 0.02800 0.00041 ( 1)
 607 V   0.95611 0.01189 0.03140 0.00061 ( 1)
 608 S   0.34868 0.14246 0.50155 0.00731 ( 3)
 609 I   0.95502 0.01267 0.03165 0.00065 ( 1)
 610 S   0.96371 0.00791 0.02797 0.00041 ( 1)
 611 A   0.95624 0.01181 0.03134 0.00061 ( 1)
 612 V   0.95084 0.01381 0.03464 0.00071 ( 1)
 613 G   0.94862 0.01625 0.03430 0.00083 ( 1)
 614 V   0.95334 0.01345 0.03253 0.00069 ( 1)
 615 L   0.96101 0.00925 0.02927 0.00047 ( 1)
 616 A   0.94378 0.01926 0.03597 0.00099 ( 1)
 617 P   0.96358 0.00797 0.02804 0.00041 ( 1)
 618 H   0.95452 0.01279 0.03203 0.00066 ( 1)
 619 S   0.96371 0.00791 0.02797 0.00041 ( 1)
 620 A   0.00071 0.95048 0.00003 0.04878 ( 2)
 621 L   0.93662 0.02392 0.03823 0.00123 ( 1)
 622 A   0.95343 0.01340 0.03248 0.00069 ( 1)
 623 A   0.95624 0.01181 0.03134 0.00061 ( 1)
 624 L   0.93961 0.02209 0.03717 0.00113 ( 1)
 625 E   0.94219 0.02029 0.03648 0.00104 ( 1)
 626 D   0.94895 0.01617 0.03405 0.00083 ( 1)
 627 T   0.95319 0.01356 0.03256 0.00070 ( 1)
 628 V   0.95602 0.01197 0.03140 0.00061 ( 1)
 629 D   0.94854 0.01653 0.03408 0.00085 ( 1)
 630 Y   0.95413 0.01318 0.03202 0.00068 ( 1)
 631 P   0.96364 0.00795 0.02800 0.00041 ( 1)
 632 A   0.95624 0.01181 0.03134 0.00061 ( 1)
 633 R   0.95624 0.01181 0.03134 0.00061 ( 1)
 634 A   0.63521 0.32694 0.02107 0.01678 ( 1)
 635 H   0.95660 0.01146 0.03135 0.00059 ( 1)
 636 T   0.95587 0.01205 0.03146 0.00062 ( 1)
 637 F   0.96488 0.00737 0.02738 0.00038 ( 1)
 638 D   0.94980 0.01555 0.03386 0.00080 ( 1)
 639 D   0.94992 0.01547 0.03381 0.00079 ( 1)
 640 F   0.70826 0.25752 0.02100 0.01322 ( 1)
 641 C   0.95428 0.01290 0.03216 0.00066 ( 1)
 642 P   0.96364 0.00795 0.02800 0.00041 ( 1)
 643 E   0.94219 0.02029 0.03648 0.00104 ( 1)
 644 C   0.95425 0.01293 0.03216 0.00066 ( 1)
 645 R   0.95624 0.01181 0.03134 0.00061 ( 1)
 646 A   0.03038 0.92119 0.00116 0.04728 ( 2)
 647 L   0.96210 0.00860 0.02885 0.00044 ( 1)
 648 G   0.94847 0.01636 0.03433 0.00084 ( 1)
 649 L   0.96266 0.00852 0.02838 0.00044 ( 1)
 650 Q   0.93596 0.02438 0.03841 0.00125 ( 1)
 651 G   0.94589 0.01793 0.03526 0.00092 ( 1)
 652 C   0.95596 0.01186 0.03157 0.00061 ( 1)
 653 A   0.95619 0.01183 0.03137 0.00061 ( 1)
 654 F   0.96413 0.00760 0.02788 0.00039 ( 1)
 655 Q   0.93387 0.02568 0.03913 0.00132 ( 1)
 656 S   0.95502 0.01257 0.03177 0.00065 ( 1)
 657 T   0.95602 0.01195 0.03142 0.00061 ( 1)
 658 V   0.95347 0.01332 0.03252 0.00068 ( 1)
 659 A   0.95567 0.01197 0.03175 0.00061 ( 1)
 660 E   0.94219 0.02029 0.03648 0.00104 ( 1)
 661 L   0.93597 0.02402 0.03878 0.00123 ( 1)
 662 Q   0.93596 0.02438 0.03841 0.00125 ( 1)
 663 R   0.95621 0.01184 0.03134 0.00061 ( 1)
 664 L   0.39677 0.13369 0.46268 0.00686 ( 3)
 665 K   0.93727 0.02352 0.03801 0.00121 ( 1)
 666 M   0.95948 0.01010 0.02989 0.00052 ( 1)
 667 K   0.94131 0.02086 0.03676 0.00107 ( 1)
 668 V   0.94750 0.01667 0.03497 0.00086 ( 1)
 669 G   0.94862 0.01624 0.03430 0.00083 ( 1)
 670 K   0.93727 0.02352 0.03801 0.00121 ( 1)
 671 T   0.95451 0.01303 0.03179 0.00067 ( 1)
 672 R   0.94766 0.01683 0.03465 0.00086 ( 1)
 673 E   0.94219 0.02029 0.03648 0.00104 ( 1)
 674 Y   0.95636 0.01176 0.03128 0.00060 ( 1)


lnL = -5029.456190

