

TREE # 1

  0  0.0000   5503.271563  x:  0.07440   0.02412   0.06802   0.15743   0.08440   0.07246   0.00165   0.01352   0.00233   0.00311   0.01635   0.00847   0.00249   0.01018   0.00678   0.01344   0.00341   0.00382   0.00161   0.01407   0.00781   0.00465   0.01799   0.00000   0.01830   0.01235   0.02713   0.02462   0.01665   0.00541   0.00683   0.00675   0.01036   0.00947   0.01058   0.01639   0.00314   0.02043   0.02322   0.00146   0.00425   0.03126   1.09001   1.08549   1.16929   0.72481   1.07271   0.17128   0.24982  
  1 99.0000   5503.265511  x:  0.07440   0.02412   0.06802   0.15743   0.08440   0.07246   0.00165   0.01351   0.00233   0.00311   0.01635   0.00847   0.00249   0.01018   0.00678   0.01344   0.00341   0.00382   0.00161   0.01407   0.00781   0.00465   0.01799   0.00000   0.01830   0.01235   0.02713   0.02462   0.01665   0.00541   0.00682   0.00675   0.01036   0.00947   0.01058   0.01639   0.00314   0.02043   0.02322   0.00146   0.00425   0.03126   1.09001   1.08549   1.16929   0.72481   1.07271   0.17128   0.24982  
  2 2153.4707   5495.430337  x:  0.07441   0.02459   0.06796   0.15754   0.08435   0.07246   0.00118   0.01273   0.00088   0.00179   0.01621   0.00785   0.00320   0.00973   0.00654   0.01311   0.00196   0.00403   0.00015   0.01407   0.00787   0.00343   0.01785   0.00000   0.01817   0.01234   0.02714   0.02452   0.01672   0.00540   0.00654   0.00672   0.01011   0.00882   0.01044   0.01603   0.00255   0.02048   0.02299   0.00000   0.00280   0.03106   1.09052   1.08568   1.16926   0.72495   1.07286   0.17115   0.24899  
  3 9352.8741   5494.830486  x:  0.07440   0.02459   0.06795   0.15755   0.08434   0.07246   0.00122   0.01268   0.00073   0.00166   0.01621   0.00782   0.00322   0.00972   0.00652   0.01309   0.00181   0.00404   0.00000   0.01406   0.00789   0.00331   0.01785   0.00000   0.01815   0.01235   0.02713   0.02452   0.01673   0.00542   0.00654   0.00674   0.01011   0.00879   0.01045   0.01602   0.00254   0.02047   0.02297   0.00000   0.00265   0.03106   1.09058   1.08569   1.16926   0.72497   1.07288   0.17114   0.24892  
  4 10587.7970   5492.482766  x:  0.07438   0.02456   0.06791   0.15758   0.08429   0.07244   0.00117   0.01242   0.00000   0.00103   0.01624   0.00769   0.00315   0.00970   0.00654   0.01301   0.00109   0.00401   0.00000   0.01405   0.00797   0.00278   0.01788   0.00000   0.01809   0.01241   0.02712   0.02450   0.01676   0.00549   0.00660   0.00678   0.01012   0.00870   0.01047   0.01602   0.00256   0.02044   0.02293   0.00000   0.00193   0.03102   1.09083   1.08577   1.16923   0.72505   1.07296   0.17107   0.24856  
  5 36239.0910   5489.766632  x:  0.07435   0.02452   0.06784   0.15762   0.08423   0.07241   0.00120   0.01208   0.00000   0.00010   0.01629   0.00757   0.00319   0.00970   0.00658   0.01293   0.00000   0.00404   0.00000   0.01405   0.00796   0.00205   0.01795   0.00000   0.01800   0.01249   0.02710   0.02448   0.01683   0.00539   0.00659   0.00672   0.01013   0.00866   0.01047   0.01610   0.00267   0.02040   0.02291   0.00000   0.00084   0.03098   1.09119   1.08589   1.16918   0.72520   1.07308   0.17096   0.24806  
  6 36336.9582   5489.560777  x:  0.07435   0.02453   0.06784   0.15762   0.08422   0.07240   0.00120   0.01204   0.00000   0.00000   0.01629   0.00757   0.00318   0.00970   0.00656   0.01293   0.00000   0.00403   0.00000   0.01405   0.00796   0.00199   0.01796   0.00000   0.01799   0.01250   0.02710   0.02448   0.01683   0.00539   0.00658   0.00672   0.01012   0.00867   0.01046   0.01612   0.00267   0.02040   0.02291   0.00000   0.00072   0.03098   1.09123   1.08590   1.16917   0.72522   1.07309   0.17095   0.24801  
  7 21509.5328   5488.707988  x:  0.07434   0.02461   0.06782   0.15762   0.08419   0.07240   0.00121   0.01181   0.00000   0.00000   0.01625   0.00762   0.00318   0.00967   0.00661   0.01296   0.00000   0.00407   0.00000   0.01405   0.00796   0.00171   0.01802   0.00000   0.01795   0.01252   0.02710   0.02448   0.01689   0.00546   0.00652   0.00676   0.01008   0.00869   0.01043   0.01624   0.00267   0.02042   0.02295   0.00000   0.00000   0.03095   1.09146   1.08597   1.16912   0.72534   1.07317   0.17088   0.24775  
  8 14756.8623   5483.863061  x:  0.07455   0.02570   0.06792   0.15731   0.08381   0.07261   0.00137   0.00978   0.00000   0.00000   0.01466   0.00903   0.00364   0.00875   0.00668   0.01407   0.00000   0.00305   0.00000   0.01385   0.00827   0.00000   0.01813   0.00000   0.01766   0.01299   0.02737   0.02460   0.01590   0.00462   0.00800   0.00656   0.01022   0.00796   0.01118   0.01590   0.00227   0.02029   0.02367   0.00000   0.00000   0.03053   1.09600   1.08736   1.16774   0.72827   1.07516   0.16913   0.24311  
  9 1218.5798   5470.567947  x:  0.07550   0.02772   0.06835   0.15621   0.08223   0.07356   0.00115   0.00453   0.00000   0.00000   0.01131   0.01112   0.00037   0.00652   0.00301   0.01594   0.00000   0.00831   0.00000   0.01361   0.00630   0.00000   0.01794   0.00000   0.01666   0.01425   0.02810   0.02455   0.01357   0.00352   0.01061   0.00507   0.01068   0.00394   0.01221   0.01175   0.00260   0.01948   0.02511   0.00000   0.00000   0.02912   1.11657   1.09367   1.16175   0.74109   1.08420   0.16119   0.22115  
 10 2682.5481   5452.786181  x:  0.07673   0.02879   0.06887   0.15522   0.08037   0.07479   0.00141   0.00237   0.00000   0.00000   0.01089   0.01007   0.00097   0.00571   0.00360   0.01556   0.00000   0.00734   0.00000   0.01404   0.00231   0.00000   0.01714   0.00000   0.01582   0.01462   0.02859   0.02401   0.01332   0.00646   0.00953   0.00467   0.01038   0.00041   0.01101   0.00535   0.00434   0.01870   0.02526   0.00000   0.00000   0.02782   1.14315   1.10188   1.15435   0.75705   1.09588   0.15092   0.19162  
 11 4854.3010   5445.962159  x:  0.07738   0.02949   0.06914   0.15482   0.07951   0.07544   0.00152   0.00143   0.00000   0.00000   0.01059   0.00883   0.00112   0.00494   0.00377   0.01502   0.00000   0.00713   0.00000   0.01418   0.00136   0.00000   0.01639   0.00000   0.01546   0.01474   0.02884   0.02364   0.01302   0.00752   0.00920   0.00446   0.01022   0.00139   0.01057   0.00184   0.00448   0.01831   0.02499   0.00000   0.00000   0.02712   1.15624   1.10595   1.15078   0.76479   1.10161   0.14589   0.17688  
 12 26893.7509   5420.442215  x:  0.07958   0.03163   0.07014   0.15384   0.07709   0.07764   0.00163   0.00235   0.00000   0.00000   0.01055   0.00236   0.00123   0.00261   0.00366   0.01181   0.00000   0.00685   0.00000   0.01463   0.00501   0.00000   0.01303   0.00000   0.01479   0.01447   0.02953   0.02214   0.01219   0.00862   0.00713   0.00309   0.00940   0.00119   0.00880   0.00029   0.00350   0.01723   0.02291   0.00000   0.00000   0.02503   1.19710   1.11870   1.13983   0.78856   1.11955   0.13014   0.13002  
 13 15225.1422   5412.167525  x:  0.08021   0.03212   0.07043   0.15359   0.07644   0.07827   0.00166   0.00244   0.00000   0.00000   0.01052   0.00024   0.00127   0.00182   0.00364   0.01075   0.00000   0.00673   0.00000   0.01470   0.00521   0.00000   0.01188   0.00000   0.01463   0.01443   0.02974   0.02166   0.01173   0.00909   0.00695   0.00279   0.00931   0.00125   0.00849   0.00042   0.00304   0.01686   0.02214   0.00000   0.00000   0.02444   1.20828   1.12220   1.13684   0.79503   1.12446   0.12584   0.11714  
 14 128838.3418   5392.920798  x:  0.08192   0.03301   0.07118   0.15349   0.07514   0.07998   0.00170   0.00352   0.00000   0.00000   0.01151   0.00075   0.00129   0.00072   0.00365   0.00569   0.00000   0.00663   0.00000   0.01475   0.00523   0.00000   0.00762   0.00000   0.01455   0.01398   0.03013   0.01988   0.01037   0.00985   0.00666   0.00236   0.00911   0.00129   0.00793   0.00055   0.00000   0.01589   0.01828   0.00000   0.00000   0.02300   1.23525   1.13075   1.13003   0.80998   1.13623   0.11553   0.08482  
 15 21399.7806   5392.920798  x:  0.08192   0.03301   0.07118   0.15349   0.07514   0.07998   0.00170   0.00352   0.00000   0.00000   0.01151   0.00075   0.00129   0.00072   0.00365   0.00569   0.00000   0.00663   0.00000   0.01475   0.00523   0.00000   0.00762   0.00000   0.01455   0.01398   0.03013   0.01988   0.01037   0.00985   0.00666   0.00236   0.00911   0.00129   0.00793   0.00055   0.00000   0.01589   0.01828   0.00000   0.00000   0.02300   1.23525   1.13075   1.13003   0.80998   1.13623   0.11553   0.08482  
 16 47249.5706   5373.682711  x:  0.08192   0.03331   0.07117   0.15360   0.07523   0.07998   0.00213   0.00369   0.00000   0.00000   0.01175   0.00201   0.00151   0.00561   0.00487   0.00602   0.00000   0.00622   0.00000   0.01474   0.00570   0.00000   0.00845   0.00000   0.01465   0.01386   0.03010   0.02001   0.01101   0.00931   0.00626   0.00329   0.00890   0.00259   0.00796   0.01478   0.00153   0.01628   0.01833   0.00000   0.00000   0.02320   1.23550   1.13084   1.13006   0.80997   1.13635   0.11542   0.08421  
 17 11141.2355   5362.619029  x:  0.08199   0.03649   0.07111   0.15489   0.07616   0.08005   0.00549   0.00268   0.00000   0.00000   0.01397   0.00306   0.00229   0.00526   0.01274   0.00923   0.00000   0.00220   0.00000   0.01477   0.00918   0.00000   0.01566   0.00000   0.01574   0.01263   0.02981   0.02141   0.01706   0.00377   0.00228   0.00809   0.00684   0.00540   0.00826   0.01415   0.00000   0.02004   0.01878   0.00000   0.00000   0.02477   1.23818   1.13190   1.13035   0.80984   1.13761   0.11434   0.07758  
 18 1339.1793   5361.160197  x:  0.08202   0.03761   0.07111   0.15539   0.07652   0.08007   0.00604   0.00301   0.00000   0.00000   0.01456   0.00296   0.00205   0.00514   0.01415   0.00979   0.00000   0.00209   0.00000   0.01479   0.00977   0.00000   0.01728   0.00000   0.01606   0.01229   0.02973   0.02185   0.01857   0.00240   0.00209   0.00865   0.00638   0.00552   0.00833   0.01374   0.00283   0.02113   0.01899   0.00000   0.00000   0.02528   1.23922   1.13232   1.13047   0.80979   1.13810   0.11392   0.07497  
 19 2077.7327   5354.744083  x:  0.08223   0.04225   0.07114   0.15770   0.07818   0.08029   0.00621   0.00243   0.00000   0.00000   0.01627   0.00148   0.00032   0.00563   0.01601   0.01018   0.00000   0.00604   0.00000   0.01492   0.01021   0.00000   0.02111   0.00000   0.01715   0.01126   0.02949   0.02352   0.02276   0.00237   0.00590   0.00766   0.00577   0.00363   0.00849   0.01378   0.00267   0.02466   0.01986   0.00000   0.00000   0.02682   1.24408   1.13430   1.13099   0.80952   1.14040   0.11194   0.06259  
 20 1250.7135   5350.791125  x:  0.08245   0.04680   0.07118   0.16002   0.07984   0.08051   0.00615   0.00207   0.00000   0.00000   0.01784   0.00038   0.00273   0.00605   0.01737   0.01032   0.00000   0.00942   0.00000   0.01506   0.01043   0.00000   0.02448   0.00000   0.01815   0.01037   0.02927   0.02511   0.02655   0.00272   0.00916   0.00639   0.00538   0.00178   0.00863   0.01377   0.00272   0.02796   0.02070   0.00000   0.00000   0.02828   1.24897   1.13629   1.13152   0.80925   1.14272   0.10995   0.05012  
 21 10752.8583   5344.467232  x:  0.08304   0.05655   0.07133   0.16529   0.08355   0.08110   0.00516   0.00236   0.00000   0.00000   0.02077   0.00762   0.00547   0.00647   0.01857   0.00972   0.00000   0.01503   0.00000   0.01537   0.01024   0.00000   0.03028   0.00000   0.02001   0.00908   0.02893   0.02828   0.03351   0.00434   0.01456   0.00291   0.00558   0.00069   0.00886   0.01306   0.00286   0.03434   0.02249   0.00000   0.00000   0.03123   1.26012   1.14088   1.13271   0.80862   1.14804   0.10540   0.02142  
 22 6941.6630   5339.052808  x:  0.08353   0.06334   0.07150   0.16916   0.08625   0.08159   0.00396   0.00290   0.00000   0.00000   0.02239   0.00983   0.00704   0.00659   0.01832   0.00900   0.00000   0.01870   0.00000   0.01562   0.00958   0.00000   0.03342   0.00000   0.02110   0.00872   0.02882   0.03029   0.03764   0.00556   0.01807   0.00134   0.00621   0.00539   0.00898   0.01248   0.00299   0.03835   0.02368   0.00000   0.00000   0.03317   1.26835   1.14429   1.13358   0.80814   1.15198   0.10202   0.00010  
 23 9866.2878   5338.475667  x:  0.08372   0.06523   0.07158   0.17034   0.08707   0.08178   0.00344   0.00317   0.00000   0.00000   0.02265   0.01030   0.00733   0.00657   0.01780   0.00870   0.00000   0.01943   0.00000   0.01569   0.00921   0.00000   0.03389   0.00000   0.02129   0.00890   0.02885   0.03075   0.03846   0.00586   0.01876   0.00260   0.00656   0.00585   0.00899   0.01239   0.00301   0.03927   0.02397   0.00000   0.00000   0.03366   1.27090   1.14537   1.13384   0.80799   1.15320   0.10098   0.00010  
 24 1529.0937   5332.512562  x:  0.08556   0.07800   0.07241   0.17955   0.09317   0.08361   0.00000   0.00528   0.00000   0.00000   0.02265   0.00946   0.00682   0.00565   0.01294   0.00787   0.00000   0.01760   0.00000   0.01619   0.00686   0.00000   0.03503   0.00000   0.02145   0.01270   0.02981   0.03266   0.04188   0.00377   0.01677   0.00207   0.00892   0.00519   0.00891   0.01310   0.00200   0.04377   0.02520   0.00000   0.00000   0.03668   1.29116   1.15408   1.13587   0.80671   1.16295   0.09262   0.00010  
 25 1089.6402   5323.919123  x:  0.08923   0.10055   0.07333   0.19804   0.10462   0.08729   0.00273   0.00362   0.00000   0.00000   0.02069   0.00774   0.00537   0.00750   0.00459   0.00954   0.00000   0.01264   0.00000   0.01640   0.00952   0.00000   0.03232   0.00000   0.02059   0.00970   0.03139   0.03398   0.04383   0.01034   0.01177   0.00191   0.00576   0.00461   0.00899   0.01285   0.00276   0.04929   0.02521   0.00000   0.00000   0.04232   1.33470   1.17293   1.14021   0.80393   1.18392   0.07469   0.00010  
 26 1786.0053   5314.037471  x:  0.09368   0.12686   0.07372   0.22227   0.11821   0.09174   0.00000   0.00134   0.00000   0.00000   0.01710   0.00594   0.00407   0.00785   0.01592   0.00880   0.00000   0.00905   0.00000   0.01612   0.00963   0.00000   0.02212   0.00000   0.01892   0.00605   0.03278   0.03315   0.03981   0.01771   0.00831   0.00160   0.00708   0.00387   0.00908   0.01261   0.00435   0.05147   0.02412   0.00000   0.00000   0.04630   1.39723   1.20007   1.14644   0.79995   1.21404   0.04897   0.00010  
 27 2370.5430   5310.824757  x:  0.09502   0.13594   0.07280   0.23208   0.12261   0.09308   0.00000   0.00895   0.00000   0.00000   0.01716   0.00541   0.00392   0.00801   0.02057   0.00961   0.00000   0.00922   0.00000   0.01576   0.01182   0.00000   0.01872   0.00000   0.01897   0.00805   0.03251   0.03184   0.03676   0.02006   0.00881   0.00147   0.00433   0.00362   0.00930   0.01247   0.00341   0.05043   0.02315   0.00000   0.00000   0.04680   1.42741   1.21313   1.14946   0.79811   1.22856   0.03662   0.00010  
 28 2518.4935   5295.565880  x:  0.09487   0.14658   0.06525   0.25222   0.12571   0.09293   0.00000   0.00728   0.00000   0.00000   0.02543   0.00706   0.00559   0.00547   0.02181   0.01136   0.00000   0.01503   0.00000   0.01516   0.01802   0.00000   0.02114   0.00000   0.02278   0.01684   0.02825   0.02524   0.02428   0.01235   0.01563   0.00151   0.01295   0.00401   0.00961   0.01307   0.00331   0.03927   0.01842   0.00000   0.00000   0.04094   1.51761   1.25196   1.15858   0.79304   1.27178   0.00010   0.00010  
 29 1499.8105   5285.257729  x:  0.09359   0.14885   0.05979   0.26197   0.12471   0.09165   0.00000   0.00592   0.00000   0.00000   0.02764   0.00854   0.00678   0.00632   0.02126   0.00634   0.00000   0.01827   0.00000   0.01592   0.01268   0.00000   0.02282   0.00000   0.02339   0.01482   0.02712   0.02409   0.01926   0.00191   0.01933   0.00181   0.00773   0.00444   0.00899   0.01283   0.00216   0.03171   0.01969   0.00000   0.00000   0.03584   1.57559   1.27658   1.16452   0.79019   1.29951   0.00010   0.00010  
 30 2548.3924   5277.401079  x:  0.09083   0.14484   0.05392   0.26680   0.11967   0.08889   0.00000   0.00615   0.00000   0.00000   0.02894   0.00820   0.00655   0.00407   0.02188   0.00693   0.00000   0.01772   0.00000   0.01675   0.00349   0.00000   0.02838   0.00000   0.02332   0.01493   0.02730   0.02582   0.02155   0.00474   0.01907   0.00172   0.00670   0.00419   0.00891   0.01359   0.00265   0.02585   0.02296   0.00000   0.00000   0.03043   1.62993   1.29906   1.17019   0.78819   1.32555   0.00010   0.00010  
 31 2074.9071   5260.089221  x:  0.08093   0.12467   0.03783   0.27527   0.09925   0.07899   0.00000   0.00843   0.00000   0.00000   0.02221   0.00737   0.00632   0.01096   0.02068   0.00727   0.00000   0.01809   0.00000   0.01866   0.01048   0.00000   0.03506   0.00000   0.01865   0.01148   0.03252   0.03711   0.03513   0.00561   0.01930   0.00149   0.01215   0.00350   0.00891   0.01130   0.00276   0.01717   0.03605   0.00000   0.00000   0.01856   1.80027   1.36767   1.18831   0.78383   1.40750   0.00010   0.00010  
 32 2939.7880   5239.942751  x:  0.07180   0.09333   0.02930   0.27551   0.07508   0.06986   0.00000   0.00493   0.00000   0.00000   0.01711   0.00826   0.00699   0.00236   0.01895   0.01147   0.00000   0.02041   0.00000   0.01527   0.01304   0.00000   0.03467   0.00000   0.01925   0.01247   0.03291   0.04052   0.04107   0.00387   0.02141   0.00179   0.00679   0.00372   0.01039   0.01426   0.00286   0.03074   0.03653   0.00000   0.00000   0.03239   1.97651   1.43577   1.20755   0.78229   1.49279   0.00010   0.00010  
 33 3333.8886   5233.460644  x:  0.06901   0.07518   0.03194   0.27191   0.06440   0.06706   0.00000   0.00409   0.00000   0.00000   0.01938   0.00807   0.00685   0.01374   0.01898   0.01243   0.00000   0.01985   0.00000   0.01413   0.00930   0.00000   0.03646   0.00000   0.02209   0.01473   0.03067   0.03906   0.04359   0.00441   0.02067   0.00174   0.00658   0.00350   0.00988   0.01038   0.00302   0.03944   0.03187   0.00000   0.00000   0.04063   2.06865   1.46957   1.21791   0.78328   1.53766   0.00010   0.00010  
 34 4358.9881   5224.039779  x:  0.07175   0.05818   0.04855   0.25984   0.06344   0.06981   0.00000   0.00823   0.00000   0.00000   0.02532   0.00684   0.00627   0.01176   0.01737   0.00653   0.00000   0.01898   0.00000   0.01854   0.01103   0.00000   0.04152   0.00000   0.02403   0.00584   0.02740   0.03548   0.04830   0.00562   0.01926   0.00153   0.00900   0.00291   0.00756   0.01122   0.00250   0.04375   0.02359   0.00000   0.00000   0.04034   2.15408   1.49646   1.22832   0.78860   1.57980   0.00010   0.00010  
 35 1765.7440   5217.786332  x:  0.07587   0.04864   0.06214   0.24665   0.06801   0.07393   0.00000   0.00442   0.00000   0.00000   0.02713   0.00740   0.00659   0.01099   0.01723   0.00615   0.00000   0.02015   0.00000   0.01956   0.01313   0.00000   0.04402   0.00000   0.02288   0.01006   0.02758   0.03420   0.05263   0.00672   0.01978   0.00172   0.00321   0.00323   0.00991   0.01137   0.00356   0.04396   0.02026   0.00000   0.00000   0.03539   2.21226   1.51197   1.23591   0.79489   1.60878   0.00010   0.00010  
 36 2070.0797   5212.281333  x:  0.08178   0.04058   0.07428   0.22345   0.07642   0.07984   0.00000   0.00504   0.00000   0.00000   0.02404   0.00872   0.00751   0.01135   0.01609   0.01665   0.00000   0.02326   0.00000   0.01329   0.01008   0.00000   0.04369   0.00000   0.01986   0.00750   0.02994   0.03326   0.05553   0.00303   0.02220   0.00190   0.00448   0.00357   0.01164   0.01122   0.00306   0.04447   0.02293   0.00000   0.00000   0.03315   2.27325   1.52347   1.24475   0.80599   1.63953   0.00010   0.00010  
 37 1467.5592   5206.448962  x:  0.08542   0.03928   0.07663   0.19198   0.08243   0.08348   0.00000   0.00476   0.00000   0.00000   0.01753   0.00869   0.00757   0.01141   0.01720   0.01235   0.00000   0.02383   0.00000   0.01345   0.01026   0.00000   0.04398   0.00000   0.02031   0.01115   0.03117   0.03372   0.05658   0.00345   0.02259   0.00178   0.00624   0.00346   0.00477   0.01112   0.00315   0.04541   0.02909   0.00000   0.00000   0.03722   2.32572   1.52681   1.25355   0.82135   1.66636   0.00010   0.00010  
 38 948.2457   5203.381717  x:  0.08695   0.04078   0.07577   0.16946   0.08529   0.08501   0.00000   0.00531   0.00000   0.00000   0.01500   0.00826   0.00734   0.01175   0.01767   0.00800   0.00000   0.02336   0.00000   0.01475   0.01028   0.00000   0.04386   0.00000   0.02129   0.01197   0.03117   0.03401   0.05649   0.00384   0.02210   0.00164   0.00802   0.00321   0.01088   0.01102   0.00303   0.04582   0.03216   0.00000   0.00000   0.04035   2.36127   1.52751   1.25979   0.83299   1.68461   0.00010   0.00010  
 39 2227.5168   5198.363206  x:  0.08543   0.05316   0.06723   0.13619   0.08519   0.08349   0.00000   0.00466   0.00000   0.00000   0.02517   0.00753   0.00677   0.01177   0.01682   0.01081   0.00000   0.02130   0.00000   0.01651   0.01078   0.00000   0.03985   0.00000   0.02200   0.00968   0.02883   0.03501   0.05389   0.00405   0.02015   0.00166   0.00597   0.00299   0.00962   0.01118   0.00299   0.04395   0.03018   0.00000   0.00000   0.04052   2.41914   1.52369   1.27076   0.85522   1.71451   0.00010   0.00010  
 40 876.7958   5196.606579  x:  0.08324   0.05664   0.06588   0.13154   0.08270   0.08130   0.00000   0.00493   0.00000   0.00000   0.02277   0.00733   0.00663   0.01163   0.01647   0.00888   0.00000   0.02080   0.00000   0.01022   0.01076   0.00000   0.04177   0.00000   0.02085   0.00918   0.02834   0.03354   0.05411   0.00440   0.01980   0.00165   0.00566   0.00291   0.00923   0.01124   0.00303   0.04399   0.02500   0.00000   0.00000   0.03813   2.43766   1.51581   1.27527   0.86688   1.72449   0.00010   0.00010  
 41 344.9923   5193.672398  x:  0.07889   0.06039   0.06529   0.12857   0.07742   0.07695   0.00000   0.00532   0.00000   0.00000   0.01479   0.00775   0.00686   0.01184   0.01605   0.01120   0.00000   0.02130   0.00000   0.01400   0.00939   0.00000   0.04427   0.00000   0.01838   0.00878   0.02846   0.02998   0.05364   0.00357   0.02056   0.00171   0.00552   0.00299   0.00872   0.01114   0.00296   0.04508   0.01698   0.00000   0.00000   0.03447   2.47067   1.49615   1.28409   0.89132   1.74274   0.00010   0.00010  
 42 769.5673   5185.830375  x:  0.06909   0.05773   0.07145   0.13726   0.06400   0.06715   0.00000   0.00462   0.00000   0.00000   0.01705   0.00708   0.00631   0.01099   0.01551   0.01130   0.00000   0.01920   0.00000   0.01362   0.01013   0.00000   0.04420   0.00000   0.02052   0.00854   0.02851   0.02338   0.04674   0.00410   0.01925   0.00166   0.00467   0.00271   0.00892   0.01152   0.00287   0.04744   0.02939   0.00000   0.00000   0.02971   2.56748   1.42426   1.31145   0.97033   1.79769   0.00010   0.00010  
 43 775.1425   5182.529917  x:  0.07018   0.05004   0.06798   0.14317   0.06440   0.06823   0.00000   0.00470   0.00000   0.00000   0.02033   0.00687   0.00619   0.01078   0.01564   0.01018   0.00000   0.01894   0.00000   0.01348   0.00965   0.00000   0.04210   0.00000   0.01755   0.00895   0.02713   0.03562   0.04652   0.00348   0.01887   0.00162   0.00529   0.00260   0.00896   0.01162   0.00269   0.04332   0.02524   0.00000   0.00000   0.03354   2.60462   1.39262   1.32177   1.00000   1.81912   0.00010   0.00010  
 44 684.3194   5182.529917  x:  0.07018   0.05004   0.06798   0.14317   0.06440   0.06823   0.00000   0.00470   0.00000   0.00000   0.02033   0.00687   0.00619   0.01078   0.01564   0.01018   0.00000   0.01894   0.00000   0.01348   0.00965   0.00000   0.04210   0.00000   0.01755   0.00895   0.02713   0.03562   0.04652   0.00348   0.01887   0.00162   0.00529   0.00260   0.00896   0.01162   0.00269   0.04332   0.02524   0.00000   0.00000   0.03354   2.60462   1.39262   1.32177   1.00000   1.81912   0.00010   0.00010  
 45 252.7930   5170.648675  x:  0.07097   0.05020   0.06808   0.14421   0.06552   0.06903   0.00000   0.00375   0.00000   0.00000   0.01901   0.00409   0.00281   0.00827   0.01389   0.00932   0.00000   0.01530   0.00000   0.01384   0.00867   0.00000   0.03940   0.00000   0.01719   0.01014   0.02743   0.03407   0.04393   0.00299   0.01533   0.01062   0.00651   0.00383   0.00852   0.01095   0.00000   0.04137   0.02411   0.00000   0.00000   0.03305   2.60497   1.39285   1.32169   0.99959   1.81933   0.00010   0.00010  
 46 1810.5735   5162.459245  x:  0.07182   0.05036   0.06818   0.14539   0.06675   0.06988   0.00000   0.00398   0.00000   0.00000   0.01772   0.00164   0.00027   0.00593   0.01215   0.00851   0.00000   0.01118   0.00000   0.01412   0.00802   0.00000   0.03632   0.00000   0.01685   0.01090   0.02771   0.03236   0.04097   0.00310   0.01132   0.00965   0.00676   0.00343   0.00820   0.01040   0.00012   0.03921   0.02303   0.00000   0.00000   0.03260   2.60539   1.39310   1.32159   0.99911   1.81958   0.00010   0.00010  
 47 1742.8507   5158.170359  x:  0.07239   0.05047   0.06825   0.14618   0.06757   0.07045   0.00000   0.00408   0.00000   0.00000   0.01688   0.00022   0.00067   0.00445   0.01101   0.00798   0.00000   0.00846   0.00000   0.01430   0.00762   0.00000   0.03427   0.00000   0.01663   0.01139   0.02789   0.03123   0.03900   0.00315   0.00868   0.00924   0.00694   0.00323   0.00800   0.01003   0.00011   0.03777   0.02232   0.00000   0.00000   0.03230   2.60567   1.39327   1.32153   0.99880   1.81975   0.00010   0.00010  
 48 9341.2892   5151.218453  x:  0.07357   0.05069   0.06838   0.14783   0.06927   0.07163   0.00000   0.00424   0.00000   0.00000   0.01516   0.00100   0.00108   0.00158   0.00871   0.00690   0.00000   0.00280   0.00000   0.01467   0.00685   0.00000   0.02996   0.00000   0.01617   0.01238   0.02826   0.02886   0.03486   0.00324   0.00317   0.00860   0.00731   0.00292   0.00760   0.00931   0.00003   0.03476   0.02084   0.00000   0.00000   0.03167   2.60625   1.39362   1.32139   0.99813   1.82011   0.00010   0.00010  
 49 10939.6944   5149.518138  x:  0.07403   0.05076   0.06842   0.14850   0.06994   0.07209   0.00000   0.00423   0.00000   0.00000   0.01462   0.00105   0.00111   0.00302   0.00809   0.00669   0.00000   0.00140   0.00000   0.01476   0.00678   0.00000   0.02823   0.00000   0.01602   0.01262   0.02838   0.02796   0.03319   0.00325   0.00166   0.00849   0.00737   0.00304   0.00753   0.00914   0.00009   0.03357   0.02031   0.00000   0.00000   0.03143   2.60650   1.39376   1.32133   0.99786   1.82027   0.00010   0.00010  
 50 2235.5283   5142.988241  x:  0.07714   0.05117   0.06863   0.15316   0.07447   0.07520   0.00000   0.00397   0.00000   0.00000   0.01149   0.00137   0.00134   0.00438   0.00521   0.00600   0.00000   0.00485   0.00000   0.01522   0.00690   0.00000   0.01643   0.00000   0.01516   0.01379   0.02909   0.02200   0.02171   0.00343   0.00120   0.00784   0.00754   0.00392   0.00734   0.00844   0.00064   0.02550   0.01692   0.00000   0.00000   0.02984   2.60828   1.39470   1.32091   0.99594   1.82144   0.00010   0.00010  
 51 1401.3646   5141.489456  x:  0.07816   0.05127   0.06868   0.15479   0.07597   0.07622   0.00000   0.00377   0.00000   0.00000   0.01103   0.00143   0.00138   0.00460   0.00565   0.00625   0.00000   0.00371   0.00000   0.01528   0.00705   0.00000   0.01294   0.00000   0.01500   0.01393   0.02927   0.02034   0.01815   0.00338   0.00343   0.00768   0.00748   0.00384   0.00740   0.00847   0.00052   0.02302   0.01610   0.00000   0.00000   0.02936   2.60894   1.39502   1.32075   0.99525   1.82188   0.00010   0.00010  
 52 2029.0078   5140.600201  x:  0.07912   0.05124   0.06862   0.15660   0.07739   0.07718   0.00000   0.00352   0.00000   0.00000   0.01218   0.00137   0.00135   0.00434   0.00846   0.00748   0.00000   0.00381   0.00000   0.01504   0.00760   0.00000   0.01157   0.00000   0.01520   0.01332   0.02924   0.01979   0.01583   0.00308   0.00267   0.00793   0.00707   0.00347   0.00777   0.00917   0.00087   0.02140   0.01628   0.00000   0.00000   0.02906   2.60978   1.39538   1.32054   0.99442   1.82248   0.00010   0.00010  
 53 549.9161   5140.216492  x:  0.08010   0.05112   0.06849   0.15866   0.07884   0.07816   0.00000   0.00325   0.00000   0.00000   0.01317   0.00136   0.00133   0.00434   0.00821   0.00739   0.00000   0.00384   0.00000   0.01477   0.00767   0.00000   0.01224   0.00000   0.01547   0.01260   0.02913   0.01998   0.01510   0.00351   0.00261   0.00772   0.00686   0.00359   0.00788   0.00950   0.00000   0.02059   0.01687   0.00000   0.00000   0.02889   2.61081   1.39580   1.32029   0.99341   1.82323   0.00010   0.00010  
 54 275.0573   5139.460115  x:  0.08233   0.05085   0.06819   0.16343   0.08217   0.08039   0.00065   0.00320   0.00000   0.00000   0.01516   0.00134   0.00133   0.00429   0.00722   0.00696   0.00000   0.00367   0.00000   0.01421   0.00771   0.00000   0.01390   0.00000   0.01606   0.01110   0.02889   0.02050   0.01380   0.00419   0.00282   0.00800   0.00659   0.00397   0.00803   0.01007   0.00080   0.01898   0.01825   0.00000   0.00000   0.02858   2.61325   1.39680   1.31968   0.99105   1.82500   0.00010   0.00010  
 55 1565.4336   5138.621999  x:  0.08468   0.05045   0.06781   0.16894   0.08569   0.08274   0.00226   0.00279   0.00000   0.00000   0.01508   0.00138   0.00135   0.00445   0.00716   0.00687   0.00000   0.00383   0.00000   0.01418   0.00762   0.00000   0.01440   0.00000   0.01620   0.01109   0.02871   0.02111   0.01485   0.00219   0.00292   0.00784   0.00706   0.00321   0.00779   0.00963   0.00075   0.01878   0.01896   0.00000   0.00000   0.02828   2.61630   1.39804   1.31893   0.98811   1.82721   0.00010   0.00010  
 56 480.0957   5137.524859  x:  0.08861   0.04959   0.06709   0.17888   0.09165   0.08667   0.00369   0.00209   0.00000   0.00000   0.01361   0.00144   0.00141   0.00463   0.00845   0.00736   0.00000   0.00403   0.00000   0.01457   0.00758   0.00000   0.01428   0.00000   0.01609   0.01217   0.02852   0.02211   0.01781   0.00408   0.00296   0.00773   0.00778   0.00306   0.00749   0.00866   0.00093   0.01974   0.01960   0.00000   0.00000   0.02752   2.62216   1.40043   1.31749   0.98249   1.83142   0.00010   0.00010  
 57 952.0809   5136.937800  x:  0.09064   0.04884   0.06658   0.18527   0.09485   0.08870   0.00198   0.00355   0.00000   0.00000   0.01312   0.00143   0.00141   0.00454   0.00873   0.00763   0.00000   0.00395   0.00000   0.01484   0.00783   0.00000   0.01424   0.00000   0.01594   0.01260   0.02854   0.02256   0.01891   0.00359   0.00302   0.00753   0.00699   0.00491   0.00806   0.00945   0.00070   0.02113   0.01962   0.00000   0.00000   0.02686   2.62657   1.40223   1.31641   0.97831   1.83456   0.00010   0.00010  
 58 599.5284   5136.502121  x:  0.09138   0.04828   0.06621   0.18900   0.09621   0.08944   0.00000   0.00315   0.00000   0.00000   0.01336   0.00145   0.00142   0.00461   0.00839   0.00754   0.00000   0.00399   0.00000   0.01492   0.00789   0.00000   0.01436   0.00000   0.01587   0.01255   0.02866   0.02266   0.01887   0.00349   0.00307   0.00771   0.00654   0.00402   0.00826   0.01003   0.00086   0.02232   0.01920   0.00000   0.00000   0.02685   2.62972   1.40351   1.31565   0.97536   1.83677   0.00010   0.00010  
 59 506.4522   5136.502121  x:  0.09138   0.04828   0.06621   0.18900   0.09621   0.08944   0.00000   0.00315   0.00000   0.00000   0.01336   0.00145   0.00142   0.00461   0.00839   0.00754   0.00000   0.00399   0.00000   0.01492   0.00789   0.00000   0.01436   0.00000   0.01587   0.01255   0.02866   0.02266   0.01887   0.00349   0.00307   0.00771   0.00654   0.00402   0.00826   0.01003   0.00086   0.02232   0.01920   0.00000   0.00000   0.02685   2.62972   1.40351   1.31565   0.97536   1.83677   0.00010   0.00010  
 60 358.1267   5136.004951  x:  0.09111   0.04822   0.06613   0.18896   0.09588   0.08917   0.00056   0.00340   0.00000   0.00000   0.01378   0.00289   0.00202   0.00483   0.00880   0.00764   0.00000   0.00324   0.00000   0.01482   0.00796   0.00000   0.01463   0.00000   0.01596   0.01223   0.02866   0.02272   0.01875   0.00328   0.00339   0.00619   0.00661   0.00327   0.00817   0.00997   0.00113   0.02249   0.01916   0.00000   0.00000   0.02733   2.63006   1.40364   1.31558   0.97508   1.83700   0.00010   0.00010  
 61 392.5297   5135.727945  x:  0.09073   0.04814   0.06603   0.18890   0.09540   0.08879   0.00093   0.00334   0.00000   0.00000   0.01417   0.00254   0.00142   0.00494   0.00918   0.00786   0.00000   0.00297   0.00000   0.01469   0.00790   0.00000   0.01493   0.00000   0.01606   0.01188   0.02867   0.02279   0.01860   0.00323   0.00344   0.00467   0.00667   0.00298   0.00809   0.00991   0.00079   0.02269   0.01912   0.00000   0.00000   0.02785   2.63055   1.40382   1.31546   0.97468   1.83733   0.00010   0.00010  
 62 328.7542   5135.602714  x:  0.09028   0.04805   0.06592   0.18883   0.09486   0.08834   0.00106   0.00331   0.00000   0.00000   0.01449   0.00205   0.00190   0.00494   0.00940   0.00797   0.00000   0.00318   0.00000   0.01459   0.00785   0.00000   0.01518   0.00000   0.01615   0.01159   0.02868   0.02287   0.01846   0.00327   0.00337   0.00409   0.00670   0.00318   0.00805   0.00987   0.00104   0.02288   0.01910   0.00000   0.00000   0.02832   2.63113   1.40402   1.31533   0.97421   1.83772   0.00010   0.00010  
 63 253.6076   5135.089087  x:  0.08730   0.04750   0.06524   0.18834   0.09116   0.08536   0.00107   0.00289   0.00000   0.00000   0.01617   0.00246   0.00156   0.00477   0.01023   0.00798   0.00000   0.00376   0.00000   0.01406   0.00796   0.00000   0.01646   0.00000   0.01659   0.01023   0.02873   0.02332   0.01769   0.00342   0.00321   0.00501   0.00673   0.00382   0.00793   0.00971   0.00100   0.02387   0.01902   0.00000   0.00000   0.03098   2.63512   1.40545   1.31442   0.97094   1.84043   0.00010   0.00010  
 64 271.2790   5134.641559  x:  0.08455   0.04713   0.06466   0.18787   0.08773   0.08261   0.00019   0.00338   0.00000   0.00000   0.01656   0.00173   0.00200   0.00482   0.00996   0.00770   0.00000   0.00283   0.00000   0.01399   0.00799   0.00000   0.01679   0.00000   0.01670   0.01038   0.02877   0.02356   0.01742   0.00319   0.00347   0.00569   0.00664   0.00287   0.00804   0.00977   0.00058   0.02432   0.01907   0.00000   0.00000   0.03261   2.63917   1.40687   1.31349   0.96765   1.84319   0.00010   0.00010  
 65 508.5280   5134.515427  x:  0.08410   0.04709   0.06457   0.18780   0.08717   0.08216   0.00000   0.00352   0.00000   0.00000   0.01649   0.00175   0.00192   0.00484   0.00984   0.00765   0.00000   0.00286   0.00000   0.01403   0.00800   0.00000   0.01674   0.00000   0.01667   0.01053   0.02878   0.02357   0.01743   0.00319   0.00346   0.00562   0.00663   0.00288   0.00806   0.00979   0.00069   0.02433   0.01908   0.00000   0.00000   0.03277   2.63991   1.40712   1.31332   0.96706   1.84369   0.00010   0.00010  
 66 759.7381   5134.225464  x:  0.08241   0.04704   0.06422   0.18749   0.08501   0.08046   0.00000   0.00362   0.00000   0.00000   0.01600   0.00214   0.00213   0.00486   0.00938   0.00755   0.00000   0.00320   0.00000   0.01423   0.00802   0.00000   0.01636   0.00000   0.01653   0.01112   0.02878   0.02355   0.01760   0.00327   0.00337   0.00514   0.00661   0.00326   0.00811   0.00987   0.00000   0.02429   0.01903   0.00000   0.00000   0.03323   2.64304   1.40816   1.31261   0.96459   1.84582   0.00010   0.00010  
 67 1365.1509   5133.864139  x:  0.08080   0.04751   0.06386   0.18713   0.08291   0.07886   0.00000   0.00226   0.00000   0.00000   0.01477   0.00233   0.00214   0.00454   0.00984   0.00836   0.00000   0.00266   0.00000   0.01445   0.00793   0.00000   0.01535   0.00000   0.01620   0.01070   0.02868   0.02315   0.01817   0.00336   0.00326   0.00495   0.00684   0.00336   0.00777   0.00971   0.00038   0.02387   0.01861   0.00000   0.00000   0.03280   2.64808   1.40968   1.31146   0.96079   1.84929   0.00010   0.00010  
 68 391.0549   5133.466457  x:  0.07965   0.04854   0.06356   0.18677   0.08125   0.07771   0.00000   0.00301   0.00000   0.00000   0.01374   0.00237   0.00215   0.00469   0.01101   0.00928   0.00000   0.00347   0.00000   0.01442   0.00771   0.00000   0.01449   0.00000   0.01594   0.00935   0.02851   0.02255   0.01871   0.00312   0.00354   0.00511   0.00698   0.00275   0.00743   0.00943   0.00025   0.02310   0.01813   0.00000   0.00000   0.03155   2.65489   1.41158   1.30991   0.95584   1.85401   0.00010   0.00010  
 69 572.6013   5132.914911  x:  0.07918   0.05035   0.06333   0.18636   0.08022   0.07724   0.00000   0.00409   0.00000   0.00000   0.01386   0.00229   0.00213   0.00511   0.01186   0.00920   0.00000   0.00232   0.00000   0.01405   0.00746   0.00000   0.01460   0.00000   0.01599   0.00865   0.02830   0.02200   0.01886   0.00339   0.00332   0.00525   0.00669   0.00404   0.00781   0.00939   0.00008   0.02230   0.01778   0.00000   0.00000   0.02947   2.66520   1.41423   1.30756   0.94862   1.86121   0.00010   0.00010  
 70 648.4053   5130.786537  x:  0.07911   0.05722   0.06271   0.18505   0.07847   0.07717   0.00000   0.00254   0.00000   0.00000   0.01636   0.00201   0.00221   0.00490   0.01264   0.00704   0.00000   0.00312   0.00000   0.01280   0.00737   0.00000   0.01671   0.00000   0.01673   0.01012   0.02775   0.02094   0.01834   0.00340   0.00300   0.00531   0.00583   0.00297   0.00926   0.00986   0.00041   0.02075   0.01704   0.00000   0.00000   0.02264   2.70498   1.42403   1.29854   0.92128   1.88901   0.00010   0.00010  
 71 1584.7408   5128.513517  x:  0.08152   0.06389   0.06238   0.18398   0.07944   0.07958   0.00000   0.00275   0.00000   0.00000   0.01707   0.00140   0.00213   0.00370   0.01014   0.00821   0.00000   0.00302   0.00000   0.01426   0.00917   0.00000   0.01723   0.00000   0.01686   0.01126   0.02780   0.02185   0.01766   0.00256   0.00558   0.00601   0.00884   0.00397   0.00673   0.00977   0.00033   0.02178   0.01810   0.00000   0.00000   0.02198   2.75270   1.43491   1.28775   0.88974   1.92242   0.00010   0.00010  
 72 1633.7123   5126.235925  x:  0.08484   0.06937   0.06224   0.18323   0.08157   0.08290   0.00000   0.00275   0.00000   0.00000   0.01598   0.00121   0.00225   0.00592   0.00773   0.00946   0.00000   0.00303   0.00000   0.01580   0.00932   0.00000   0.01634   0.00000   0.01652   0.01111   0.02822   0.02320   0.01759   0.00523   0.00330   0.00692   0.00903   0.00283   0.00642   0.00960   0.00027   0.02348   0.01943   0.00000   0.00000   0.02497   2.80177   1.44553   1.27670   0.85819   1.95677   0.00010   0.00010  
 73 3450.1003   5124.538730  x:  0.08743   0.07149   0.06231   0.18308   0.08358   0.08549   0.00000   0.00277   0.00000   0.00000   0.01419   0.00121   0.00223   0.00470   0.00804   0.00921   0.00000   0.00301   0.00000   0.01614   0.00802   0.00000   0.01504   0.00000   0.01613   0.01103   0.02879   0.02410   0.01811   0.00276   0.00241   0.00716   0.00690   0.00309   0.00867   0.00980   0.00023   0.02458   0.02023   0.00000   0.00000   0.02879   2.83570   1.45228   1.26913   0.83744   1.98047   0.00010   0.00010  
 74 2710.4889   5124.063775  x:  0.08829   0.07116   0.06242   0.18325   0.08435   0.08635   0.00000   0.00258   0.00000   0.00000   0.01358   0.00117   0.00218   0.00452   0.00885   0.00848   0.00000   0.00310   0.00000   0.01573   0.00745   0.00000   0.01464   0.00000   0.01605   0.01122   0.02905   0.02418   0.01849   0.00363   0.00410   0.00711   0.00597   0.00325   0.00911   0.00998   0.00027   0.02463   0.02028   0.00000   0.00000   0.03023   2.84745   1.45423   1.26656   0.83097   1.98864   0.00010   0.00010  
 75 1588.7748   5122.829981  x:  0.08999   0.06615   0.06302   0.18461   0.08629   0.08805   0.00000   0.00277   0.00000   0.00000   0.01350   0.00129   0.00215   0.00481   0.01155   0.00606   0.00000   0.00301   0.00000   0.01324   0.00787   0.00000   0.01474   0.00000   0.01630   0.01218   0.02975   0.02329   0.01969   0.00356   0.00338   0.00658   0.00753   0.00325   0.00697   0.01043   0.00030   0.02318   0.01951   0.00000   0.00000   0.03269   2.87657   1.45743   1.26041   0.81803   2.00868   0.00010   0.00010  
 76 889.1988   5120.943285  x:  0.09202   0.05418   0.06430   0.18779   0.08924   0.09008   0.00000   0.00274   0.00000   0.00000   0.01652   0.00217   0.00210   0.00510   0.01122   0.00987   0.00000   0.00312   0.00000   0.01230   0.00944   0.00000   0.01669   0.00000   0.01699   0.01187   0.03028   0.02158   0.02002   0.00347   0.00377   0.00521   0.00716   0.00325   0.00832   0.00992   0.00049   0.02065   0.01821   0.00000   0.00000   0.03345   2.92678   1.46105   1.25009   0.79942   2.04302   0.00010   0.00010  
 77 1304.9012   5119.938257  x:  0.09237   0.04790   0.06506   0.18980   0.09051   0.09043   0.00000   0.00267   0.00000   0.00000   0.01725   0.00265   0.00208   0.00442   0.01036   0.00829   0.00000   0.00306   0.00000   0.01499   0.00766   0.00000   0.01719   0.00000   0.01698   0.00932   0.02980   0.02200   0.01869   0.00354   0.00370   0.00425   0.00682   0.00311   0.00728   0.00957   0.00055   0.02172   0.01849   0.00000   0.00000   0.03169   2.95274   1.46148   1.24501   0.79267   2.06058   0.00010   0.00010  
 78 996.6175   5119.212192  x:  0.09189   0.04415   0.06572   0.19175   0.09140   0.08995   0.00000   0.00220   0.00000   0.00000   0.01648   0.00259   0.00207   0.00658   0.01168   0.00820   0.00000   0.00317   0.00000   0.01539   0.00800   0.00000   0.01665   0.00000   0.01662   0.00956   0.02890   0.02352   0.01728   0.00271   0.00419   0.00430   0.00750   0.00344   0.00809   0.00976   0.00061   0.02444   0.01913   0.00000   0.00000   0.02969   2.97398   1.45987   1.24122   0.79097   2.07473   0.00010   0.00010  
 79 628.5630   5118.112801  x:  0.09083   0.03998   0.06669   0.19476   0.09268   0.08889   0.00000   0.00317   0.00000   0.00000   0.01537   0.00259   0.00212   0.00453   0.01342   0.00911   0.00000   0.00298   0.00000   0.01456   0.00894   0.00000   0.01585   0.00000   0.01626   0.01069   0.02770   0.02539   0.01615   0.00413   0.00332   0.00446   0.00772   0.00305   0.00864   0.00996   0.00036   0.02779   0.01973   0.00000   0.00000   0.02724   3.00585   1.45632   1.23577   0.79067   2.09580   0.00010   0.00010  
 80 1499.8543   5114.834596  x:  0.08710   0.03476   0.06896   0.20271   0.09585   0.08516   0.00000   0.00325   0.00000   0.00000   0.01445   0.00214   0.00212   0.00496   0.01035   0.00982   0.00000   0.00285   0.00000   0.01079   0.00789   0.00000   0.01514   0.00000   0.01646   0.01120   0.02657   0.02558   0.01949   0.00315   0.00330   0.00541   0.00419   0.00330   0.00533   0.00929   0.00028   0.02964   0.01833   0.00000   0.00000   0.02492   3.09383   1.44338   1.22151   0.79593   2.15351   0.00010   0.00010  
 81 1415.2737   5110.299034  x:  0.08122   0.02965   0.07200   0.21466   0.10040   0.07928   0.00000   0.00317   0.00000   0.00000   0.01348   0.00129   0.00213   0.00445   0.00627   0.00809   0.00000   0.00284   0.00000   0.00976   0.00563   0.00000   0.01443   0.00000   0.01667   0.00996   0.02630   0.02319   0.02442   0.00341   0.00375   0.00672   0.00834   0.00310   0.00884   0.00902   0.00023   0.02797   0.01555   0.00000   0.00000   0.02420   3.23405   1.42173   1.19919   0.80617   2.24526   0.00010   0.00010  
 82 5916.8128   5106.093090  x:  0.07649   0.02875   0.07364   0.22365   0.10317   0.07455   0.00000   0.00307   0.00000   0.00000   0.01352   0.00033   0.00213   0.00463   0.00801   0.00671   0.00000   0.00282   0.00000   0.01586   0.00899   0.00000   0.01453   0.00000   0.01629   0.01079   0.02722   0.02031   0.02528   0.00339   0.00341   0.00760   0.00686   0.00308   0.00891   0.00984   0.00017   0.02324   0.01543   0.00000   0.00000   0.02529   3.35543   1.40233   1.18035   0.81608   2.32440   0.00010   0.00010  
 83 5853.6207   5101.680973  x:  0.07216   0.03409   0.07360   0.23065   0.10373   0.07022   0.00000   0.00282   0.00000   0.00000   0.01305   0.00094   0.00212   0.00491   0.00986   0.00898   0.00000   0.00282   0.00000   0.01680   0.00427   0.00000   0.01605   0.00000   0.01582   0.01296   0.02866   0.01979   0.01990   0.00325   0.00315   0.00764   0.00721   0.00305   0.00746   0.01069   0.00014   0.01812   0.01912   0.00000   0.00000   0.02709   3.48752   1.38077   1.16072   0.82746   2.41005   0.00010   0.00010  
 84 4424.2088   5097.522039  x:  0.06940   0.04223   0.07132   0.23464   0.10182   0.06746   0.00000   0.00219   0.00000   0.00000   0.01166   0.00130   0.00201   0.00448   0.00799   0.00680   0.00000   0.00279   0.00000   0.01305   0.00845   0.00000   0.01492   0.00000   0.01495   0.00919   0.02939   0.02052   0.01376   0.00311   0.00345   0.00576   0.00633   0.00289   0.00800   0.00902   0.00030   0.01597   0.02097   0.00000   0.00000   0.02867   3.61838   1.35910   1.14225   0.83899   2.49431   0.00010   0.00010  
 85 5162.4365   5093.074009  x:  0.07023   0.05293   0.06317   0.23215   0.09431   0.06829   0.00000   0.00282   0.00000   0.00000   0.01759   0.00191   0.00189   0.00442   0.00969   0.00641   0.00000   0.00276   0.00000   0.01447   0.00923   0.00000   0.01202   0.00000   0.01490   0.00888   0.02795   0.02121   0.01881   0.00319   0.00343   0.00406   0.00629   0.00276   0.00819   0.00851   0.00036   0.02365   0.01613   0.00000   0.00000   0.02981   3.76704   1.33359   1.12383   0.85273   2.58865   0.00010   0.00010  
 86 2786.2629   5086.668754  x:  0.07186   0.05688   0.05733   0.22851   0.08907   0.06992   0.00000   0.00307   0.00000   0.00000   0.01838   0.00219   0.00183   0.00438   0.01026   0.00633   0.00000   0.00273   0.00000   0.01516   0.00965   0.00000   0.01276   0.00000   0.01509   0.00863   0.02658   0.02126   0.02097   0.00320   0.00341   0.00337   0.00620   0.00269   0.00824   0.00889   0.00041   0.02682   0.01364   0.00000   0.00000   0.03026   3.84587   1.31977   1.11509   0.86024   2.63809   0.00010   0.01856  
 87 4489.3587   5083.957753  x:  0.07790   0.05489   0.04758   0.21564   0.07765   0.07596   0.00000   0.00255   0.00000   0.00000   0.01495   0.00228   0.00181   0.00428   0.01024   0.00629   0.00000   0.00270   0.00000   0.01510   0.01023   0.00000   0.01681   0.00000   0.01819   0.00766   0.02631   0.02089   0.02458   0.00323   0.00334   0.00323   0.00621   0.00254   0.00851   0.00935   0.00044   0.02668   0.01842   0.00000   0.00000   0.02911   3.93612   1.30294   1.11024   0.86967   2.69361   0.00010   0.01829  
 88 1061.9843   5081.652659  x:  0.08381   0.05084   0.04195   0.20040   0.06787   0.08187   0.00000   0.00251   0.00000   0.00000   0.01579   0.00197   0.00179   0.00425   0.00986   0.00616   0.00000   0.00262   0.00000   0.01480   0.00893   0.00000   0.01378   0.00000   0.01554   0.00886   0.02665   0.02109   0.02055   0.00310   0.00326   0.00378   0.00606   0.00255   0.00808   0.00722   0.00053   0.02378   0.01510   0.00000   0.00000   0.02889   4.01135   1.28855   1.10947   0.87761   2.73895   0.00010   0.01787  
 89 1556.0444   5081.108496  x:  0.08481   0.04995   0.04320   0.19466   0.06598   0.08287   0.00000   0.00246   0.00000   0.00000   0.01627   0.00194   0.00179   0.00420   0.00939   0.00639   0.00000   0.00262   0.00000   0.01442   0.00890   0.00000   0.01269   0.00000   0.01496   0.00825   0.02662   0.02088   0.01975   0.00306   0.00325   0.00379   0.00596   0.00252   0.00786   0.01059   0.00055   0.02337   0.01455   0.00000   0.00000   0.02883   4.03161   1.28469   1.11078   0.87948   2.75071   0.00010   0.01781  
 90 948.4736   5078.870119  x:  0.08524   0.04754   0.05937   0.16691   0.06350   0.08330   0.00000   0.00230   0.00000   0.00000   0.01657   0.00195   0.00179   0.00413   0.00972   0.00618   0.00000   0.00260   0.00000   0.01425   0.00889   0.00000   0.01229   0.00000   0.01524   0.00825   0.02615   0.01938   0.02023   0.00307   0.00321   0.00368   0.00599   0.00249   0.00790   0.00868   0.00046   0.02356   0.01620   0.00000   0.00000   0.02872   4.10037   1.27161   1.12328   0.88452   2.78821   0.00010   0.01854  
 91 734.6574   5078.561043  x:  0.08454   0.04769   0.05958   0.16322   0.06465   0.08260   0.00000   0.00246   0.00000   0.00000   0.01533   0.00204   0.00178   0.00415   0.00978   0.00624   0.00000   0.00258   0.00000   0.01464   0.00899   0.00000   0.01411   0.00000   0.01514   0.00824   0.02627   0.02086   0.02032   0.00305   0.00321   0.00361   0.00592   0.00249   0.00786   0.00883   0.00048   0.02356   0.01401   0.00000   0.00000   0.02875   4.11459   1.26927   1.12655   0.88526   2.79561   0.00010   0.01823  
 92 396.9486   5077.650878  x:  0.08018   0.04649   0.05335   0.15477   0.07340   0.07824   0.00000   0.00247   0.00000   0.00000   0.01640   0.00204   0.00178   0.00414   0.00985   0.00613   0.00000   0.00258   0.00000   0.01444   0.00905   0.00000   0.01259   0.00000   0.01564   0.00796   0.02690   0.02208   0.02080   0.00306   0.00320   0.00348   0.00593   0.00248   0.00789   0.00882   0.00043   0.02269   0.01510   0.00000   0.00000   0.02827   4.14648   1.26523   1.14559   0.88519   2.80789   0.00010   0.01849  
 93 244.8531   5077.296588  x:  0.07949   0.04666   0.05163   0.15428   0.07484   0.07755   0.00000   0.00259   0.00000   0.00000   0.01584   0.00207   0.00177   0.00413   0.00973   0.00616   0.00000   0.00257   0.00000   0.01431   0.00902   0.00000   0.01337   0.00000   0.01439   0.00813   0.02598   0.01872   0.01996   0.00303   0.00321   0.00346   0.00586   0.00249   0.00781   0.00887   0.00039   0.02430   0.01485   0.00000   0.00000   0.02860   4.16250   1.26368   1.15497   0.88530   2.81376   0.00010   0.01829  
 94 288.9273   5075.950257  x:  0.08084   0.04763   0.05247   0.16402   0.07154   0.07890   0.00000   0.00267   0.00000   0.00000   0.01533   0.00211   0.00176   0.00419   0.00969   0.00621   0.00000   0.00256   0.00000   0.01480   0.00892   0.00000   0.01221   0.00000   0.01903   0.00843   0.02392   0.01862   0.01880   0.00300   0.00320   0.00348   0.00579   0.00250   0.00776   0.00884   0.00038   0.02406   0.01355   0.00000   0.00000   0.02924   4.21851   1.26196   1.20335   0.88460   2.82663   0.00010   0.01871  
 95 272.6473   5075.123594  x:  0.08181   0.04797   0.05359   0.17037   0.06899   0.07986   0.00000   0.00255   0.00000   0.00000   0.01616   0.00208   0.00177   0.00415   0.00975   0.00608   0.00000   0.00258   0.00000   0.01460   0.00906   0.00000   0.01308   0.00000   0.01498   0.00806   0.02545   0.02066   0.02050   0.00303   0.00321   0.00346   0.00588   0.00248   0.00791   0.00877   0.00037   0.02340   0.01491   0.00000   0.00000   0.02890   4.24930   1.26228   1.23219   0.88436   2.83205   0.00010   0.01918  
 96 932.3704   5075.011791  x:  0.08193   0.04787   0.05376   0.17075   0.06890   0.07999   0.00000   0.00260   0.00000   0.00000   0.01596   0.00209   0.00177   0.00415   0.00976   0.00615   0.00000   0.00258   0.00000   0.01460   0.00906   0.00000   0.01300   0.00000   0.01547   0.00806   0.02832   0.02022   0.02025   0.00304   0.00320   0.00347   0.00586   0.00248   0.00790   0.00877   0.00036   0.02413   0.01471   0.00000   0.00000   0.02852   4.25460   1.26559   1.23545   0.88599   2.83098   0.00010   0.01929  
 97 63.6706   5071.378946  x:  0.08775   0.04724   0.05567   0.17290   0.07311   0.08581   0.00000   0.00253   0.00000   0.00000   0.01666   0.00220   0.00179   0.00426   0.01018   0.00626   0.00000   0.00271   0.00000   0.01511   0.00943   0.00000   0.01358   0.00000   0.01523   0.00838   0.02634   0.02116   0.02069   0.00314   0.00332   0.00342   0.00601   0.00258   0.00821   0.00906   0.00048   0.02391   0.01537   0.00000   0.00000   0.03075   4.56949   1.47395   1.35028   1.00000   2.78094   0.00010   0.01904  
 98 145.9129   5061.828558  x:  0.09099   0.04864   0.05907   0.18224   0.08364   0.08905   0.00000   0.00267   0.00000   0.00000   0.01594   0.00193   0.00190   0.00462   0.00989   0.00707   0.00000   0.00297   0.00000   0.01530   0.00916   0.00000   0.01442   0.00000   0.01546   0.00981   0.02719   0.02168   0.01871   0.00330   0.00350   0.00467   0.00652   0.00298   0.00840   0.00959   0.00050   0.02283   0.01686   0.00000   0.00000   0.03173   5.62885   1.38089   1.28202   0.96073   2.10657   0.00010   0.00664  
 99 24.5527   5046.380585  x:  0.07738   0.05901   0.05796   0.18102   0.07671   0.07541   0.00000   0.00359   0.00000   0.00000   0.01245   0.00081   0.00092   0.00454   0.00819   0.00906   0.00000   0.00322   0.00000   0.01057   0.00534   0.00000   0.01532   0.00000   0.01607   0.01241   0.02712   0.02486   0.01363   0.00272   0.00266   0.00351   0.00661   0.00358   0.00645   0.00938   0.00103   0.02569   0.01984   0.00000   0.00000   0.02783   6.94095   1.28189   1.20021   0.84316   2.69888   0.00010   0.01432  
100  0.8936   5041.151364  x:  0.07664   0.05104   0.06002   0.18641   0.08067   0.07470   0.00000   0.00355   0.00000   0.00000   0.01118   0.00262   0.00165   0.00459   0.00750   0.00740   0.00000   0.00310   0.00000   0.01705   0.00881   0.00000   0.01427   0.00000   0.01557   0.01307   0.02753   0.02254   0.02028   0.00297   0.00258   0.00607   0.00535   0.00343   0.00734   0.00980   0.00115   0.02234   0.01943   0.00000   0.00000   0.02560   7.71690   1.27278   1.17863   0.80981   2.90292   0.00010   0.01845  
101  1.5549   5034.861065  x:  0.08731   0.04299   0.06292   0.19942   0.08946   0.08537   0.00000   0.00256   0.00000   0.00000   0.01773   0.00284   0.00188   0.00459   0.01042   0.00654   0.00000   0.00317   0.00000   0.01468   0.00811   0.00000   0.01407   0.00000   0.01481   0.01026   0.02804   0.02126   0.01721   0.00348   0.00333   0.00455   0.00662   0.00268   0.00819   0.00878   0.00092   0.01919   0.01809   0.00000   0.00000   0.03044   9.35757   1.34419   1.19710   0.86554   3.04864   0.00010   0.02395  
102  1.1812   5031.217852  x:  0.08464   0.05115   0.05941   0.19793   0.08420   0.08270   0.00000   0.00292   0.00000   0.00000   0.01183   0.00255   0.00152   0.00471   0.00800   0.00844   0.00000   0.00316   0.00000   0.01220   0.00674   0.00000   0.01488   0.00000   0.01634   0.01033   0.02684   0.02304   0.01719   0.00300   0.00346   0.00463   0.00663   0.00359   0.00774   0.00977   0.00060   0.02495   0.01952   0.00000   0.00000   0.02877  11.45023   1.32980   1.19013   0.85841   3.05566   0.00010   0.02664  
103  0.9666   5029.988217  x:  0.08252   0.04731   0.05897   0.19617   0.08292   0.08058   0.00000   0.00289   0.00000   0.00000   0.01436   0.00258   0.00121   0.00453   0.00822   0.00764   0.00000   0.00306   0.00000   0.01407   0.00670   0.00000   0.01450   0.00000   0.01520   0.01115   0.02752   0.02234   0.01652   0.00314   0.00284   0.00438   0.00596   0.00319   0.00751   0.00956   0.00067   0.02122   0.01861   0.00000   0.00000   0.02862  12.79099   1.28998   1.17911   0.83833   3.00084   0.00010   0.02629  
104  0.8564   5029.584593  x:  0.08435   0.04780   0.05965   0.19527   0.08418   0.08241   0.00000   0.00276   0.00000   0.00000   0.01343   0.00244   0.00184   0.00459   0.00913   0.00739   0.00000   0.00313   0.00000   0.01372   0.00713   0.00000   0.01433   0.00000   0.01519   0.01091   0.02736   0.02207   0.01739   0.00317   0.00299   0.00488   0.00645   0.00300   0.00767   0.00933   0.00073   0.02108   0.01823   0.00000   0.00000   0.02852  13.75777   1.30349   1.18933   0.85079   2.94177   0.00010   0.02572  
105  0.6457   5029.489777  x:  0.08455   0.04824   0.05984   0.19566   0.08465   0.08260   0.00000   0.00290   0.00000   0.00000   0.01366   0.00232   0.00154   0.00466   0.00854   0.00740   0.00000   0.00310   0.00000   0.01380   0.00742   0.00000   0.01454   0.00000   0.01557   0.01089   0.02732   0.02209   0.01742   0.00309   0.00322   0.00470   0.00621   0.00316   0.00770   0.00942   0.00075   0.02174   0.01838   0.00000   0.00000   0.02878  14.20293   1.30791   1.18730   0.85148   2.90915   0.00010   0.02501  
106  0.3453   5029.468777  x:  0.08446   0.04810   0.05986   0.19607   0.08485   0.08252   0.00000   0.00284   0.00000   0.00000   0.01373   0.00216   0.00150   0.00456   0.00872   0.00747   0.00000   0.00312   0.00000   0.01378   0.00742   0.00000   0.01446   0.00000   0.01537   0.01087   0.02735   0.02221   0.01721   0.00320   0.00303   0.00470   0.00625   0.00314   0.00767   0.00943   0.00077   0.02186   0.01840   0.00000   0.00000   0.02867  14.37271   1.30394   1.18496   0.84775   2.90395   0.00010   0.02447  
107  0.1141   5029.458964  x:  0.08437   0.04795   0.05987   0.19617   0.08464   0.08243   0.00000   0.00285   0.00000   0.00000   0.01384   0.00201   0.00155   0.00462   0.00867   0.00736   0.00000   0.00311   0.00000   0.01385   0.00743   0.00000   0.01444   0.00000   0.01541   0.01091   0.02738   0.02224   0.01728   0.00312   0.00308   0.00470   0.00627   0.00314   0.00766   0.00944   0.00077   0.02170   0.01845   0.00000   0.00000   0.02873  14.39965   1.30415   1.18619   0.84854   2.91216   0.00010   0.02410  
108  0.0158   5029.456947  x:  0.08448   0.04800   0.05990   0.19616   0.08469   0.08254   0.00000   0.00285   0.00000   0.00000   0.01375   0.00197   0.00152   0.00461   0.00870   0.00735   0.00000   0.00311   0.00000   0.01387   0.00749   0.00000   0.01443   0.00000   0.01543   0.01088   0.02736   0.02218   0.01734   0.00315   0.00309   0.00470   0.00625   0.00313   0.00769   0.00942   0.00076   0.02179   0.01842   0.00000   0.00000   0.02872  14.35479   1.30527   1.18622   0.84938   2.91726   0.00010   0.02412  
109  0.0332   5029.456389  x:  0.08445   0.04802   0.05988   0.19610   0.08471   0.08251   0.00000   0.00286   0.00000   0.00000   0.01379   0.00194   0.00154   0.00460   0.00869   0.00735   0.00000   0.00311   0.00000   0.01387   0.00752   0.00000   0.01444   0.00000   0.01542   0.01088   0.02735   0.02217   0.01730   0.00315   0.00309   0.00470   0.00625   0.00314   0.00768   0.00942   0.00075   0.02182   0.01839   0.00000   0.00000   0.02872  14.32299   1.30490   1.18578   0.84893   2.91776   0.00010   0.02422  
110  0.0177   5029.456202  x:  0.08443   0.04798   0.05987   0.19608   0.08471   0.08249   0.00000   0.00286   0.00000   0.00000   0.01378   0.00193   0.00153   0.00461   0.00869   0.00734   0.00000   0.00311   0.00000   0.01388   0.00753   0.00000   0.01444   0.00000   0.01542   0.01089   0.02736   0.02217   0.01731   0.00314   0.00309   0.00470   0.00625   0.00314   0.00768   0.00943   0.00076   0.02178   0.01838   0.00000   0.00000   0.02872  14.32333   1.30483   1.18597   0.84897   2.91671   0.00010   0.02427  
111  0.0008   5029.456191  x:  0.08444   0.04798   0.05987   0.19609   0.08470   0.08249   0.00000   0.00286   0.00000   0.00000   0.01378   0.00193   0.00153   0.00460   0.00869   0.00734   0.00000   0.00311   0.00000   0.01388   0.00752   0.00000   0.01444   0.00000   0.01542   0.01088   0.02736   0.02218   0.01731   0.00315   0.00309   0.00470   0.00625   0.00314   0.00769   0.00943   0.00076   0.02179   0.01839   0.00000   0.00000   0.02872  14.32543   1.30491   1.18602   0.84905   2.91673   0.00010   0.02428  
112  0.0020   5029.456190  x:  0.08444   0.04798   0.05988   0.19610   0.08470   0.08249   0.00000   0.00286   0.00000   0.00000   0.01378   0.00193   0.00153   0.00461   0.00869   0.00734   0.00000   0.00311   0.00000   0.01388   0.00752   0.00000   0.01444   0.00000   0.01542   0.01088   0.02736   0.02218   0.01731   0.00315   0.00309   0.00470   0.00625   0.00314   0.00769   0.00943   0.00076   0.02179   0.01839   0.00000   0.00000   0.02872  14.32588   1.30491   1.18600   0.84905   2.91681   0.00010   0.02429  
113  0.0005   5029.456190  x:  0.08444   0.04798   0.05988   0.19611   0.08470   0.08249   0.00000   0.00286   0.00000   0.00000   0.01378   0.00193   0.00153   0.00461   0.00869   0.00734   0.00000   0.00311   0.00000   0.01388   0.00752   0.00000   0.01444   0.00000   0.01542   0.01088   0.02736   0.02218   0.01731   0.00314   0.00309   0.00470   0.00625   0.00314   0.00769   0.00943   0.00076   0.02179   0.01839   0.00000   0.00000   0.02872  14.32633   1.30491   1.18599   0.84904   2.91697   0.00010   0.02429  