Supplemental results for CODEML (seqf: aln.phy  treef: tree.tre)


MLEs of dN/dS (w) for site classes (K=4)

site class             0        1       2a       2b
proportion       0.75150  0.24850  0.00000  0.00000
background w     0.06188  1.00000  0.06188  1.00000
foreground w     0.06188  1.00000  1.00000  1.00000

Naive Empirical Bayes (NEB) probabilities for 4 classes
(amino acids refer to 1st sequence: KY581700.1)

   1 -   0.75150 0.24850 0.00000 0.00000 ( 1)
   2 -   0.75150 0.24850 0.00000 0.00000 ( 1)
   3 -   0.75150 0.24850 0.00000 0.00000 ( 1)
   4 -   0.75150 0.24850 0.00000 0.00000 ( 1)
   5 -   0.75150 0.24850 0.00000 0.00000 ( 1)
   6 -   0.75150 0.24850 0.00000 0.00000 ( 1)
   7 -   0.75150 0.24850 0.00000 0.00000 ( 1)
   8 -   0.75150 0.24850 0.00000 0.00000 ( 1)
   9 -   0.75150 0.24850 0.00000 0.00000 ( 1)
  10 -   0.75150 0.24850 0.00000 0.00000 ( 1)
  11 -   0.75150 0.24850 0.00000 0.00000 ( 1)
  12 -   0.75150 0.24850 0.00000 0.00000 ( 1)
  13 M   0.98103 0.01897 0.00000 0.00000 ( 1)
  14 E   0.95550 0.04450 0.00000 0.00000 ( 1)
  15 E   0.95515 0.04485 0.00000 0.00000 ( 1)
  16 S   0.47807 0.52193 0.00000 0.00000 ( 2)
  17 L   0.44247 0.55753 0.00000 0.00000 ( 2)
  18 M   0.16017 0.83983 0.00000 0.00000 ( 2)
  19 D   0.97450 0.02550 0.00000 0.00000 ( 1)
  20 V   0.96008 0.03992 0.00000 0.00000 ( 1)
  21 P   0.49893 0.50107 0.00000 0.00000 ( 2)
  22 S   0.95576 0.04424 0.00000 0.00000 ( 1)
  23 T   0.94608 0.05392 0.00000 0.00000 ( 1)
  24 S   0.49287 0.50713 0.00000 0.00000 ( 2)
  25 G   0.45829 0.54171 0.00000 0.00000 ( 2)
  26 T   0.96536 0.03464 0.00000 0.00000 ( 1)
  27 Q   0.46565 0.53435 0.00000 0.00000 ( 2)
  28 V   0.56770 0.43230 0.00000 0.00000 ( 1)
  29 Y   0.57339 0.42661 0.00000 0.00000 ( 1)
  30 S   0.94927 0.05073 0.00000 0.00000 ( 1)
  31 R   0.93861 0.06139 0.00000 0.00000 ( 1)
  32 K   0.38038 0.61962 0.00000 0.00000 ( 2)
  33 A   0.04297 0.95703 0.00000 0.00000 ( 2)
  34 R   0.92240 0.07760 0.00000 0.00000 ( 1)
  35 K   0.57073 0.42927 0.00000 0.00000 ( 1)
  36 R   0.94386 0.05614 0.00000 0.00000 ( 1)
  37 S   0.50788 0.49212 0.00000 0.00000 ( 1)
  38 H   0.97528 0.02472 0.00000 0.00000 ( 1)
  39 S   0.95957 0.04043 0.00000 0.00000 ( 1)
  40 P   0.94668 0.05332 0.00000 0.00000 ( 1)
  41 T   0.59301 0.40699 0.00000 0.00000 ( 1)
  42 K   0.48746 0.51254 0.00000 0.00000 ( 2)
  43 K   0.64682 0.35318 0.00000 0.00000 ( 1)
  44 L   0.93762 0.06238 0.00000 0.00000 ( 1)
  45 R   0.94606 0.05394 0.00000 0.00000 ( 1)
  46 Y   0.95978 0.04022 0.00000 0.00000 ( 1)
  47 V   0.96008 0.03992 0.00000 0.00000 ( 1)
  48 K   0.95550 0.04450 0.00000 0.00000 ( 1)
  49 R   0.96424 0.03576 0.00000 0.00000 ( 1)
  50 R   0.94441 0.05559 0.00000 0.00000 ( 1)
  51 F   0.96772 0.03228 0.00000 0.00000 ( 1)
  52 S   0.95957 0.04043 0.00000 0.00000 ( 1)
  53 L   0.00938 0.99062 0.00000 0.00000 ( 2)
  54 L   0.91877 0.08123 0.00000 0.00000 ( 1)
  55 R   0.94606 0.05394 0.00000 0.00000 ( 1)
  56 P   0.96687 0.03313 0.00000 0.00000 ( 1)
  57 E   0.95515 0.04485 0.00000 0.00000 ( 1)
  58 D   0.96333 0.03667 0.00000 0.00000 ( 1)
  59 L   0.57438 0.42562 0.00000 0.00000 ( 1)
  60 S   0.97484 0.02516 0.00000 0.00000 ( 1)
  61 V   0.39644 0.60356 0.00000 0.00000 ( 2)
  62 I   0.60085 0.39915 0.00000 0.00000 ( 1)
  63 V   0.07508 0.92492 0.00000 0.00000 ( 2)
  64 Q   0.52336 0.47664 0.00000 0.00000 ( 1)
  65 P   0.94766 0.05234 0.00000 0.00000 ( 1)
  66 T   0.95371 0.04629 0.00000 0.00000 ( 1)
  67 H   0.96418 0.03582 0.00000 0.00000 ( 1)
  68 Y   0.96184 0.03816 0.00000 0.00000 ( 1)
  69 V   0.46326 0.53674 0.00000 0.00000 ( 2)
  70 R   0.95638 0.04362 0.00000 0.00000 ( 1)
  71 V   0.96008 0.03992 0.00000 0.00000 ( 1)
  72 T   0.52057 0.47943 0.00000 0.00000 ( 1)
  73 F   0.96772 0.03228 0.00000 0.00000 ( 1)
  74 S   0.03906 0.96094 0.00000 0.00000 ( 2)
  75 D   0.06871 0.93129 0.00000 0.00000 ( 2)
  76 P   0.95663 0.04337 0.00000 0.00000 ( 1)
  77 N   0.96334 0.03666 0.00000 0.00000 ( 1)
  78 M   0.41147 0.58853 0.00000 0.00000 ( 2)
  79 W   0.96678 0.03322 0.00000 0.00000 ( 1)
  80 Y   0.96717 0.03283 0.00000 0.00000 ( 1)
  81 L   0.46476 0.53524 0.00000 0.00000 ( 2)
  82 R   0.86040 0.13960 0.00000 0.00000 ( 1)
  83 S   0.94919 0.05081 0.00000 0.00000 ( 1)
  84 G   0.96320 0.03680 0.00000 0.00000 ( 1)
  85 H   0.97528 0.02472 0.00000 0.00000 ( 1)
  86 H   0.63714 0.36286 0.00000 0.00000 ( 1)
  87 L   0.94394 0.05606 0.00000 0.00000 ( 1)
  88 H   0.54102 0.45898 0.00000 0.00000 ( 1)
  89 S   0.94563 0.05437 0.00000 0.00000 ( 1)
  90 V   0.95631 0.04369 0.00000 0.00000 ( 1)
  91 H   0.96355 0.03645 0.00000 0.00000 ( 1)
  92 N   0.66036 0.33964 0.00000 0.00000 ( 1)
  93 W   0.96678 0.03322 0.00000 0.00000 ( 1)
  94 L   0.87836 0.12164 0.00000 0.00000 ( 1)
  95 K   0.95515 0.04485 0.00000 0.00000 ( 1)
  96 P   0.95735 0.04265 0.00000 0.00000 ( 1)
  97 Y   0.96717 0.03283 0.00000 0.00000 ( 1)
  98 G   0.95287 0.04713 0.00000 0.00000 ( 1)
  99 G   0.95268 0.04732 0.00000 0.00000 ( 1)
 100 Q   0.02636 0.97364 0.00000 0.00000 ( 2)
 101 P   0.96687 0.03313 0.00000 0.00000 ( 1)
 102 V   0.95559 0.04441 0.00000 0.00000 ( 1)
 103 S   0.05417 0.94583 0.00000 0.00000 ( 2)
 104 E   0.95550 0.04450 0.00000 0.00000 ( 1)
 105 Y   0.95978 0.04022 0.00000 0.00000 ( 1)
 106 H   0.97528 0.02472 0.00000 0.00000 ( 1)
 107 I   0.96804 0.03196 0.00000 0.00000 ( 1)
 108 T   0.95708 0.04292 0.00000 0.00000 ( 1)
 109 L   0.91684 0.08316 0.00000 0.00000 ( 1)
 110 A   0.96536 0.03464 0.00000 0.00000 ( 1)
 111 L   0.94183 0.05817 0.00000 0.00000 ( 1)
 112 L   0.91877 0.08123 0.00000 0.00000 ( 1)
 113 N   0.04152 0.95848 0.00000 0.00000 ( 2)
 114 L   0.95244 0.04756 0.00000 0.00000 ( 1)
 115 T   0.55475 0.44525 0.00000 0.00000 ( 1)
 116 D   0.66075 0.33925 0.00000 0.00000 ( 1)
 117 E   0.52493 0.47507 0.00000 0.00000 ( 1)
 118 D   0.63601 0.36399 0.00000 0.00000 ( 1)
 119 L   0.94394 0.05606 0.00000 0.00000 ( 1)
 120 A   0.95707 0.04293 0.00000 0.00000 ( 1)
 121 R   0.34968 0.65032 0.00000 0.00000 ( 2)
 122 D   0.97450 0.02550 0.00000 0.00000 ( 1)
 123 F   0.47341 0.52659 0.00000 0.00000 ( 2)
 124 S   0.94563 0.05437 0.00000 0.00000 ( 1)
 125 P   0.94954 0.05046 0.00000 0.00000 ( 1)
 126 I   0.96804 0.03196 0.00000 0.00000 ( 1)
 127 A   0.94515 0.05485 0.00000 0.00000 ( 1)
 128 L   0.51461 0.48539 0.00000 0.00000 ( 1)
 129 F   0.96545 0.03455 0.00000 0.00000 ( 1)
 130 L   0.87517 0.12483 0.00000 0.00000 ( 1)
 131 R   0.94606 0.05394 0.00000 0.00000 ( 1)
 132 N   0.97450 0.02550 0.00000 0.00000 ( 1)
 133 V   0.94817 0.05183 0.00000 0.00000 ( 1)
 134 R   0.85758 0.14242 0.00000 0.00000 ( 1)
 135 F   0.96772 0.03228 0.00000 0.00000 ( 1)
 136 E   0.95550 0.04450 0.00000 0.00000 ( 1)
 137 L   0.93091 0.06909 0.00000 0.00000 ( 1)
 138 H   0.11116 0.88884 0.00000 0.00000 ( 2)
 139 E   0.64798 0.35202 0.00000 0.00000 ( 1)
 140 F   0.96339 0.03661 0.00000 0.00000 ( 1)
 141 A   0.54375 0.45625 0.00000 0.00000 ( 1)
 142 L   0.92198 0.07802 0.00000 0.00000 ( 1)
 143 L   0.93140 0.06860 0.00000 0.00000 ( 1)
 144 R   0.95335 0.04665 0.00000 0.00000 ( 1)
 145 K   0.95515 0.04485 0.00000 0.00000 ( 1)
 146 T   0.95581 0.04419 0.00000 0.00000 ( 1)
 147 L   0.95957 0.04043 0.00000 0.00000 ( 1)
 148 V   0.62183 0.37817 0.00000 0.00000 ( 1)
 149 L   0.95494 0.04506 0.00000 0.00000 ( 1)
 150 N   0.66036 0.33964 0.00000 0.00000 ( 1)
 151 A   0.94515 0.05485 0.00000 0.00000 ( 1)
 152 S   0.92441 0.07559 0.00000 0.00000 ( 1)
 153 E   0.95550 0.04450 0.00000 0.00000 ( 1)
 154 I   0.96106 0.03894 0.00000 0.00000 ( 1)
 155 Y   0.07775 0.92225 0.00000 0.00000 ( 2)
 156 C   0.97052 0.02948 0.00000 0.00000 ( 1)
 157 A   0.59080 0.40920 0.00000 0.00000 ( 1)
 158 N   0.96229 0.03771 0.00000 0.00000 ( 1)
 159 I   0.53539 0.46461 0.00000 0.00000 ( 1)
 160 H   0.97528 0.02472 0.00000 0.00000 ( 1)
 161 R   0.50585 0.49415 0.00000 0.00000 ( 1)
 162 F   0.96772 0.03228 0.00000 0.00000 ( 1)
 163 K   0.48511 0.51489 0.00000 0.00000 ( 2)
 164 P   0.96687 0.03313 0.00000 0.00000 ( 1)
 165 V   0.49292 0.50708 0.00000 0.00000 ( 2)
 166 Y   0.03998 0.96002 0.00000 0.00000 ( 2)
 167 R   0.94286 0.05714 0.00000 0.00000 ( 1)
 168 V   0.96008 0.03992 0.00000 0.00000 ( 1)
 169 N   0.96229 0.03771 0.00000 0.00000 ( 1)
 170 T   0.62486 0.37514 0.00000 0.00000 ( 1)
 171 A   0.95371 0.04629 0.00000 0.00000 ( 1)
 172 I   0.49273 0.50727 0.00000 0.00000 ( 2)
 173 P   0.96687 0.03313 0.00000 0.00000 ( 1)
 174 T   0.07365 0.92635 0.00000 0.00000 ( 2)
 175 I   0.96804 0.03196 0.00000 0.00000 ( 1)
 176 K   0.95550 0.04450 0.00000 0.00000 ( 1)
 177 D   0.66075 0.33925 0.00000 0.00000 ( 1)
 178 W   0.96678 0.03322 0.00000 0.00000 ( 1)
 179 L   0.87836 0.12164 0.00000 0.00000 ( 1)
 180 L   0.50454 0.49546 0.00000 0.00000 ( 1)
 181 V   0.96008 0.03992 0.00000 0.00000 ( 1)
 182 Q   0.95239 0.04761 0.00000 0.00000 ( 1)
 183 G   0.94640 0.05360 0.00000 0.00000 ( 1)
 184 F   0.96545 0.03455 0.00000 0.00000 ( 1)
 185 S   0.57008 0.42992 0.00000 0.00000 ( 1)
 186 L   0.57438 0.42562 0.00000 0.00000 ( 1)
 187 Y   0.95254 0.04746 0.00000 0.00000 ( 1)
 188 H   0.63715 0.36285 0.00000 0.00000 ( 1)
 189 S   0.96542 0.03457 0.00000 0.00000 ( 1)
 190 G   0.04896 0.95104 0.00000 0.00000 ( 2)
 191 L   0.95266 0.04734 0.00000 0.00000 ( 1)
 192 P   0.96687 0.03313 0.00000 0.00000 ( 1)
 193 L   0.92285 0.07715 0.00000 0.00000 ( 1)
 194 H   0.96580 0.03420 0.00000 0.00000 ( 1)
 195 M   0.98103 0.01897 0.00000 0.00000 ( 1)
 196 S   0.94563 0.05437 0.00000 0.00000 ( 1)
 197 I   0.58863 0.41137 0.00000 0.00000 ( 1)
 198 S   0.95957 0.04043 0.00000 0.00000 ( 1)
 199 K   0.94857 0.05143 0.00000 0.00000 ( 1)
 200 L   0.92810 0.07190 0.00000 0.00000 ( 1)
 201 H   0.97528 0.02472 0.00000 0.00000 ( 1)
 202 A   0.95371 0.04629 0.00000 0.00000 ( 1)
 203 L   0.91482 0.08518 0.00000 0.00000 ( 1)
 204 D   0.97450 0.02550 0.00000 0.00000 ( 1)
 205 D   0.97450 0.02550 0.00000 0.00000 ( 1)
 206 V   0.08772 0.91228 0.00000 0.00000 ( 2)
 207 T   0.96536 0.03464 0.00000 0.00000 ( 1)
 208 R   0.57997 0.42003 0.00000 0.00000 ( 1)
 209 N   0.10453 0.89547 0.00000 0.00000 ( 2)
 210 Y   0.95978 0.04022 0.00000 0.00000 ( 1)
 211 I   0.58863 0.41137 0.00000 0.00000 ( 1)
 212 I   0.10052 0.89948 0.00000 0.00000 ( 2)
 213 T   0.33091 0.66909 0.00000 0.00000 ( 2)
 214 M   0.98103 0.01897 0.00000 0.00000 ( 1)
 215 P   0.54907 0.45093 0.00000 0.00000 ( 1)
 216 C   0.96029 0.03971 0.00000 0.00000 ( 1)
 217 F   0.96545 0.03455 0.00000 0.00000 ( 1)
 218 R   0.06219 0.93781 0.00000 0.00000 ( 2)
 219 T   0.02142 0.97858 0.00000 0.00000 ( 2)
 220 Y   0.96706 0.03294 0.00000 0.00000 ( 1)
 221 P   0.95864 0.04136 0.00000 0.00000 ( 1)
 222 Q   0.02070 0.97930 0.00000 0.00000 ( 2)
 223 Q   0.94523 0.05477 0.00000 0.00000 ( 1)
 224 M   0.98103 0.01897 0.00000 0.00000 ( 1)
 225 F   0.96772 0.03228 0.00000 0.00000 ( 1)
 226 V   0.95559 0.04441 0.00000 0.00000 ( 1)
 227 T   0.31303 0.68697 0.00000 0.00000 ( 2)
 228 P   0.96687 0.03313 0.00000 0.00000 ( 1)
 229 L   0.22833 0.77167 0.00000 0.00000 ( 2)
 230 A   0.95505 0.04495 0.00000 0.00000 ( 1)
 231 V   0.95295 0.04705 0.00000 0.00000 ( 1)
 232 D   0.66075 0.33925 0.00000 0.00000 ( 1)
 233 V   0.39559 0.60441 0.00000 0.00000 ( 2)
 234 V   0.95396 0.04604 0.00000 0.00000 ( 1)
 235 S   0.94753 0.05247 0.00000 0.00000 ( 1)
 236 I   0.96070 0.03930 0.00000 0.00000 ( 1)
 237 R   0.94651 0.05349 0.00000 0.00000 ( 1)
 238 S   0.02550 0.97450 0.00000 0.00000 ( 2)
 239 S   0.95329 0.04671 0.00000 0.00000 ( 1)
 240 N   0.06728 0.93272 0.00000 0.00000 ( 2)
 241 Q   0.00553 0.99447 0.00000 0.00000 ( 2)
 242 G   0.48168 0.51832 0.00000 0.00000 ( 2)
 243 N   0.06097 0.93903 0.00000 0.00000 ( 2)
 244 K   0.27379 0.72621 0.00000 0.00000 ( 2)
 245 Q   0.01695 0.98305 0.00000 0.00000 ( 2)
 246 I   0.96078 0.03922 0.00000 0.00000 ( 1)
 247 V   0.96008 0.03992 0.00000 0.00000 ( 1)
 248 H   0.97528 0.02472 0.00000 0.00000 ( 1)
 249 S   0.95030 0.04970 0.00000 0.00000 ( 1)
 250 Y   0.00496 0.99504 0.00000 0.00000 ( 2)
 251 P   0.94954 0.05046 0.00000 0.00000 ( 1)
 252 I   0.96078 0.03922 0.00000 0.00000 ( 1)
 253 L   0.94394 0.05606 0.00000 0.00000 ( 1)
 254 H   0.97528 0.02472 0.00000 0.00000 ( 1)
 255 H   0.03158 0.96842 0.00000 0.00000 ( 2)
 256 P   0.94723 0.05277 0.00000 0.00000 ( 1)
 257 G   0.92683 0.07317 0.00000 0.00000 ( 1)
 258 F   0.96772 0.03228 0.00000 0.00000 ( 1)


lnL = -1856.649301

