

TREE # 1

  0  0.0000   2278.934651  x:  0.35439   0.00000   0.03874   0.01533   0.03349   0.02316   0.04558   0.03073   0.05718   0.05122   0.02469   0.03346   0.05308   0.06199   0.01934   0.02599   0.06412   0.05272   0.05989   0.06771   0.01251   0.03454   0.01608   0.06165   0.04852   0.02448   0.04073   0.02409   0.04239   0.03425   0.02970   0.05668   0.05214   0.03082   0.05843   0.02742   0.05019   0.06188   0.04925   0.01835   0.03098   0.05210   0.02310   0.03623   0.03190   0.02361   0.05860   0.28794   1.05572   1.73658   1.32412   0.95238   1.18409   0.10048   0.27761  
  1 99.0000   2278.927571  x:  0.35439   0.00000   0.03874   0.01533   0.03349   0.02316   0.04558   0.03073   0.05718   0.05121   0.02469   0.03346   0.05308   0.06199   0.01934   0.02599   0.06412   0.05272   0.05989   0.06771   0.01250   0.03453   0.01607   0.06165   0.04852   0.02448   0.04073   0.02409   0.04239   0.03425   0.02970   0.05668   0.05214   0.03081   0.05843   0.02742   0.05019   0.06188   0.04925   0.01835   0.03098   0.05210   0.02309   0.03623   0.03190   0.02361   0.05860   0.28794   1.05572   1.73658   1.32412   0.95238   1.18409   0.10048   0.27761  
  2 1302.8875   2191.555703  x:  0.36765   0.00000   0.03085   0.02245   0.02463   0.01285   0.03536   0.02048   0.04699   0.04101   0.01443   0.02322   0.04349   0.05193   0.00909   0.01580   0.05393   0.04250   0.05030   0.05766   0.00000   0.02444   0.00595   0.05194   0.03829   0.01421   0.03048   0.01382   0.03214   0.02399   0.01944   0.04646   0.04193   0.02169   0.04929   0.01731   0.04011   0.05172   0.03909   0.00736   0.02186   0.04383   0.01241   0.02599   0.02180   0.01350   0.04853   0.30120   1.05616   1.73844   1.32314   0.95315   1.18369   0.10117   0.26348  
  3 40858.4326   2143.161596  x:  0.37651   0.00000   0.02607   0.02824   0.01908   0.00654   0.02952   0.01462   0.04116   0.03518   0.00857   0.01737   0.03786   0.04621   0.00324   0.00965   0.04816   0.03674   0.04472   0.05195   0.00055   0.01871   0.00022   0.04625   0.03244   0.00835   0.02462   0.00795   0.02629   0.01813   0.01357   0.04062   0.03609   0.01570   0.04380   0.01157   0.03439   0.04593   0.03329   0.00000   0.01586   0.03872   0.00579   0.02014   0.01606   0.00775   0.04280   0.31006   1.05637   1.74017   1.32264   0.95279   1.18328   0.10179   0.25261  
  4 28433.3692   2141.173035  x:  0.37688   0.00000   0.02588   0.02849   0.01886   0.00629   0.02929   0.01440   0.04094   0.03496   0.00835   0.01714   0.03764   0.04599   0.00302   0.00940   0.04794   0.03652   0.04450   0.05174   0.00056   0.01849   0.00000   0.04603   0.03222   0.00813   0.02440   0.00772   0.02607   0.01790   0.01335   0.04039   0.03587   0.01545   0.04359   0.01135   0.03417   0.04570   0.03307   0.00001   0.01562   0.03852   0.00553   0.01992   0.01584   0.00753   0.04258   0.31043   1.05638   1.74025   1.32262   0.95276   1.18326   0.10182   0.25214  
  5 35841.5203   2117.139397  x:  0.38216   0.00000   0.02385   0.03026   0.01682   0.00561   0.02629   0.01137   0.03794   0.03195   0.00532   0.01413   0.03479   0.04310   0.00000   0.00719   0.04492   0.03349   0.04165   0.04884   0.00066   0.01554   0.00000   0.04309   0.02920   0.00510   0.02137   0.00469   0.02304   0.01487   0.01032   0.03738   0.03286   0.01443   0.04076   0.00844   0.03127   0.04271   0.02975   0.00004   0.01427   0.03602   0.00751   0.01692   0.01294   0.00463   0.03969   0.31571   1.05642   1.74168   1.32238   0.95200   1.18283   0.10241   0.24371  
  6 9522.0484   2081.058384  x:  0.39020   0.00000   0.02109   0.03259   0.01481   0.00356   0.02165   0.00670   0.03331   0.02730   0.00066   0.00947   0.03051   0.03865   0.00000   0.00344   0.04023   0.02880   0.03733   0.04440   0.00079   0.01102   0.00000   0.03859   0.02454   0.00043   0.01670   0.00000   0.01838   0.01019   0.00564   0.03273   0.02821   0.01340   0.03652   0.00397   0.02681   0.03810   0.02447   0.00007   0.01258   0.03241   0.01017   0.01230   0.00848   0.00017   0.03523   0.32375   1.05646   1.74395   1.32199   0.95083   1.18211   0.10338   0.23020  
  7 312719.1781   2079.780152  x:  0.39052   0.00000   0.02096   0.03260   0.01473   0.00359   0.02148   0.00654   0.03314   0.02713   0.00049   0.00930   0.03033   0.03849   0.00000   0.00348   0.04006   0.02863   0.03716   0.04424   0.00080   0.01085   0.00000   0.03842   0.02437   0.00026   0.01653   0.00000   0.01821   0.01002   0.00547   0.03256   0.02804   0.01348   0.03635   0.00381   0.02665   0.03793   0.02425   0.00007   0.01252   0.03225   0.01010   0.01213   0.00832   0.00000   0.03507   0.32407   1.05646   1.74404   1.32198   0.95077   1.18208   0.10342   0.22967  
  8 15390.0737   2077.950807  x:  0.39099   0.00000   0.02080   0.03263   0.01464   0.00365   0.02123   0.00628   0.03289   0.02688   0.00024   0.00905   0.03008   0.03825   0.00000   0.00356   0.03981   0.02837   0.03692   0.04400   0.00080   0.01061   0.00000   0.03816   0.02412   0.00000   0.01628   0.00000   0.01796   0.00977   0.00522   0.03231   0.02779   0.01354   0.03609   0.00357   0.02641   0.03768   0.02391   0.00008   0.01243   0.03203   0.00998   0.01188   0.00808   0.00000   0.03483   0.32454   1.05646   1.74419   1.32196   0.95069   1.18203   0.10348   0.22887  
  9 703971.3709   2076.266760  x:  0.39147   0.00000   0.02061   0.03262   0.01458   0.00370   0.02100   0.00605   0.03266   0.02665   0.00000   0.00882   0.02982   0.03803   0.00000   0.00364   0.03957   0.02814   0.03667   0.04377   0.00081   0.01038   0.00000   0.03791   0.02389   0.00000   0.01604   0.00000   0.01772   0.00954   0.00498   0.03207   0.02756   0.01357   0.03583   0.00334   0.02618   0.03745   0.02360   0.00008   0.01239   0.03179   0.00988   0.01164   0.00786   0.00000   0.03460   0.32502   1.05647   1.74433   1.32194   0.95060   1.18199   0.10353   0.22812  
 10 200842.9616   2053.064377  x:  0.39840   0.00000   0.02007   0.03254   0.01404   0.00459   0.01771   0.00274   0.02938   0.02336   0.00000   0.00552   0.02586   0.03469   0.00000   0.00461   0.03631   0.02486   0.03288   0.04044   0.00087   0.00696   0.00000   0.03415   0.02058   0.00000   0.01273   0.00000   0.01441   0.00621   0.00166   0.02877   0.02427   0.01424   0.03213   0.00000   0.02285   0.03420   0.01908   0.00011   0.00906   0.02928   0.00886   0.00835   0.00452   0.00000   0.03126   0.33195   1.05656   1.74643   1.32172   0.94926   1.18141   0.10433   0.21760  
 11 20989.2747   2041.958554  x:  0.40177   0.00000   0.02006   0.03312   0.01289   0.00500   0.01606   0.00109   0.02774   0.02171   0.00000   0.00387   0.02401   0.03298   0.00000   0.00484   0.03469   0.02324   0.03101   0.03874   0.00091   0.00521   0.00000   0.03232   0.01893   0.00000   0.01107   0.00000   0.01275   0.00455   0.00000   0.02711   0.02262   0.01503   0.03051   0.00000   0.02115   0.03258   0.01680   0.00012   0.00884   0.02845   0.00805   0.00670   0.00281   0.00000   0.02955   0.33532   1.05661   1.74747   1.32160   0.94861   1.18113   0.10472   0.21247  
 12 25972.6994   2035.170379  x:  0.40377   0.00000   0.01943   0.03357   0.01244   0.00524   0.01498   0.00000   0.02666   0.02064   0.00000   0.00279   0.02310   0.03186   0.00000   0.00516   0.03363   0.02217   0.02996   0.03763   0.00094   0.00407   0.00000   0.03125   0.01784   0.00000   0.00998   0.00000   0.01167   0.00347   0.00000   0.02603   0.02154   0.01549   0.02972   0.00000   0.02004   0.03152   0.01551   0.00013   0.00861   0.02797   0.00760   0.00562   0.00169   0.00000   0.02843   0.33732   1.05664   1.74809   1.32153   0.94825   1.18097   0.10495   0.20927  
 13 46300.2655   2025.292946  x:  0.40679   0.00000   0.01842   0.03434   0.01180   0.00558   0.01335   0.00000   0.02505   0.01902   0.00000   0.00116   0.02167   0.03017   0.00000   0.00568   0.03203   0.02057   0.02833   0.03595   0.00098   0.00234   0.00000   0.02962   0.01621   0.00000   0.00835   0.00000   0.01003   0.00183   0.00000   0.02440   0.01992   0.01619   0.02852   0.00000   0.01835   0.02992   0.01349   0.00014   0.00825   0.02731   0.00696   0.00400   0.00000   0.00000   0.02674   0.34034   1.05669   1.74904   1.32141   0.94771   1.18072   0.10530   0.20444  
 14 2206680.4547   2018.630055  x:  0.40894   0.00000   0.01766   0.03480   0.01139   0.00608   0.01220   0.00000   0.02390   0.01787   0.00000   0.00000   0.02094   0.02896   0.00000   0.00574   0.03091   0.01945   0.02728   0.03474   0.00100   0.00110   0.00000   0.02856   0.01506   0.00000   0.00719   0.00000   0.00888   0.00067   0.00000   0.02324   0.01877   0.01669   0.02789   0.00000   0.01715   0.02878   0.01205   0.00015   0.00799   0.02682   0.00639   0.00285   0.00000   0.00000   0.02554   0.34249   1.05673   1.74971   1.32133   0.94731   1.18055   0.10554   0.20108  
 15 32059.2791   2015.002322  x:  0.41015   0.00000   0.01727   0.03504   0.01110   0.00623   0.01154   0.00000   0.02325   0.01722   0.00000   0.00000   0.02053   0.02827   0.00000   0.00591   0.03027   0.01881   0.02671   0.03406   0.00102   0.00040   0.00000   0.02798   0.01440   0.00000   0.00653   0.00000   0.00821   0.00000   0.00000   0.02258   0.01811   0.01697   0.02753   0.00000   0.01646   0.02813   0.01126   0.00015   0.00784   0.02653   0.00612   0.00219   0.00000   0.00000   0.02485   0.34371   1.05675   1.75009   1.32129   0.94709   1.18045   0.10567   0.19919  
 16 267890.8658   2013.073519  x:  0.41082   0.00000   0.01708   0.03522   0.01100   0.00635   0.01117   0.00000   0.02288   0.01685   0.00000   0.00000   0.02028   0.02788   0.00000   0.00600   0.02991   0.01845   0.02641   0.03367   0.00103   0.00000   0.00000   0.02767   0.01402   0.00000   0.00615   0.00000   0.00784   0.00000   0.00000   0.02221   0.01774   0.01714   0.02729   0.00000   0.01608   0.02776   0.01088   0.00015   0.00778   0.02637   0.00596   0.00182   0.00000   0.00000   0.02446   0.34437   1.05676   1.75029   1.32127   0.94697   1.18041   0.10573   0.19819  
 17 81012.4837   2004.074553  x:  0.41398   0.00000   0.01592   0.03562   0.01013   0.00682   0.00935   0.00000   0.02107   0.01503   0.00000   0.00000   0.01916   0.02600   0.00000   0.00635   0.02814   0.01667   0.02497   0.03180   0.00107   0.00000   0.00000   0.02619   0.01220   0.00000   0.00432   0.00000   0.00601   0.00000   0.00000   0.02038   0.01592   0.01782   0.02638   0.00000   0.01420   0.02596   0.00892   0.00016   0.00737   0.02599   0.00516   0.00000   0.00000   0.00000   0.02259   0.34753   1.05682   1.75128   1.32114   0.94640   1.18020   0.10606   0.19319  
 18 61486.9047   1984.241870  x:  0.42111   0.00000   0.01393   0.03734   0.00861   0.00795   0.00504   0.00000   0.01678   0.01074   0.00000   0.00000   0.01738   0.02157   0.00000   0.00735   0.02393   0.01245   0.02163   0.02739   0.00117   0.00000   0.00000   0.02277   0.00789   0.00000   0.00000   0.00000   0.00169   0.00000   0.00000   0.01607   0.01164   0.01963   0.02500   0.00000   0.00980   0.02170   0.00427   0.00018   0.00655   0.02334   0.00344   0.00000   0.00000   0.00000   0.01819   0.35467   1.05697   1.75346   1.32083   0.94522   1.17973   0.10676   0.18217  
 19 35310.2004   1976.997434  x:  0.42393   0.00000   0.01313   0.03788   0.00805   0.00839   0.00335   0.00000   0.01510   0.00906   0.00000   0.00000   0.01665   0.01985   0.00000   0.00772   0.02229   0.01081   0.02059   0.02568   0.00120   0.00000   0.00000   0.02165   0.00620   0.00000   0.00000   0.00000   0.00000   0.00000   0.00000   0.01439   0.00996   0.02029   0.02410   0.00000   0.00809   0.02003   0.00269   0.00019   0.00626   0.02282   0.00275   0.00000   0.00000   0.00000   0.01649   0.35748   1.05703   1.75428   1.32072   0.94475   1.17959   0.10699   0.17809  
 20 53216.6205   1964.072508  x:  0.42935   0.00000   0.01193   0.03879   0.00707   0.00913   0.00006   0.00000   0.01180   0.00576   0.00000   0.00000   0.01491   0.01651   0.00000   0.00835   0.01916   0.00764   0.01884   0.02236   0.00127   0.00000   0.00000   0.01990   0.00290   0.00000   0.00000   0.00000   0.00000   0.00000   0.00000   0.01109   0.00669   0.02142   0.02387   0.00000   0.00477   0.01675   0.00000   0.00020   0.00576   0.02157   0.00154   0.00000   0.00000   0.00000   0.01322   0.36291   1.05719   1.75580   1.32051   0.94385   1.17945   0.10729   0.17082  
 21 16838.4492   1963.849295  x:  0.42944   0.00000   0.01191   0.03881   0.00705   0.00914   0.00000   0.00000   0.01174   0.00570   0.00000   0.00000   0.01492   0.01645   0.00000   0.00836   0.01910   0.00758   0.01880   0.02229   0.00128   0.00000   0.00000   0.01986   0.00284   0.00000   0.00000   0.00000   0.00000   0.00000   0.00000   0.01103   0.00663   0.02144   0.02384   0.00000   0.00471   0.01669   0.00000   0.00020   0.00576   0.02155   0.00152   0.00000   0.00000   0.00000   0.01316   0.36300   1.05719   1.75582   1.32051   0.94384   1.17945   0.10729   0.17069  
 22 16751.7469   1953.877733  x:  0.43338   0.00000   0.01094   0.03962   0.00636   0.00968   0.00000   0.00000   0.00890   0.00285   0.00000   0.00000   0.01322   0.01347   0.00000   0.00877   0.01635   0.00479   0.01761   0.01931   0.00133   0.00000   0.00000   0.01835   0.00000   0.00000   0.00000   0.00000   0.00000   0.00000   0.00000   0.00820   0.00382   0.02228   0.02282   0.00000   0.00173   0.01396   0.00000   0.00019   0.00559   0.02060   0.00067   0.00000   0.00000   0.00000   0.01020   0.36693   1.05732   1.75707   1.32027   0.94336   1.17924   0.10766   0.16453  
 23 9407.4807   1948.774811  x:  0.43587   0.00000   0.01054   0.04006   0.00609   0.00989   0.00000   0.00000   0.00725   0.00121   0.00000   0.00000   0.01297   0.01177   0.00000   0.00897   0.01478   0.00319   0.01690   0.01758   0.00137   0.00000   0.00000   0.01788   0.00000   0.00000   0.00000   0.00000   0.00000   0.00000   0.00000   0.00658   0.00220   0.02269   0.02255   0.00000   0.00000   0.01243   0.00000   0.00019   0.00549   0.02035   0.00031   0.00000   0.00000   0.00000   0.00848   0.36942   1.05741   1.75769   1.32016   0.94311   1.17917   0.10780   0.16178  
 24 8026.6198   1945.339577  x:  0.43736   0.00000   0.01025   0.04036   0.00587   0.01002   0.00000   0.00000   0.00605   0.00000   0.00000   0.00000   0.01270   0.01053   0.00000   0.00905   0.01362   0.00201   0.01664   0.01630   0.00139   0.00000   0.00000   0.01736   0.00000   0.00000   0.00000   0.00000   0.00000   0.00000   0.00000   0.00540   0.00103   0.02293   0.02216   0.00000   0.00000   0.01133   0.00000   0.00019   0.00541   0.02004   0.00009   0.00000   0.00000   0.00000   0.00722   0.37092   1.05748   1.75810   1.32007   0.94297   1.17914   0.10789   0.15982  
 25 24868.5950   1943.935038  x:  0.43796   0.00000   0.01016   0.04046   0.00581   0.01007   0.00000   0.00000   0.00551   0.00000   0.00000   0.00000   0.01256   0.00999   0.00000   0.00908   0.01311   0.00148   0.01626   0.01575   0.00140   0.00000   0.00000   0.01719   0.00000   0.00000   0.00000   0.00000   0.00000   0.00000   0.00000   0.00487   0.00050   0.02301   0.02206   0.00000   0.00000   0.01083   0.00000   0.00019   0.00539   0.01996   0.00000   0.00000   0.00000   0.00000   0.00667   0.37152   1.05751   1.75825   1.32004   0.94293   1.17915   0.10791   0.15906  
 26 10539.5583   1942.661618  x:  0.43858   0.00000   0.01006   0.04059   0.00575   0.01011   0.00000   0.00000   0.00500   0.00000   0.00000   0.00000   0.01248   0.00947   0.00000   0.00912   0.01261   0.00097   0.01618   0.01522   0.00141   0.00000   0.00000   0.01705   0.00000   0.00000   0.00000   0.00000   0.00000   0.00000   0.00000   0.00437   0.00000   0.02309   0.02196   0.00000   0.00000   0.01036   0.00000   0.00019   0.00536   0.01988   0.00000   0.00000   0.00000   0.00000   0.00614   0.37214   1.05754   1.75838   1.32000   0.94291   1.17915   0.10792   0.15840  
 27 12467.2432   1940.484000  x:  0.43957   0.00000   0.00992   0.04081   0.00567   0.01013   0.00000   0.00000   0.00411   0.00000   0.00000   0.00000   0.01230   0.00850   0.00000   0.00911   0.01166   0.00000   0.01594   0.01423   0.00143   0.00000   0.00000   0.01677   0.00000   0.00000   0.00000   0.00000   0.00000   0.00000   0.00000   0.00343   0.00000   0.02316   0.02175   0.00000   0.00000   0.00945   0.00000   0.00020   0.00532   0.01973   0.00000   0.00000   0.00000   0.00000   0.00516   0.37313   1.05760   1.75859   1.31992   0.94291   1.17916   0.10795   0.15738  
 28 5954.1698   1933.510068  x:  0.44277   0.00000   0.00942   0.04151   0.00538   0.01020   0.00000   0.00000   0.00083   0.00000   0.00000   0.00000   0.01178   0.00492   0.00000   0.00915   0.00813   0.00000   0.01523   0.01060   0.00148   0.00000   0.00000   0.01587   0.00000   0.00000   0.00000   0.00000   0.00000   0.00000   0.00000   0.00000   0.00000   0.02343   0.02120   0.00000   0.00000   0.00613   0.00000   0.00020   0.00519   0.01925   0.00000   0.00000   0.00000   0.00000   0.00155   0.37633   1.05780   1.75914   1.31966   0.94307   1.17924   0.10798   0.15386  
 29 10513.1246   1932.060370  x:  0.44348   0.00000   0.00934   0.04164   0.00534   0.01022   0.00000   0.00000   0.00000   0.00000   0.00000   0.00000   0.01166   0.00401   0.00000   0.00915   0.00750   0.00000   0.01507   0.00970   0.00149   0.00000   0.00000   0.01579   0.00000   0.00000   0.00000   0.00000   0.00000   0.00000   0.00000   0.00000   0.00000   0.02347   0.02102   0.00000   0.00000   0.00530   0.00000   0.00020   0.00517   0.01915   0.00000   0.00000   0.00000   0.00000   0.00063   0.37704   1.05785   1.75925   1.31959   0.94313   1.17926   0.10799   0.15314  
 30 4578.8686   1931.209584  x:  0.44395   0.00000   0.00930   0.04172   0.00532   0.01022   0.00000   0.00000   0.00000   0.00000   0.00000   0.00000   0.01159   0.00339   0.00000   0.00915   0.00710   0.00000   0.01499   0.00909   0.00149   0.00000   0.00000   0.01555   0.00000   0.00000   0.00000   0.00000   0.00000   0.00000   0.00000   0.00000   0.00000   0.02349   0.02098   0.00000   0.00000   0.00473   0.00000   0.00020   0.00515   0.01912   0.00000   0.00000   0.00000   0.00000   0.00000   0.37750   1.05788   1.75932   1.31954   0.94317   1.17927   0.10799   0.15271  
 31 15663.4530   1927.703010  x:  0.44572   0.00000   0.00897   0.04212   0.00512   0.01027   0.00000   0.00000   0.00000   0.00000   0.00000   0.00000   0.01128   0.00000   0.00000   0.00915   0.00485   0.00000   0.01447   0.00574   0.00152   0.00000   0.00000   0.01564   0.00000   0.00000   0.00000   0.00000   0.00000   0.00000   0.00000   0.00000   0.00000   0.02365   0.02057   0.00000   0.00000   0.00172   0.00000   0.00020   0.00506   0.01872   0.00000   0.00000   0.00000   0.00000   0.00000   0.37928   1.05801   1.75955   1.31928   0.94351   1.17932   0.10804   0.15050  
 32 3590.6977   1926.142810  x:  0.44666   0.00000   0.00897   0.04218   0.00509   0.01026   0.00000   0.00000   0.00000   0.00000   0.00000   0.00000   0.01112   0.00000   0.00000   0.00914   0.00347   0.00000   0.01434   0.00385   0.00154   0.00000   0.00000   0.01548   0.00000   0.00000   0.00000   0.00000   0.00000   0.00000   0.00000   0.00000   0.00000   0.02363   0.02033   0.00000   0.00000   0.00000   0.00000   0.00020   0.00504   0.01863   0.00000   0.00000   0.00000   0.00000   0.00000   0.38021   1.05809   1.75961   1.31912   0.94379   1.17933   0.10806   0.14987  
 33 1332.6520   1924.010933  x:  0.44777   0.00000   0.00879   0.04236   0.00501   0.01028   0.00000   0.00000   0.00000   0.00000   0.00000   0.00000   0.01095   0.00000   0.00000   0.00912   0.00052   0.00000   0.01408   0.00000   0.00156   0.00000   0.00000   0.01517   0.00000   0.00000   0.00000   0.00000   0.00000   0.00000   0.00000   0.00000   0.00000   0.02366   0.02013   0.00000   0.00000   0.00000   0.00000   0.00020   0.00500   0.01848   0.00000   0.00000   0.00000   0.00000   0.00000   0.38133   1.05825   1.75954   1.31882   0.94436   1.17947   0.10797   0.14868  
 34 2043.4775   1923.823340  x:  0.44788   0.00000   0.00880   0.04235   0.00500   0.01027   0.00000   0.00000   0.00000   0.00000   0.00000   0.00000   0.01093   0.00000   0.00000   0.00911   0.00000   0.00000   0.01406   0.00000   0.00157   0.00000   0.00000   0.01516   0.00000   0.00000   0.00000   0.00000   0.00000   0.00000   0.00000   0.00000   0.00000   0.02365   0.02011   0.00000   0.00000   0.00000   0.00000   0.00020   0.00500   0.01846   0.00000   0.00000   0.00000   0.00000   0.00000   0.38144   1.05827   1.75949   1.31877   0.94448   1.17950   0.10795   0.14860  
 35 532.8411   1912.997372  x:  0.44729   0.00000   0.00621   0.03907   0.00655   0.00929   0.00000   0.00000   0.00000   0.00000   0.00000   0.00000   0.00907   0.00000   0.00000   0.00681   0.00000   0.00000   0.01285   0.00000   0.00128   0.00000   0.00000   0.01271   0.00000   0.00000   0.00000   0.00000   0.00000   0.00000   0.00000   0.00000   0.00000   0.01945   0.01564   0.00000   0.00000   0.00000   0.00000   0.00024   0.00464   0.02218   0.00000   0.00000   0.00000   0.00000   0.00000   0.38084   1.06601   1.72803   1.29808   1.00000   1.19127   0.09566   0.13885  
 36 100.6065   1904.409018  x:  0.44317   0.00000   0.01009   0.02275   0.00203   0.00377   0.00000   0.00000   0.00000   0.00000   0.00000   0.00000   0.01187   0.00000   0.00000   0.00471   0.00000   0.00000   0.00850   0.00000   0.00045   0.00000   0.00000   0.00222   0.00000   0.00000   0.00000   0.00000   0.00000   0.00000   0.00000   0.00000   0.00000   0.00938   0.01790   0.00000   0.00000   0.00000   0.00000   0.00017   0.00526   0.01138   0.00000   0.00000   0.00000   0.00000   0.00000   0.37670   1.09149   1.66785   1.25049   1.00000   1.22462   0.06100   0.09859  
 37 51.0486   1899.527472  x:  0.46424   0.00000   0.01366   0.01912   0.00287   0.00105   0.00000   0.00000   0.00000   0.00000   0.00000   0.00000   0.01234   0.00000   0.00000   0.00747   0.00000   0.00000   0.01052   0.00000   0.00067   0.00000   0.00000   0.00934   0.00000   0.00000   0.00000   0.00000   0.00000   0.00000   0.00000   0.00000   0.00000   0.00663   0.02121   0.00000   0.00000   0.00000   0.00000   0.00013   0.00659   0.00709   0.00000   0.00000   0.00000   0.00000   0.00000   0.39774   1.11977   1.62066   1.20236   1.00000   1.25774   0.02779   0.06344  
 38 51.0090   1897.464280  x:  0.47515   0.00000   0.01618   0.01726   0.00278   0.00487   0.00000   0.00000   0.00000   0.00000   0.00000   0.00000   0.01195   0.00000   0.00000   0.00727   0.00000   0.00000   0.01264   0.00000   0.00103   0.00000   0.00000   0.00967   0.00000   0.00000   0.00000   0.00000   0.00000   0.00000   0.00000   0.00000   0.00000   0.00811   0.01984   0.00000   0.00000   0.00000   0.00000   0.00013   0.00683   0.00452   0.00000   0.00000   0.00000   0.00000   0.00000   0.40864   1.13692   1.59583   1.17131   1.00000   1.27406   0.01228   0.04598  
 39 65.1891   1894.079966  x:  0.48728   0.00000   0.01940   0.01553   0.00053   0.00500   0.00000   0.00000   0.00000   0.00000   0.00000   0.00000   0.00973   0.00000   0.00000   0.00802   0.00000   0.00000   0.01162   0.00000   0.00157   0.00000   0.00000   0.00937   0.00000   0.00000   0.00000   0.00000   0.00000   0.00000   0.00000   0.00000   0.00000   0.00901   0.01750   0.00000   0.00000   0.00000   0.00000   0.00016   0.00675   0.00904   0.00000   0.00000   0.00000   0.00000   0.00000   0.42077   1.15619   1.58223   1.13406   1.00000   1.28144   0.00706   0.04336  
 40 45.1161   1893.294831  x:  0.49043   0.00283   0.02022   0.01509   0.00000   0.00502   0.00000   0.00000   0.00000   0.00000   0.00000   0.00000   0.00916   0.00000   0.00000   0.00821   0.00000   0.00000   0.01132   0.00000   0.00171   0.00000   0.00000   0.00926   0.00000   0.00000   0.00000   0.00000   0.00000   0.00000   0.00000   0.00000   0.00000   0.00924   0.01688   0.00000   0.00000   0.00000   0.00000   0.00017   0.00674   0.01014   0.00000   0.00000   0.00000   0.00000   0.00000   0.42391   1.16119   1.57884   1.12444   1.00000   1.28324   0.00582   0.04285  
 41 1445.3114   1888.087595  x:  0.50197   0.00000   0.02251   0.01336   0.00087   0.00475   0.00000   0.00000   0.00000   0.00000   0.00000   0.00000   0.00741   0.00000   0.00000   0.00835   0.00000   0.00000   0.00715   0.00000   0.00224   0.00000   0.00000   0.00758   0.00000   0.00000   0.00000   0.00000   0.00000   0.00000   0.00000   0.00000   0.00000   0.00923   0.01363   0.00000   0.00000   0.00000   0.00000   0.00020   0.00729   0.00819   0.00000   0.00000   0.00000   0.00000   0.00000   0.43545   1.18014   1.56713   1.08608   1.00000   1.27798   0.01455   0.05738  
 42 63.5307   1888.087595  x:  0.50197   0.00000   0.02251   0.01336   0.00087   0.00475   0.00000   0.00000   0.00000   0.00000   0.00000   0.00000   0.00741   0.00000   0.00000   0.00835   0.00000   0.00000   0.00715   0.00000   0.00224   0.00000   0.00000   0.00758   0.00000   0.00000   0.00000   0.00000   0.00000   0.00000   0.00000   0.00000   0.00000   0.00923   0.01363   0.00000   0.00000   0.00000   0.00000   0.00020   0.00729   0.00819   0.00000   0.00000   0.00000   0.00000   0.00000   0.43545   1.18014   1.56713   1.08608   1.00000   1.27798   0.01455   0.05738  
 43 26.2225   1885.530242  x:  0.50205   0.00013   0.02232   0.01341   0.00183   0.00469   0.00000   0.00000   0.00000   0.00000   0.00000   0.00000   0.00727   0.00000   0.00000   0.00819   0.00000   0.00000   0.00702   0.00000   0.00244   0.00000   0.00000   0.00743   0.00000   0.00000   0.00000   0.00000   0.00000   0.00000   0.00000   0.00000   0.00000   0.00917   0.01350   0.00000   0.00000   0.00000   0.00000   0.00547   0.00730   0.00832   0.00000   0.00000   0.00000   0.00000   0.00000   0.43553   1.18015   1.56711   1.08607   1.00000   1.27798   0.01456   0.05743  
 44 4769.0614   1885.199240  x:  0.50215   0.00000   0.02208   0.01348   0.00223   0.00461   0.00000   0.00000   0.00000   0.00000   0.00000   0.00000   0.00710   0.00000   0.00000   0.00798   0.00000   0.00000   0.00685   0.00000   0.00266   0.00000   0.00000   0.00723   0.00000   0.00000   0.00000   0.00000   0.00000   0.00000   0.00000   0.00000   0.00000   0.00911   0.01333   0.00000   0.00000   0.00000   0.00000   0.00542   0.00732   0.00848   0.00000   0.00000   0.00000   0.00000   0.00000   0.43563   1.18016   1.56708   1.08606   1.00000   1.27797   0.01456   0.05750  
 45 492.7774   1882.936011  x:  0.50441   0.00000   0.01679   0.01470   0.00091   0.00335   0.00000   0.00000   0.00000   0.00000   0.00000   0.00000   0.00364   0.00000   0.00000   0.00370   0.00000   0.00000   0.00357   0.00000   0.00334   0.00000   0.00000   0.00341   0.00000   0.00000   0.00000   0.00000   0.00000   0.00000   0.00000   0.00000   0.00000   0.00779   0.00976   0.00000   0.00000   0.00000   0.00000   0.00562   0.00756   0.01112   0.00000   0.00000   0.00000   0.00000   0.00000   0.43789   1.18032   1.56634   1.08585   1.00000   1.27787   0.01469   0.05899  
 46 673.2755   1882.454222  x:  0.50543   0.00000   0.01462   0.01500   0.00140   0.00353   0.00000   0.00000   0.00000   0.00000   0.00000   0.00000   0.00319   0.00000   0.00000   0.00295   0.00000   0.00000   0.00321   0.00000   0.00167   0.00000   0.00000   0.00296   0.00000   0.00000   0.00000   0.00000   0.00000   0.00000   0.00000   0.00000   0.00000   0.00753   0.00862   0.00000   0.00000   0.00000   0.00000   0.00558   0.00758   0.01141   0.00000   0.00000   0.00000   0.00000   0.00000   0.43891   1.18039   1.56601   1.08575   1.00000   1.27782   0.01475   0.05958  
 47 484.0675   1881.364070  x:  0.50930   0.00000   0.00706   0.01575   0.00129   0.00472   0.00000   0.00000   0.00000   0.00000   0.00000   0.00000   0.00390   0.00000   0.00000   0.00338   0.00000   0.00000   0.00408   0.00000   0.00192   0.00000   0.00000   0.00405   0.00000   0.00000   0.00000   0.00000   0.00000   0.00000   0.00000   0.00000   0.00000   0.00715   0.00550   0.00000   0.00000   0.00000   0.00000   0.00561   0.00753   0.01143   0.00000   0.00000   0.00000   0.00000   0.00000   0.44278   1.18067   1.56470   1.08537   1.00000   1.27768   0.01495   0.06165  
 48 419.5594   1880.857679  x:  0.51387   0.00000   0.00425   0.01586   0.00133   0.00371   0.00000   0.00000   0.00000   0.00000   0.00000   0.00000   0.00389   0.00000   0.00000   0.00408   0.00000   0.00000   0.00379   0.00000   0.00185   0.00000   0.00000   0.00339   0.00000   0.00000   0.00000   0.00000   0.00000   0.00000   0.00000   0.00000   0.00000   0.00767   0.00778   0.00000   0.00000   0.00000   0.00000   0.00561   0.00749   0.01068   0.00000   0.00000   0.00000   0.00000   0.00000   0.44736   1.18100   1.56312   1.08493   1.00000   1.27753   0.01516   0.06381  
 49 201.5995   1875.406715  x:  0.57007   0.00000   0.00571   0.01752   0.00132   0.00484   0.00000   0.00000   0.00000   0.00000   0.00000   0.00000   0.00348   0.00000   0.00000   0.00070   0.00000   0.00000   0.00410   0.00000   0.00244   0.00000   0.00000   0.00555   0.00000   0.00000   0.00000   0.00000   0.00000   0.00000   0.00000   0.00000   0.00000   0.00947   0.00980   0.00000   0.00000   0.00000   0.00000   0.00565   0.00752   0.00627   0.00000   0.00000   0.00000   0.00000   0.00000   0.50355   1.18514   1.54367   1.07940   1.00000   1.27571   0.01775   0.08972  
 50 407.2711   1871.206825  x:  0.64211   0.00000   0.00893   0.01985   0.00136   0.00568   0.00000   0.00000   0.00000   0.00000   0.00000   0.00000   0.00141   0.00000   0.00000   0.00487   0.00000   0.00000   0.00277   0.00000   0.00233   0.00000   0.00000   0.00582   0.00000   0.00000   0.00000   0.00000   0.00000   0.00000   0.00000   0.00000   0.00000   0.01062   0.00966   0.00000   0.00000   0.00000   0.00000   0.00570   0.00781   0.00411   0.00000   0.00000   0.00000   0.00000   0.00000   0.57559   1.19045   1.51872   1.07230   1.00000   1.27340   0.02106   0.12266  
 51 11514.6670   1868.945629  x:  0.68465   0.00000   0.01089   0.02042   0.00128   0.00479   0.00000   0.00000   0.00000   0.00000   0.00000   0.00000   0.00680   0.00000   0.00000   0.00578   0.00000   0.00000   0.00342   0.00000   0.00170   0.00000   0.00000   0.00445   0.00000   0.00000   0.00000   0.00000   0.00000   0.00000   0.00000   0.00000   0.00000   0.01080   0.01046   0.00000   0.00000   0.00000   0.00000   0.00573   0.00811   0.00917   0.00000   0.00000   0.00000   0.00000   0.00000   0.61813   1.19365   1.50390   1.06808   1.00000   1.27210   0.02295   0.14101  
 52 4481.2240   1868.353362  x:  0.69437   0.00000   0.01081   0.01706   0.00125   0.00407   0.00000   0.00000   0.00000   0.00000   0.00000   0.00000   0.00430   0.00000   0.00000   0.00563   0.00000   0.00000   0.00777   0.00000   0.00153   0.00000   0.00000   0.00441   0.00000   0.00000   0.00000   0.00000   0.00000   0.00000   0.00000   0.00000   0.00000   0.00905   0.01118   0.00000   0.00000   0.00000   0.00000   0.00574   0.00824   0.01140   0.00000   0.00000   0.00000   0.00000   0.00000   0.62786   1.19464   1.50018   1.06698   1.00000   1.27209   0.02314   0.14015  
 53 292.4243   1867.265369  x:  0.70998   0.00000   0.01020   0.00963   0.00125   0.00609   0.00000   0.00000   0.00000   0.00000   0.00000   0.00000   0.00434   0.00000   0.00000   0.00553   0.00000   0.00000   0.00561   0.00000   0.00174   0.00000   0.00000   0.00455   0.00000   0.00000   0.00000   0.00000   0.00000   0.00000   0.00000   0.00000   0.00000   0.00673   0.01151   0.00000   0.00000   0.00000   0.00000   0.00572   0.00821   0.01176   0.00000   0.00000   0.00000   0.00000   0.00000   0.64346   1.19666   1.49365   1.06495   1.00000   1.27253   0.02304   0.13029  
 54 266.4772   1862.993962  x:  0.76845   0.00000   0.00962   0.00904   0.00128   0.00149   0.00000   0.00000   0.00000   0.00000   0.00000   0.00000   0.00421   0.00000   0.00000   0.00524   0.00000   0.00000   0.00427   0.00000   0.00143   0.00000   0.00000   0.00612   0.00000   0.00000   0.00000   0.00000   0.00000   0.00000   0.00000   0.00000   0.00000   0.00964   0.00841   0.00000   0.00000   0.00000   0.00000   0.00564   0.00812   0.01145   0.00000   0.00000   0.00000   0.00000   0.00000   0.70194   1.20501   1.46831   1.05676   1.00000   1.27492   0.02205   0.07929  
 55 543.1109   1861.907374  x:  0.78909   0.00000   0.00934   0.01078   0.00122   0.00396   0.00000   0.00000   0.00000   0.00000   0.00000   0.00000   0.00375   0.00000   0.00000   0.00515   0.00000   0.00000   0.00460   0.00000   0.00161   0.00000   0.00000   0.00477   0.00000   0.00000   0.00000   0.00000   0.00000   0.00000   0.00000   0.00000   0.00000   0.01029   0.00894   0.00000   0.00000   0.00000   0.00000   0.00562   0.00810   0.01198   0.00000   0.00000   0.00000   0.00000   0.00000   0.72257   1.20800   1.45937   1.05378   1.00000   1.27579   0.02169   0.06090  
 56 3045.5278   1861.785215  x:  0.79108   0.00000   0.00944   0.01158   0.00123   0.00365   0.00000   0.00000   0.00000   0.00000   0.00000   0.00000   0.00432   0.00000   0.00000   0.00518   0.00000   0.00000   0.00485   0.00000   0.00163   0.00000   0.00000   0.00419   0.00000   0.00000   0.00000   0.00000   0.00000   0.00000   0.00000   0.00000   0.00000   0.00795   0.00896   0.00000   0.00000   0.00000   0.00000   0.00561   0.00791   0.01101   0.00000   0.00000   0.00000   0.00000   0.00000   0.72456   1.20846   1.45850   1.05321   1.00000   1.27590   0.02167   0.05909  
 57 126.9355   1861.664797  x:  0.79106   0.00168   0.00944   0.01160   0.00123   0.00365   0.00000   0.00000   0.00000   0.00000   0.00000   0.00000   0.00428   0.00000   0.00000   0.00517   0.00000   0.00000   0.00480   0.00000   0.00162   0.00000   0.00000   0.00429   0.00000   0.00000   0.00000   0.00000   0.00000   0.00000   0.00000   0.00000   0.00000   0.00793   0.00900   0.00000   0.00000   0.00000   0.00000   0.00561   0.00792   0.01107   0.00000   0.00000   0.00000   0.00000   0.00000   0.72455   1.20851   1.45851   1.05314   1.00000   1.27591   0.02167   0.05910  
 58 173.6854   1861.659866  x:  0.79113   0.00167   0.00942   0.01175   0.00122   0.00365   0.00000   0.00000   0.00000   0.00000   0.00000   0.00000   0.00420   0.00000   0.00000   0.00517   0.00000   0.00000   0.00466   0.00000   0.00160   0.00000   0.00000   0.00460   0.00000   0.00000   0.00000   0.00000   0.00000   0.00000   0.00000   0.00000   0.00000   0.00771   0.00915   0.00000   0.00000   0.00000   0.00000   0.00561   0.00792   0.01124   0.00000   0.00000   0.00000   0.00000   0.00000   0.72461   1.20875   1.45848   1.05274   1.00000   1.27595   0.02168   0.05903  
 59 15.2935   1861.317463  x:  0.79233   0.00172   0.00939   0.01162   0.00122   0.00361   0.00000   0.00000   0.00000   0.00000   0.00000   0.00000   0.00420   0.00000   0.00000   0.00516   0.00000   0.00000   0.00469   0.00000   0.00162   0.00000   0.00000   0.00447   0.00000   0.00000   0.00000   0.00000   0.00000   0.00000   0.00000   0.00000   0.00000   0.00785   0.00902   0.00000   0.00000   0.00000   0.00000   0.00494   0.00792   0.01120   0.00000   0.00000   0.00000   0.00000   0.00000   0.72582   1.24190   1.45845   0.99859   1.00000   1.28142   0.02300   0.05814  
 60 18.1197   1860.927842  x:  0.78417   0.00170   0.00934   0.01209   0.00122   0.00376   0.00000   0.00000   0.00000   0.00000   0.00000   0.00000   0.00412   0.00000   0.00000   0.00515   0.00000   0.00000   0.00465   0.00000   0.00170   0.00000   0.00000   0.00432   0.00000   0.00000   0.00000   0.00000   0.00000   0.00000   0.00000   0.00000   0.00000   0.00772   0.00899   0.00000   0.00000   0.00000   0.00000   0.00339   0.00663   0.01131   0.00000   0.00000   0.00000   0.00000   0.00000   0.71765   1.33862   1.40826   0.98918   1.00000   1.30027   0.02562   0.06353  
 61  8.0664   1860.895364  x:  0.78344   0.00170   0.00933   0.01215   0.00122   0.00377   0.00000   0.00000   0.00000   0.00000   0.00000   0.00000   0.00416   0.00000   0.00000   0.00514   0.00000   0.00000   0.00466   0.00000   0.00171   0.00000   0.00000   0.00430   0.00000   0.00000   0.00000   0.00000   0.00000   0.00000   0.00000   0.00000   0.00000   0.00765   0.00899   0.00000   0.00000   0.00000   0.00000   0.00325   0.00791   0.01124   0.00000   0.00000   0.00000   0.00000   0.00000   0.71693   1.34746   1.40380   0.98837   1.00000   1.30199   0.02588   0.06401  
 62 353.2250   1860.401470  x:  0.79519   0.00170   0.00940   0.01266   0.00130   0.00383   0.00000   0.00000   0.00000   0.00000   0.00000   0.00000   0.00416   0.00000   0.00000   0.00520   0.00000   0.00000   0.00468   0.00000   0.00192   0.00000   0.00000   0.00428   0.00000   0.00000   0.00000   0.00000   0.00000   0.00000   0.00000   0.00000   0.00000   0.00767   0.00905   0.00000   0.00000   0.00000   0.00000   0.00460   0.00813   0.01146   0.00000   0.00000   0.00000   0.00000   0.00000   0.72868   1.54633   1.44972   1.01075   1.00000   1.34013   0.04564   0.06649  
 63  7.2384   1859.479039  x:  0.81905   0.00088   0.00928   0.01398   0.00169   0.00357   0.00000   0.00000   0.00000   0.00000   0.00000   0.00000   0.00376   0.00000   0.00000   0.00531   0.00000   0.00000   0.00427   0.00000   0.00306   0.00000   0.00000   0.00423   0.00000   0.00000   0.00000   0.00000   0.00000   0.00000   0.00000   0.00000   0.00000   0.00790   0.00840   0.00000   0.00000   0.00000   0.00000   0.00362   0.00826   0.01301   0.00000   0.00000   0.00000   0.00000   0.00000   0.75254   1.60289   1.46819   1.02499   1.00000   1.28741   0.44532   0.04794  
 64  1.5350   1859.283857  x:  0.82145   0.00059   0.00912   0.01461   0.00184   0.00357   0.00000   0.00000   0.00000   0.00000   0.00000   0.00000   0.00362   0.00000   0.00000   0.00528   0.00000   0.00000   0.00411   0.00000   0.00341   0.00000   0.00000   0.00413   0.00000   0.00000   0.00000   0.00000   0.00000   0.00000   0.00000   0.00000   0.00000   0.00786   0.00818   0.00000   0.00000   0.00000   0.00000   0.00586   0.00846   0.01332   0.00000   0.00000   0.00000   0.00000   0.00000   0.75494   1.58974   1.43492   1.00799   1.00000   1.34094   0.49959   0.05035  
 65  2.6987   1858.321195  x:  0.85352   0.00000   0.00856   0.01649   0.00222   0.00354   0.00000   0.00000   0.00000   0.00000   0.00000   0.00000   0.00322   0.00000   0.00000   0.00515   0.00000   0.00000   0.00362   0.00000   0.00445   0.00000   0.00000   0.00390   0.00000   0.00000   0.00000   0.00000   0.00000   0.00000   0.00000   0.00000   0.00000   0.00791   0.00741   0.00000   0.00000   0.00000   0.00000   0.00515   0.00848   0.01423   0.00000   0.00000   0.00000   0.00000   0.00000   0.78701   1.49715   1.44346   1.00345   1.00000   1.64480   0.58165   0.06205  
 66  5.2977   1858.321195  x:  0.85352   0.00000   0.00856   0.01649   0.00222   0.00354   0.00000   0.00000   0.00000   0.00000   0.00000   0.00000   0.00322   0.00000   0.00000   0.00515   0.00000   0.00000   0.00362   0.00000   0.00445   0.00000   0.00000   0.00390   0.00000   0.00000   0.00000   0.00000   0.00000   0.00000   0.00000   0.00000   0.00000   0.00791   0.00741   0.00000   0.00000   0.00000   0.00000   0.00515   0.00848   0.01423   0.00000   0.00000   0.00000   0.00000   0.00000   0.78701   1.49715   1.44346   1.00345   1.00000   1.64480   0.58165   0.06205  
 67  0.9922   1858.068394  x:  0.85360   0.00004   0.00847   0.01650   0.00454   0.00399   0.00000   0.00000   0.00000   0.00000   0.00000   0.00000   0.00400   0.00000   0.00000   0.00459   0.00000   0.00000   0.00400   0.00000   0.00424   0.00000   0.00000   0.00405   0.00000   0.00000   0.00000   0.00000   0.00000   0.00000   0.00000   0.00000   0.00000   0.00803   0.00773   0.00000   0.00000   0.00000   0.00000   0.00460   0.00840   0.01388   0.00000   0.00000   0.00000   0.00000   0.00000   0.78708   1.49715   1.44345   1.00345   1.00000   1.64480   0.58165   0.06211  
 68 234.8239   1858.063620  x:  0.85360   0.00000   0.00847   0.01650   0.00455   0.00400   0.00000   0.00000   0.00000   0.00000   0.00000   0.00000   0.00400   0.00000   0.00000   0.00458   0.00000   0.00000   0.00401   0.00000   0.00423   0.00000   0.00000   0.00406   0.00000   0.00000   0.00000   0.00000   0.00000   0.00000   0.00000   0.00000   0.00000   0.00803   0.00773   0.00000   0.00000   0.00000   0.00000   0.00459   0.00840   0.01387   0.00000   0.00000   0.00000   0.00000   0.00000   0.78709   1.49715   1.44345   1.00345   1.00000   1.64480   0.58165   0.06211  
 69 150.7108   1858.050685  x:  0.85381   0.00000   0.00836   0.01652   0.00468   0.00382   0.00000   0.00000   0.00000   0.00000   0.00000   0.00000   0.00366   0.00000   0.00000   0.00443   0.00000   0.00000   0.00386   0.00000   0.00425   0.00000   0.00000   0.00401   0.00000   0.00000   0.00000   0.00000   0.00000   0.00000   0.00000   0.00000   0.00000   0.00814   0.00799   0.00000   0.00000   0.00000   0.00000   0.00444   0.00832   0.01319   0.00000   0.00000   0.00000   0.00000   0.00000   0.78730   1.49716   1.44342   1.00346   1.00000   1.64481   0.58166   0.06228  
 70 29.9531   1858.042416  x:  0.85410   0.00000   0.00833   0.01653   0.00432   0.00381   0.00000   0.00000   0.00000   0.00000   0.00000   0.00000   0.00372   0.00000   0.00000   0.00465   0.00000   0.00000   0.00384   0.00000   0.00432   0.00000   0.00000   0.00399   0.00000   0.00000   0.00000   0.00000   0.00000   0.00000   0.00000   0.00000   0.00000   0.00816   0.00799   0.00000   0.00000   0.00000   0.00000   0.00465   0.00829   0.01267   0.00000   0.00000   0.00000   0.00000   0.00000   0.78759   1.49717   1.44339   1.00348   1.00000   1.64483   0.58167   0.06248  
 71 25.8606   1858.035130  x:  0.85497   0.00000   0.00839   0.01655   0.00461   0.00394   0.00000   0.00000   0.00000   0.00000   0.00000   0.00000   0.00377   0.00000   0.00000   0.00468   0.00000   0.00000   0.00398   0.00000   0.00425   0.00000   0.00000   0.00406   0.00000   0.00000   0.00000   0.00000   0.00000   0.00000   0.00000   0.00000   0.00000   0.00807   0.00775   0.00000   0.00000   0.00000   0.00000   0.00469   0.00836   0.01220   0.00000   0.00000   0.00000   0.00000   0.00000   0.78846   1.49719   1.44327   1.00354   1.00000   1.64490   0.58171   0.06300  
 72 16.5970   1858.000831  x:  0.85977   0.00000   0.00872   0.01659   0.00439   0.00364   0.00000   0.00000   0.00000   0.00000   0.00000   0.00000   0.00385   0.00000   0.00000   0.00444   0.00000   0.00000   0.00368   0.00000   0.00429   0.00000   0.00000   0.00394   0.00000   0.00000   0.00000   0.00000   0.00000   0.00000   0.00000   0.00000   0.00000   0.00781   0.00721   0.00000   0.00000   0.00000   0.00000   0.00445   0.00863   0.01241   0.00000   0.00000   0.00000   0.00000   0.00000   0.79326   1.49730   1.44265   1.00386   1.00000   1.64527   0.58187   0.06551  
 73 45.3520   1857.951502  x:  0.86716   0.00000   0.00868   0.01664   0.00431   0.00402   0.00000   0.00000   0.00000   0.00000   0.00000   0.00000   0.00346   0.00000   0.00000   0.00464   0.00000   0.00000   0.00405   0.00000   0.00441   0.00000   0.00000   0.00405   0.00000   0.00000   0.00000   0.00000   0.00000   0.00000   0.00000   0.00000   0.00000   0.00803   0.00783   0.00000   0.00000   0.00000   0.00000   0.00464   0.00860   0.01307   0.00000   0.00000   0.00000   0.00000   0.00000   0.80065   1.49747   1.44169   1.00435   1.00000   1.64588   0.58208   0.06882  
 74 194.0449   1857.932666  x:  0.87021   0.00000   0.00844   0.01667   0.00463   0.00381   0.00000   0.00000   0.00000   0.00000   0.00000   0.00000   0.00389   0.00000   0.00000   0.00477   0.00000   0.00000   0.00385   0.00000   0.00435   0.00000   0.00000   0.00405   0.00000   0.00000   0.00000   0.00000   0.00000   0.00000   0.00000   0.00000   0.00000   0.00828   0.00823   0.00000   0.00000   0.00000   0.00000   0.00478   0.00841   0.01312   0.00000   0.00000   0.00000   0.00000   0.00000   0.80370   1.49755   1.44130   1.00455   1.00000   1.64617   0.58215   0.06960  
 75 143.9682   1857.795728  x:  0.89264   0.00000   0.00700   0.01672   0.00449   0.00404   0.00000   0.00000   0.00000   0.00000   0.00000   0.00000   0.00361   0.00000   0.00000   0.00477   0.00000   0.00000   0.00375   0.00000   0.00380   0.00000   0.00000   0.00383   0.00000   0.00000   0.00000   0.00000   0.00000   0.00000   0.00000   0.00000   0.00000   0.00872   0.00709   0.00000   0.00000   0.00000   0.00000   0.00483   0.00735   0.01335   0.00000   0.00000   0.00000   0.00000   0.00000   0.82613   1.49815   1.43848   1.00598   1.00000   1.64867   0.58225   0.06718  
 76 83.6351   1857.541332  x:  0.93745   0.00000   0.00795   0.01677   0.00465   0.00349   0.00000   0.00000   0.00000   0.00000   0.00000   0.00000   0.00373   0.00000   0.00000   0.00472   0.00000   0.00000   0.00424   0.00000   0.00535   0.00000   0.00000   0.00445   0.00000   0.00000   0.00000   0.00000   0.00000   0.00000   0.00000   0.00000   0.00000   0.00848   0.00730   0.00000   0.00000   0.00000   0.00000   0.00471   0.00795   0.01305   0.00000   0.00000   0.00000   0.00000   0.00000   0.87093   1.49935   1.43296   1.00876   1.00000   1.65375   0.58239   0.06114  
 77 810.7444   1857.485702  x:  0.94685   0.00000   0.00860   0.01675   0.00466   0.00395   0.00000   0.00000   0.00000   0.00000   0.00000   0.00000   0.00368   0.00000   0.00000   0.00483   0.00000   0.00000   0.00372   0.00000   0.00466   0.00000   0.00000   0.00398   0.00000   0.00000   0.00000   0.00000   0.00000   0.00000   0.00000   0.00000   0.00000   0.00817   0.00779   0.00000   0.00000   0.00000   0.00000   0.00483   0.00850   0.01296   0.00000   0.00000   0.00000   0.00000   0.00000   0.88034   1.49961   1.43189   1.00928   1.00000   1.65484   0.58242   0.05980  
 78 535.8715   1857.482314  x:  0.94740   0.00000   0.00864   0.01673   0.00463   0.00379   0.00000   0.00000   0.00000   0.00000   0.00000   0.00000   0.00366   0.00000   0.00000   0.00486   0.00000   0.00000   0.00385   0.00000   0.00443   0.00000   0.00000   0.00401   0.00000   0.00000   0.00000   0.00000   0.00000   0.00000   0.00000   0.00000   0.00000   0.00811   0.00783   0.00000   0.00000   0.00000   0.00000   0.00486   0.00856   0.01297   0.00000   0.00000   0.00000   0.00000   0.00000   0.88089   1.49963   1.43190   1.00926   1.00000   1.65491   0.58242   0.05972  
 79 47.6672   1857.478707  x:  0.94810   0.00000   0.00853   0.01653   0.00460   0.00381   0.00000   0.00000   0.00000   0.00000   0.00000   0.00000   0.00363   0.00000   0.00000   0.00486   0.00000   0.00000   0.00373   0.00000   0.00439   0.00000   0.00000   0.00427   0.00000   0.00000   0.00000   0.00000   0.00000   0.00000   0.00000   0.00000   0.00000   0.00797   0.00786   0.00000   0.00000   0.00000   0.00000   0.00488   0.00864   0.01299   0.00000   0.00000   0.00000   0.00000   0.00000   0.88159   1.49974   1.43291   1.00853   1.00000   1.65516   0.58243   0.05966  
 80  6.6349   1857.458469  x:  0.95199   0.00000   0.00822   0.01571   0.00467   0.00379   0.00000   0.00000   0.00000   0.00000   0.00000   0.00000   0.00367   0.00000   0.00000   0.00484   0.00000   0.00000   0.00388   0.00000   0.00454   0.00000   0.00000   0.00393   0.00000   0.00000   0.00000   0.00000   0.00000   0.00000   0.00000   0.00000   0.00000   0.00771   0.00793   0.00000   0.00000   0.00000   0.00000   0.00488   0.00883   0.01297   0.00000   0.00000   0.00000   0.00000   0.00000   0.88547   1.50039   1.43886   1.00420   1.00000   1.65660   0.58246   0.05938  
 81 76.6219   1857.429932  x:  0.95761   0.00000   0.00884   0.01582   0.00465   0.00380   0.00000   0.00000   0.00000   0.00000   0.00000   0.00000   0.00364   0.00000   0.00000   0.00494   0.00000   0.00000   0.00382   0.00000   0.00444   0.00000   0.00000   0.00405   0.00000   0.00000   0.00000   0.00000   0.00000   0.00000   0.00000   0.00000   0.00000   0.00840   0.00775   0.00000   0.00000   0.00000   0.00000   0.00486   0.00856   0.01300   0.00000   0.00000   0.00000   0.00000   0.00000   0.89110   1.50135   1.44773   0.99781   1.00000   1.65875   0.58251   0.05894  
 82 157.1423   1857.420778  x:  0.95941   0.00000   0.00872   0.01669   0.00466   0.00380   0.00000   0.00000   0.00000   0.00000   0.00000   0.00000   0.00365   0.00000   0.00000   0.00486   0.00000   0.00000   0.00383   0.00000   0.00447   0.00000   0.00000   0.00403   0.00000   0.00000   0.00000   0.00000   0.00000   0.00000   0.00000   0.00000   0.00000   0.00808   0.00783   0.00000   0.00000   0.00000   0.00000   0.00496   0.00853   0.01302   0.00000   0.00000   0.00000   0.00000   0.00000   0.89289   1.50168   1.45064   0.99581   1.00000   1.65948   0.58253   0.05879  
 83 72.3240   1857.420460  x:  0.95947   0.00000   0.00868   0.01674   0.00467   0.00380   0.00000   0.00000   0.00000   0.00000   0.00000   0.00000   0.00365   0.00000   0.00000   0.00493   0.00000   0.00000   0.00383   0.00000   0.00447   0.00000   0.00000   0.00403   0.00000   0.00000   0.00000   0.00000   0.00000   0.00000   0.00000   0.00000   0.00000   0.00810   0.00783   0.00000   0.00000   0.00000   0.00000   0.00489   0.00860   0.01303   0.00000   0.00000   0.00000   0.00000   0.00000   0.89296   1.50170   1.45077   0.99578   1.00000   1.65953   0.58253   0.05879  
 84  6.1740   1857.420178  x:  0.95952   0.00000   0.00864   0.01676   0.00467   0.00380   0.00000   0.00000   0.00000   0.00000   0.00000   0.00000   0.00364   0.00000   0.00000   0.00488   0.00000   0.00000   0.00383   0.00000   0.00447   0.00000   0.00000   0.00403   0.00000   0.00000   0.00000   0.00000   0.00000   0.00000   0.00000   0.00000   0.00000   0.00817   0.00781   0.00000   0.00000   0.00000   0.00000   0.00494   0.00869   0.01303   0.00000   0.00000   0.00000   0.00000   0.00000   0.89300   1.50178   1.45097   0.99593   1.00000   1.65966   0.58253   0.05879  
 85  2.3449   1857.404640  x:  0.96214   0.00000   0.00870   0.01675   0.00467   0.00380   0.00000   0.00000   0.00000   0.00000   0.00000   0.00000   0.00365   0.00000   0.00000   0.00492   0.00000   0.00000   0.00383   0.00000   0.00448   0.00000   0.00000   0.00404   0.00000   0.00000   0.00000   0.00000   0.00000   0.00000   0.00000   0.00000   0.00000   0.00812   0.00783   0.00000   0.00000   0.00000   0.00000   0.00492   0.00862   0.01304   0.00000   0.00000   0.00000   0.00000   0.00000   0.89563   1.50653   1.46397   1.00687   1.00000   1.66882   0.58259   0.05903  
 86  9.0127   1857.363412  x:  0.96393   0.00000   0.00869   0.01671   0.00460   0.00382   0.00000   0.00000   0.00000   0.00000   0.00000   0.00000   0.00368   0.00000   0.00000   0.00484   0.00000   0.00000   0.00385   0.00000   0.00443   0.00000   0.00000   0.00403   0.00000   0.00000   0.00000   0.00000   0.00000   0.00000   0.00000   0.00000   0.00000   0.00810   0.00787   0.00000   0.00000   0.00000   0.00000   0.00484   0.00860   0.01296   0.00000   0.00000   0.00000   0.00000   0.00000   0.89741   1.55041   1.45826   1.00183   1.00000   1.75671   0.59840   0.06268  
 87  0.8426   1857.064971  x:  0.98581   0.00000   0.00834   0.01689   0.00390   0.00434   0.00000   0.00000   0.00000   0.00000   0.00000   0.00000   0.00438   0.00000   0.00000   0.00388   0.00000   0.00000   0.00432   0.00000   0.00409   0.00000   0.00000   0.00429   0.00000   0.00000   0.00000   0.00000   0.00000   0.00000   0.00000   0.00000   0.00000   0.00854   0.00868   0.00000   0.00000   0.00000   0.00000   0.00389   0.00838   0.01250   0.00000   0.00000   0.00000   0.00000   0.00000   0.91915   1.62766   1.46325   1.00526   1.00000   2.29453   1.26649   0.05903  
 88  1.2130   1856.979494  x:  0.98950   0.00000   0.00828   0.01691   0.00373   0.00446   0.00000   0.00000   0.00000   0.00000   0.00000   0.00000   0.00455   0.00000   0.00000   0.00365   0.00000   0.00000   0.00442   0.00000   0.00399   0.00000   0.00000   0.00433   0.00000   0.00000   0.00000   0.00000   0.00000   0.00000   0.00000   0.00000   0.00000   0.00861   0.00886   0.00000   0.00000   0.00000   0.00000   0.00366   0.00833   0.01233   0.00000   0.00000   0.00000   0.00000   0.00000   0.92281   1.51751   1.46319   1.00471   1.00000   2.53327   1.42108   0.06312  
 89  1.8746   1856.803921  x:  0.98540   0.00000   0.00824   0.01690   0.00452   0.00443   0.00000   0.00000   0.00000   0.00000   0.00000   0.00000   0.00458   0.00000   0.00000   0.00452   0.00000   0.00000   0.00442   0.00000   0.00421   0.00000   0.00000   0.00425   0.00000   0.00000   0.00000   0.00000   0.00000   0.00000   0.00000   0.00000   0.00000   0.00857   0.00862   0.00000   0.00000   0.00000   0.00000   0.00455   0.00820   0.01253   0.00000   0.00000   0.00000   0.00000   0.00000   0.91879   1.50779   1.46317   1.00459   1.00000   3.35143   2.22857   0.05912  
 90  0.4948   1856.708846  x:  0.97468   0.00000   0.00858   0.01689   0.00419   0.00412   0.00000   0.00000   0.00000   0.00000   0.00000   0.00000   0.00413   0.00000   0.00000   0.00423   0.00000   0.00000   0.00411   0.00000   0.00424   0.00000   0.00000   0.00412   0.00000   0.00000   0.00000   0.00000   0.00000   0.00000   0.00000   0.00000   0.00000   0.00835   0.00832   0.00000   0.00000   0.00000   0.00000   0.00424   0.00857   0.01277   0.00000   0.00000   0.00000   0.00000   0.00000   0.90808   1.52528   1.46251   1.00463   1.00000   4.12468   3.02222   0.06332  
 91  0.5425   1856.677676  x:  0.97405   0.00000   0.00838   0.01688   0.00403   0.00416   0.00000   0.00000   0.00000   0.00000   0.00000   0.00000   0.00412   0.00000   0.00000   0.00403   0.00000   0.00000   0.00419   0.00000   0.00417   0.00000   0.00000   0.00426   0.00000   0.00000   0.00000   0.00000   0.00000   0.00000   0.00000   0.00000   0.00000   0.00841   0.00838   0.00000   0.00000   0.00000   0.00000   0.00405   0.00833   0.01259   0.00000   0.00000   0.00000   0.00000   0.00000   0.90744   1.51889   1.46164   1.00472   1.00000   4.90183   3.79409   0.06081  
 92  0.4723   1856.661709  x:  0.97672   0.00000   0.00844   0.01689   0.00428   0.00425   0.00000   0.00000   0.00000   0.00000   0.00000   0.00000   0.00424   0.00000   0.00000   0.00431   0.00000   0.00000   0.00424   0.00000   0.00417   0.00000   0.00000   0.00422   0.00000   0.00000   0.00000   0.00000   0.00000   0.00000   0.00000   0.00000   0.00000   0.00845   0.00850   0.00000   0.00000   0.00000   0.00000   0.00433   0.00842   0.01261   0.00000   0.00000   0.00000   0.00000   0.00000   0.91012   1.51164   1.46324   1.00486   1.00000   5.68848   4.58000   0.06221  
 93  0.5327   1856.654479  x:  0.97600   0.00000   0.00847   0.01689   0.00413   0.00418   0.00000   0.00000   0.00000   0.00000   0.00000   0.00000   0.00418   0.00000   0.00000   0.00415   0.00000   0.00000   0.00418   0.00000   0.00425   0.00000   0.00000   0.00416   0.00000   0.00000   0.00000   0.00000   0.00000   0.00000   0.00000   0.00000   0.00000   0.00840   0.00838   0.00000   0.00000   0.00000   0.00000   0.00415   0.00845   0.01271   0.00000   0.00000   0.00000   0.00000   0.00000   0.90940   1.52889   1.46219   1.00470   1.00000   6.57975   5.47613   0.06181  
 94  0.5330   1856.651439  x:  0.97604   0.00000   0.00843   0.01689   0.00417   0.00420   0.00000   0.00000   0.00000   0.00000   0.00000   0.00000   0.00421   0.00000   0.00000   0.00420   0.00000   0.00000   0.00420   0.00000   0.00416   0.00000   0.00000   0.00423   0.00000   0.00000   0.00000   0.00000   0.00000   0.00000   0.00000   0.00000   0.00000   0.00842   0.00843   0.00000   0.00000   0.00000   0.00000   0.00423   0.00840   0.01262   0.00000   0.00000   0.00000   0.00000   0.00000   0.90944   1.51242   1.46254   1.00486   1.00000   7.43201   6.32383   0.06185  
 95  0.5363   1856.650149  x:  0.97610   0.00000   0.00844   0.01689   0.00420   0.00420   0.00000   0.00000   0.00000   0.00000   0.00000   0.00000   0.00420   0.00000   0.00000   0.00421   0.00000   0.00000   0.00420   0.00000   0.00423   0.00000   0.00000   0.00419   0.00000   0.00000   0.00000   0.00000   0.00000   0.00000   0.00000   0.00000   0.00000   0.00843   0.00842   0.00000   0.00000   0.00000   0.00000   0.00420   0.00842   0.01267   0.00000   0.00000   0.00000   0.00000   0.00000   0.90950   1.52325   1.46262   1.00473   1.00000   8.40263   7.29648   0.06193  
 96  0.5262   1856.649654  x:  0.97588   0.00000   0.00845   0.01689   0.00415   0.00420   0.00000   0.00000   0.00000   0.00000   0.00000   0.00000   0.00420   0.00000   0.00000   0.00419   0.00000   0.00000   0.00420   0.00000   0.00418   0.00000   0.00000   0.00420   0.00000   0.00000   0.00000   0.00000   0.00000   0.00000   0.00000   0.00000   0.00000   0.00841   0.00842   0.00000   0.00000   0.00000   0.00000   0.00422   0.00842   0.01265   0.00000   0.00000   0.00000   0.00000   0.00000   0.90929   1.51750   1.46243   1.00481   1.00000   9.22179   8.11542   0.06185  
 97  0.5237   1856.649456  x:  0.97605   0.00000   0.00844   0.01689   0.00419   0.00420   0.00000   0.00000   0.00000   0.00000   0.00000   0.00000   0.00420   0.00000   0.00000   0.00421   0.00000   0.00000   0.00420   0.00000   0.00422   0.00000   0.00000   0.00421   0.00000   0.00000   0.00000   0.00000   0.00000   0.00000   0.00000   0.00000   0.00000   0.00842   0.00843   0.00000   0.00000   0.00000   0.00000   0.00419   0.00841   0.01265   0.00000   0.00000   0.00000   0.00000   0.00000   0.90946   1.51880   1.46256   1.00478   1.00000  10.15796   9.05094   0.06190  
 98  0.5314   1856.649370  x:  0.97603   0.00000   0.00845   0.01689   0.00417   0.00420   0.00000   0.00000   0.00000   0.00000   0.00000   0.00000   0.00420   0.00000   0.00000   0.00419   0.00000   0.00000   0.00420   0.00000   0.00420   0.00000   0.00000   0.00420   0.00000   0.00000   0.00000   0.00000   0.00000   0.00000   0.00000   0.00000   0.00000   0.00842   0.00842   0.00000   0.00000   0.00000   0.00000   0.00423   0.00842   0.01266   0.00000   0.00000   0.00000   0.00000   0.00000   0.90944   1.51972   1.46253   1.00478   1.00000  10.86131   9.75484   0.06188  
 99  0.5252   1856.649333  x:  0.97596   0.00000   0.00845   0.01689   0.00417   0.00420   0.00000   0.00000   0.00000   0.00000   0.00000   0.00000   0.00420   0.00000   0.00000   0.00421   0.00000   0.00000   0.00420   0.00000   0.00420   0.00000   0.00000   0.00420   0.00000   0.00000   0.00000   0.00000   0.00000   0.00000   0.00000   0.00000   0.00000   0.00842   0.00842   0.00000   0.00000   0.00000   0.00000   0.00420   0.00842   0.01265   0.00000   0.00000   0.00000   0.00000   0.00000   0.90938   1.51845   1.46249   1.00480   1.00000  11.66903  10.56251   0.06187  
100  0.5103   1856.649316  x:  0.97601   0.00000   0.00844   0.01689   0.00418   0.00420   0.00000   0.00000   0.00000   0.00000   0.00000   0.00000   0.00420   0.00000   0.00000   0.00419   0.00000   0.00000   0.00420   0.00000   0.00420   0.00000   0.00000   0.00420   0.00000   0.00000   0.00000   0.00000   0.00000   0.00000   0.00000   0.00000   0.00000   0.00842   0.00842   0.00000   0.00000   0.00000   0.00000   0.00421   0.00842   0.01265   0.00000   0.00000   0.00000   0.00000   0.00000   0.90943   1.51901   1.46253   1.00479   1.00000  12.43781  11.33112   0.06188  
101  0.5333   1856.649307  x:  0.97600   0.00000   0.00845   0.01689   0.00417   0.00420   0.00000   0.00000   0.00000   0.00000   0.00000   0.00000   0.00420   0.00000   0.00000   0.00420   0.00000   0.00000   0.00420   0.00000   0.00420   0.00000   0.00000   0.00420   0.00000   0.00000   0.00000   0.00000   0.00000   0.00000   0.00000   0.00000   0.00000   0.00842   0.00842   0.00000   0.00000   0.00000   0.00000   0.00421   0.00842   0.01265   0.00000   0.00000   0.00000   0.00000   0.00000   0.90942   1.51922   1.46252   1.00479   1.00000  13.38579  12.27927   0.06188  
102  0.5427   1856.649303  x:  0.97599   0.00000   0.00845   0.01689   0.00418   0.00420   0.00000   0.00000   0.00000   0.00000   0.00000   0.00000   0.00420   0.00000   0.00000   0.00420   0.00000   0.00000   0.00420   0.00000   0.00420   0.00000   0.00000   0.00420   0.00000   0.00000   0.00000   0.00000   0.00000   0.00000   0.00000   0.00000   0.00000   0.00842   0.00842   0.00000   0.00000   0.00000   0.00000   0.00421   0.00842   0.01265   0.00000   0.00000   0.00000   0.00000   0.00000   0.90941   1.51884   1.46251   1.00479   1.00000  14.02959  12.92300   0.06188  
103  0.4838   1856.649302  x:  0.97600   0.00000   0.00845   0.01689   0.00417   0.00420   0.00000   0.00000   0.00000   0.00000   0.00000   0.00000   0.00420   0.00000   0.00000   0.00420   0.00000   0.00000   0.00420   0.00000   0.00420   0.00000   0.00000   0.00420   0.00000   0.00000   0.00000   0.00000   0.00000   0.00000   0.00000   0.00000   0.00000   0.00842   0.00842   0.00000   0.00000   0.00000   0.00000   0.00421   0.00842   0.01265   0.00000   0.00000   0.00000   0.00000   0.00000   0.90943   1.51918   1.46252   1.00478   1.00000  15.44107  14.33444   0.06188  
104  0.5526   1856.649301  x:  0.97599   0.00000   0.00845   0.01689   0.00417   0.00420   0.00000   0.00000   0.00000   0.00000   0.00000   0.00000   0.00420   0.00000   0.00000   0.00420   0.00000   0.00000   0.00420   0.00000   0.00420   0.00000   0.00000   0.00420   0.00000   0.00000   0.00000   0.00000   0.00000   0.00000   0.00000   0.00000   0.00000   0.00842   0.00842   0.00000   0.00000   0.00000   0.00000   0.00421   0.00842   0.01265   0.00000   0.00000   0.00000   0.00000   0.00000   0.90942   1.51892   1.46252   1.00479   1.00000  16.08628  14.97970   0.06188  
105  0.5146   1856.649301  x:  0.97599   0.00000   0.00845   0.01689   0.00418   0.00420   0.00000   0.00000   0.00000   0.00000   0.00000   0.00000   0.00420   0.00000   0.00000   0.00420   0.00000   0.00000   0.00420   0.00000   0.00420   0.00000   0.00000   0.00420   0.00000   0.00000   0.00000   0.00000   0.00000   0.00000   0.00000   0.00000   0.00000   0.00842   0.00842   0.00000   0.00000   0.00000   0.00000   0.00421   0.00842   0.01265   0.00000   0.00000   0.00000   0.00000   0.00000   0.90943   1.51902   1.46252   1.00479   1.00000  17.26287  16.15626   0.06188  
106  0.5144   1856.649301  x:  0.97598   0.00000   0.00845   0.01689   0.00417   0.00420   0.00000   0.00000   0.00000   0.00000   0.00000   0.00000   0.00420   0.00000   0.00000   0.00420   0.00000   0.00000   0.00420   0.00000   0.00420   0.00000   0.00000   0.00420   0.00000   0.00000   0.00000   0.00000   0.00000   0.00000   0.00000   0.00000   0.00000   0.00842   0.00842   0.00000   0.00000   0.00000   0.00000   0.00421   0.00842   0.01265   0.00000   0.00000   0.00000   0.00000   0.00000   0.90943   1.51898   1.46252   1.00479   1.00000  19.24260  18.13602   0.06188  
107  1.0200   1856.649301  x:  0.97598   0.00000   0.00845   0.01689   0.00417   0.00420   0.00000   0.00000   0.00000   0.00000   0.00000   0.00000   0.00420   0.00000   0.00000   0.00420   0.00000   0.00000   0.00420   0.00000   0.00420   0.00000   0.00000   0.00420   0.00000   0.00000   0.00000   0.00000   0.00000   0.00000   0.00000   0.00000   0.00000   0.00842   0.00842   0.00000   0.00000   0.00000   0.00000   0.00421   0.00842   0.01265   0.00000   0.00000   0.00000   0.00000   0.00000   0.90943   1.51898   1.46252   1.00479   1.00000  19.24212  18.13554   0.06188  
108  2.7980   1856.649301  x:  0.97598   0.00000   0.00845   0.01689   0.00417   0.00420   0.00000   0.00000   0.00000   0.00000   0.00000   0.00000   0.00420   0.00000   0.00000   0.00420   0.00000   0.00000   0.00420   0.00000   0.00420   0.00000   0.00000   0.00420   0.00000   0.00000   0.00000   0.00000   0.00000   0.00000   0.00000   0.00000   0.00000   0.00842   0.00842   0.00000   0.00000   0.00000   0.00000   0.00421   0.00842   0.01265   0.00000   0.00000   0.00000   0.00000   0.00000   0.90942   1.51895   1.46252   1.00479   1.00000  18.97369  17.86709   0.06188  
109  7.5502   1856.649301  x:  0.97598   0.00000   0.00845   0.01689   0.00417   0.00420   0.00000   0.00000   0.00000   0.00000   0.00000   0.00000   0.00420   0.00000   0.00000   0.00420   0.00000   0.00000   0.00420   0.00000   0.00420   0.00000   0.00000   0.00420   0.00000   0.00000   0.00000   0.00000   0.00000   0.00000   0.00000   0.00000   0.00000   0.00842   0.00842   0.00000   0.00000   0.00000   0.00000   0.00421   0.00842   0.01265   0.00000   0.00000   0.00000   0.00000   0.00000   0.90942   1.51895   1.46251   1.00479   1.00000  18.70526  17.59866   0.06188  
110 26.4784   1856.649301  x:  0.97598   0.00000   0.00845   0.01689   0.00417   0.00420   0.00000   0.00000   0.00000   0.00000   0.00000   0.00000   0.00420   0.00000   0.00000   0.00420   0.00000   0.00000   0.00420   0.00000   0.00420   0.00000   0.00000   0.00420   0.00000   0.00000   0.00000   0.00000   0.00000   0.00000   0.00000   0.00000   0.00000   0.00842   0.00842   0.00000   0.00000   0.00000   0.00000   0.00421   0.00842   0.01265   0.00000   0.00000   0.00000   0.00000   0.00000   0.90942   1.51895   1.46251   1.00479   1.00000  18.70526  17.59866   0.06188  
111 27.5188   1856.649301  x:  0.97568   0.00000   0.00845   0.01689   0.00417   0.00420   0.00000   0.00000   0.00000   0.00000   0.00000   0.00000   0.00420   0.00000   0.00000   0.00420   0.00000   0.00000   0.00420   0.00000   0.00420   0.00000   0.00000   0.00420   0.00000   0.00000   0.00000   0.00000   0.00000   0.00000   0.00000   0.00000   0.00000   0.00842   0.00842   0.00000   0.00000   0.00000   0.00000   0.00421   0.00842   0.01265   0.00000   0.00000   0.00000   0.00000   0.00000   0.90974   1.51889   1.46252   1.00479   1.00000  18.70155  17.59493   0.06188  
112  0.0276   1856.649301  x:  0.97562   0.00000   0.00845   0.01689   0.00417   0.00420   0.00000   0.00000   0.00000   0.00000   0.00000   0.00000   0.00420   0.00000   0.00000   0.00420   0.00000   0.00000   0.00420   0.00000   0.00420   0.00000   0.00000   0.00420   0.00000   0.00000   0.00000   0.00000   0.00000   0.00000   0.00000   0.00000   0.00000   0.00842   0.00842   0.00000   0.00000   0.00000   0.00000   0.00421   0.00842   0.01265   0.00000   0.00000   0.00000   0.00000   0.00000   0.90980   1.51893   1.46252   1.00479   1.00000  18.70139  17.59478   0.06188  