Supplemental results for CODEML (seqf: aln.phy  treef: tree.tre)


MLEs of dN/dS (w) for site classes (K=4)

site class             0        1       2a       2b
proportion       0.72387  0.27613  0.00000  0.00000
background w     0.04026  1.00000  0.04026  1.00000
foreground w     0.04026  1.00000  1.00000  1.00000

Naive Empirical Bayes (NEB) probabilities for 4 classes
(amino acids refer to 1st sequence: KY581700.1)

   1 M   0.86520 0.13480 0.00000 0.00000 ( 1)
   2 L   0.81627 0.18373 0.00000 0.00000 ( 1)
   3 P   0.79320 0.20680 0.00000 0.00000 ( 1)
   4 F   0.87156 0.12844 0.00000 0.00000 ( 1)
   5 V   0.80527 0.19473 0.00000 0.00000 ( 1)
   6 Q   0.80569 0.19431 0.00000 0.00000 ( 1)
   7 E   0.14380 0.85620 0.00000 0.00000 ( 2)
   8 R   0.12892 0.87108 0.00000 0.00000 ( 2)
   9 I   0.15504 0.84496 0.00000 0.00000 ( 2)
  10 G   0.81473 0.18527 0.00000 0.00000 ( 1)
  11 L   0.14464 0.85536 0.00000 0.00000 ( 2)
  12 F   0.84051 0.15949 0.00000 0.00000 ( 1)
  13 I   0.84211 0.15789 0.00000 0.00000 ( 1)
  14 V   0.82095 0.17905 0.00000 0.00000 ( 1)
  15 N   0.82014 0.17986 0.00000 0.00000 ( 1)
  16 F   0.87156 0.12844 0.00000 0.00000 ( 1)
  17 F   0.84051 0.15949 0.00000 0.00000 ( 1)
  18 I   0.83870 0.16130 0.00000 0.00000 ( 1)
  19 F   0.87156 0.12844 0.00000 0.00000 ( 1)
  20 T   0.79727 0.20273 0.00000 0.00000 ( 1)
  21 V   0.82095 0.17905 0.00000 0.00000 ( 1)
  22 V   0.14892 0.85108 0.00000 0.00000 ( 2)
  23 C   0.85442 0.14558 0.00000 0.00000 ( 1)
  24 A   0.83436 0.16564 0.00000 0.00000 ( 1)
  25 I   0.14880 0.85120 0.00000 0.00000 ( 2)
  26 T   0.15692 0.84308 0.00000 0.00000 ( 2)
  27 L   0.82361 0.17639 0.00000 0.00000 ( 1)
  28 L   0.82830 0.17170 0.00000 0.00000 ( 1)
  29 V   0.82098 0.17902 0.00000 0.00000 ( 1)
  30 C   0.83547 0.16453 0.00000 0.00000 ( 1)
  31 M   0.86520 0.13480 0.00000 0.00000 ( 1)
  32 A   0.83436 0.16564 0.00000 0.00000 ( 1)
  33 F   0.84051 0.15949 0.00000 0.00000 ( 1)
  34 L   0.84425 0.15575 0.00000 0.00000 ( 1)
  35 T   0.81235 0.18765 0.00000 0.00000 ( 1)
  36 A   0.81724 0.18276 0.00000 0.00000 ( 1)
  37 T   0.83436 0.16564 0.00000 0.00000 ( 1)
  38 R   0.78768 0.21232 0.00000 0.00000 ( 1)
  39 L   0.81627 0.18373 0.00000 0.00000 ( 1)
  40 C   0.85442 0.14558 0.00000 0.00000 ( 1)
  41 V   0.82098 0.17902 0.00000 0.00000 ( 1)
  42 Q   0.80569 0.19431 0.00000 0.00000 ( 1)
  43 C   0.83547 0.16453 0.00000 0.00000 ( 1)
  44 M   0.00039 0.99961 0.00000 0.00000 ( 2)
  45 T   0.81233 0.18767 0.00000 0.00000 ( 1)
  46 G   0.81760 0.18240 0.00000 0.00000 ( 1)
  47 F   0.06726 0.93274 0.00000 0.00000 ( 2)
  48 N   0.83370 0.16630 0.00000 0.00000 ( 1)
  49 T   0.80481 0.19519 0.00000 0.00000 ( 1)
  50 L   0.78944 0.21056 0.00000 0.00000 ( 1)
  51 L   0.81627 0.18373 0.00000 0.00000 ( 1)
  52 V   0.84338 0.15662 0.00000 0.00000 ( 1)
  53 Q   0.80573 0.19427 0.00000 0.00000 ( 1)
  54 P   0.79320 0.20680 0.00000 0.00000 ( 1)
  55 A   0.81233 0.18767 0.00000 0.00000 ( 1)
  56 L   0.14513 0.85487 0.00000 0.00000 ( 2)
  57 Y   0.80540 0.19460 0.00000 0.00000 ( 1)
  58 L   0.17156 0.82844 0.00000 0.00000 ( 2)
  59 Y   0.84388 0.15612 0.00000 0.00000 ( 1)
  60 N   0.85401 0.14599 0.00000 0.00000 ( 1)
  61 T   0.83436 0.16564 0.00000 0.00000 ( 1)
  62 G   0.80129 0.19871 0.00000 0.00000 ( 1)
  63 R   0.83428 0.16572 0.00000 0.00000 ( 1)
  64 S   0.79441 0.20559 0.00000 0.00000 ( 1)
  65 V   0.80527 0.19473 0.00000 0.00000 ( 1)
  66 Y   0.84388 0.15612 0.00000 0.00000 ( 1)
  67 V   0.82095 0.17905 0.00000 0.00000 ( 1)
  68 K   0.82278 0.17722 0.00000 0.00000 ( 1)
  69 F   0.84051 0.15949 0.00000 0.00000 ( 1)
  70 Q   0.80573 0.19427 0.00000 0.00000 ( 1)
  71 D   0.17434 0.82566 0.00000 0.00000 ( 2)
  72 S   0.83379 0.16621 0.00000 0.00000 ( 1)
  73 K   0.82278 0.17722 0.00000 0.00000 ( 1)
  74 P   0.79320 0.20680 0.00000 0.00000 ( 1)
  75 P   0.82921 0.17079 0.00000 0.00000 ( 1)
  76 L   0.78935 0.21065 0.00000 0.00000 ( 1)
  77 P   0.81710 0.18290 0.00000 0.00000 ( 1)
  78 P   0.82921 0.17079 0.00000 0.00000 ( 1)
  79 D   0.83147 0.16853 0.00000 0.00000 ( 1)
  80 E   0.82281 0.17719 0.00000 0.00000 ( 1)
  81 W   0.82625 0.17375 0.00000 0.00000 ( 1)
  82 V   0.84338 0.15662 0.00000 0.00000 ( 1)


lnL =  -454.764722

