

TREE # 1

  0  0.0000    463.505610  x:  0.16684   0.00131   0.00051   0.00080   0.00051   0.00121   0.00102   0.00035   0.00074   0.00125   0.00036   0.00012   0.00058   0.00102   0.00002   0.00169   0.00053   0.00112   0.00054   0.00096   0.01168   0.00114   0.00078   0.00000   0.00085   0.00175   0.00024   0.00022   0.00058   0.00048   0.00121   0.00123   0.00045   0.00125   0.00024   0.01169   0.00144   0.00093   0.00077   0.00013   0.00091   0.00086   0.00024   0.00037   0.00113   0.00115   0.00091   0.22194   0.94266   1.61579   1.01135   0.95238   1.07333   0.04367   0.23317  
  1 99.0000    463.502828  x:  0.16684   0.00131   0.00051   0.00080   0.00051   0.00121   0.00102   0.00035   0.00074   0.00124   0.00036   0.00012   0.00057   0.00102   0.00001   0.00169   0.00053   0.00112   0.00054   0.00096   0.01168   0.00113   0.00078   0.00000   0.00085   0.00175   0.00024   0.00022   0.00058   0.00048   0.00121   0.00123   0.00045   0.00125   0.00024   0.01169   0.00144   0.00093   0.00077   0.00013   0.00091   0.00086   0.00024   0.00037   0.00113   0.00115   0.00091   0.22194   0.94266   1.61579   1.01135   0.95238   1.07333   0.04367   0.23317  
  2 522.0687    463.461769  x:  0.16688   0.00130   0.00049   0.00079   0.00050   0.00119   0.00101   0.00034   0.00073   0.00123   0.00035   0.00011   0.00056   0.00100   0.00000   0.00168   0.00052   0.00111   0.00052   0.00095   0.01178   0.00112   0.00077   0.00000   0.00084   0.00174   0.00023   0.00021   0.00057   0.00047   0.00120   0.00122   0.00044   0.00124   0.00023   0.01178   0.00142   0.00092   0.00076   0.00012   0.00090   0.00085   0.00023   0.00036   0.00111   0.00114   0.00089   0.22198   0.94267   1.61581   1.01135   0.95236   1.07333   0.04367   0.23314  
  3 300.8263    462.827262  x:  0.16905   0.00125   0.00006   0.00035   0.00045   0.00108   0.00090   0.00023   0.00062   0.00113   0.00024   0.00000   0.00012   0.00056   0.00000   0.00157   0.00048   0.00107   0.00008   0.00051   0.01174   0.00077   0.00041   0.00000   0.00073   0.00163   0.00012   0.00010   0.00046   0.00036   0.00109   0.00111   0.00033   0.00113   0.00019   0.01175   0.00105   0.00082   0.00066   0.00001   0.00079   0.00041   0.00012   0.00025   0.00068   0.00070   0.00046   0.22415   0.94275   1.61709   1.01152   0.95103   1.07321   0.04382   0.23170  
  4 155.2125    462.773210  x:  0.16906   0.00126   0.00000   0.00030   0.00046   0.00108   0.00090   0.00023   0.00062   0.00112   0.00024   0.00000   0.00007   0.00051   0.00000   0.00157   0.00048   0.00107   0.00003   0.00046   0.01175   0.00072   0.00037   0.00000   0.00073   0.00163   0.00012   0.00009   0.00046   0.00036   0.00109   0.00111   0.00033   0.00113   0.00020   0.01174   0.00100   0.00081   0.00065   0.00001   0.00079   0.00036   0.00012   0.00024   0.00062   0.00065   0.00041   0.22416   0.94276   1.61721   1.01153   0.95094   1.07320   0.04383   0.23153  
  5 176.6460    462.749555  x:  0.16907   0.00126   0.00000   0.00027   0.00046   0.00108   0.00090   0.00023   0.00062   0.00112   0.00024   0.00000   0.00004   0.00049   0.00000   0.00157   0.00049   0.00107   0.00000   0.00043   0.01176   0.00070   0.00035   0.00000   0.00073   0.00162   0.00012   0.00009   0.00046   0.00036   0.00108   0.00111   0.00033   0.00113   0.00020   0.01173   0.00098   0.00081   0.00065   0.00001   0.00078   0.00033   0.00012   0.00024   0.00060   0.00062   0.00038   0.22417   0.94276   1.61727   1.01154   0.95089   1.07320   0.04384   0.23145  
  6 112938.0003    462.721345  x:  0.16906   0.00126   0.00000   0.00025   0.00046   0.00108   0.00089   0.00022   0.00061   0.00112   0.00023   0.00000   0.00002   0.00046   0.00000   0.00156   0.00049   0.00107   0.00000   0.00041   0.01176   0.00068   0.00033   0.00000   0.00073   0.00162   0.00011   0.00009   0.00045   0.00035   0.00108   0.00110   0.00032   0.00112   0.00020   0.01173   0.00096   0.00081   0.00065   0.00000   0.00078   0.00031   0.00011   0.00024   0.00057   0.00060   0.00036   0.22416   0.94276   1.61736   1.01155   0.95081   1.07319   0.04385   0.23134  
  7 1334.9078    462.698835  x:  0.16906   0.00126   0.00000   0.00023   0.00045   0.00107   0.00089   0.00022   0.00061   0.00111   0.00023   0.00000   0.00000   0.00045   0.00000   0.00156   0.00048   0.00107   0.00000   0.00039   0.01176   0.00067   0.00032   0.00000   0.00072   0.00161   0.00011   0.00008   0.00045   0.00035   0.00107   0.00110   0.00032   0.00111   0.00019   0.01173   0.00095   0.00080   0.00064   0.00000   0.00077   0.00029   0.00011   0.00023   0.00056   0.00058   0.00034   0.22416   0.94277   1.61740   1.01155   0.95078   1.07319   0.04385   0.23127  
  8 895.3615    462.474295  x:  0.16909   0.00126   0.00000   0.00000   0.00046   0.00103   0.00085   0.00018   0.00057   0.00107   0.00019   0.00000   0.00000   0.00022   0.00000   0.00152   0.00049   0.00107   0.00000   0.00016   0.01180   0.00049   0.00014   0.00000   0.00068   0.00158   0.00007   0.00005   0.00041   0.00031   0.00104   0.00106   0.00028   0.00108   0.00020   0.01170   0.00076   0.00077   0.00061   0.00000   0.00074   0.00007   0.00007   0.00020   0.00033   0.00036   0.00011   0.22419   0.94282   1.61814   1.01159   0.95039   1.07311   0.04395   0.23023  
  9 690.6136    462.422583  x:  0.16910   0.00126   0.00000   0.00000   0.00046   0.00103   0.00084   0.00017   0.00057   0.00107   0.00018   0.00000   0.00000   0.00016   0.00000   0.00151   0.00049   0.00108   0.00000   0.00010   0.01180   0.00043   0.00008   0.00000   0.00068   0.00157   0.00006   0.00004   0.00040   0.00030   0.00103   0.00106   0.00028   0.00107   0.00020   0.01169   0.00071   0.00076   0.00060   0.00000   0.00073   0.00000   0.00007   0.00019   0.00027   0.00029   0.00005   0.22420   0.94282   1.61827   1.01161   0.95033   1.07310   0.04397   0.23001  
 10 409.8962    462.382802  x:  0.16911   0.00126   0.00000   0.00000   0.00046   0.00102   0.00084   0.00017   0.00056   0.00106   0.00018   0.00000   0.00000   0.00011   0.00000   0.00151   0.00049   0.00108   0.00000   0.00005   0.01181   0.00040   0.00005   0.00000   0.00067   0.00156   0.00006   0.00003   0.00040   0.00030   0.00102   0.00105   0.00027   0.00107   0.00020   0.01168   0.00067   0.00075   0.00059   0.00000   0.00072   0.00000   0.00006   0.00018   0.00022   0.00024   0.00000   0.22421   0.94283   1.61840   1.01165   0.95027   1.07309   0.04399   0.22978  
 11 1292.8885    462.337286  x:  0.16911   0.00126   0.00000   0.00000   0.00046   0.00101   0.00083   0.00016   0.00055   0.00105   0.00017   0.00000   0.00000   0.00006   0.00000   0.00149   0.00049   0.00108   0.00000   0.00000   0.01181   0.00037   0.00001   0.00000   0.00066   0.00155   0.00004   0.00002   0.00039   0.00029   0.00101   0.00104   0.00026   0.00105   0.00020   0.01168   0.00063   0.00074   0.00058   0.00000   0.00071   0.00000   0.00005   0.00017   0.00017   0.00020   0.00000   0.22421   0.94283   1.61852   1.01166   0.95024   1.07307   0.04401   0.22956  
 12 494.9819    462.323627  x:  0.16911   0.00126   0.00000   0.00000   0.00046   0.00100   0.00082   0.00015   0.00054   0.00105   0.00016   0.00000   0.00000   0.00004   0.00000   0.00149   0.00049   0.00108   0.00000   0.00000   0.01181   0.00036   0.00000   0.00000   0.00066   0.00155   0.00004   0.00002   0.00038   0.00028   0.00101   0.00103   0.00025   0.00105   0.00020   0.01168   0.00062   0.00074   0.00058   0.00000   0.00071   0.00000   0.00004   0.00017   0.00015   0.00018   0.00000   0.22421   0.94284   1.61858   1.01167   0.95023   1.07307   0.04401   0.22948  
 13 1640.1157    462.296147  x:  0.16912   0.00126   0.00000   0.00000   0.00046   0.00100   0.00081   0.00014   0.00054   0.00104   0.00015   0.00000   0.00000   0.00000   0.00000   0.00148   0.00049   0.00108   0.00000   0.00000   0.01182   0.00033   0.00000   0.00000   0.00065   0.00154   0.00003   0.00001   0.00037   0.00027   0.00100   0.00103   0.00025   0.00104   0.00020   0.01168   0.00059   0.00073   0.00057   0.00000   0.00070   0.00000   0.00004   0.00016   0.00012   0.00014   0.00000   0.22422   0.94284   1.61865   1.01168   0.95022   1.07306   0.04403   0.22932  
 14 645.5990    462.278701  x:  0.16912   0.00126   0.00000   0.00000   0.00046   0.00099   0.00081   0.00014   0.00053   0.00103   0.00015   0.00000   0.00000   0.00000   0.00000   0.00148   0.00049   0.00107   0.00000   0.00000   0.01182   0.00031   0.00000   0.00000   0.00064   0.00154   0.00003   0.00000   0.00037   0.00027   0.00099   0.00102   0.00024   0.00104   0.00020   0.01168   0.00057   0.00072   0.00056   0.00000   0.00070   0.00000   0.00003   0.00015   0.00009   0.00012   0.00000   0.22422   0.94284   1.61872   1.01170   0.95021   1.07305   0.04404   0.22920  
 15 3673.9450    462.223077  x:  0.16913   0.00125   0.00000   0.00000   0.00045   0.00097   0.00079   0.00012   0.00051   0.00101   0.00013   0.00000   0.00000   0.00000   0.00000   0.00146   0.00048   0.00107   0.00000   0.00000   0.01182   0.00026   0.00000   0.00000   0.00062   0.00151   0.00000   0.00000   0.00035   0.00025   0.00097   0.00100   0.00022   0.00102   0.00020   0.01167   0.00053   0.00070   0.00054   0.00000   0.00067   0.00000   0.00001   0.00013   0.00004   0.00006   0.00000   0.22423   0.94284   1.61888   1.01172   0.95020   1.07303   0.04406   0.22887  
 16 750.6693    462.206431  x:  0.16914   0.00125   0.00000   0.00000   0.00045   0.00096   0.00078   0.00011   0.00050   0.00100   0.00012   0.00000   0.00000   0.00000   0.00000   0.00145   0.00048   0.00106   0.00000   0.00000   0.01182   0.00025   0.00000   0.00000   0.00062   0.00151   0.00000   0.00000   0.00034   0.00024   0.00097   0.00099   0.00021   0.00101   0.00020   0.01167   0.00052   0.00070   0.00054   0.00000   0.00067   0.00000   0.00000   0.00013   0.00001   0.00004   0.00000   0.22424   0.94284   1.61895   1.01172   0.95020   1.07303   0.04408   0.22874  
 17 1259.9360    462.200837  x:  0.16914   0.00125   0.00000   0.00000   0.00045   0.00096   0.00078   0.00011   0.00050   0.00100   0.00012   0.00000   0.00000   0.00000   0.00000   0.00145   0.00048   0.00106   0.00000   0.00000   0.01182   0.00024   0.00000   0.00000   0.00061   0.00151   0.00000   0.00000   0.00034   0.00024   0.00097   0.00099   0.00021   0.00101   0.00020   0.01167   0.00051   0.00069   0.00053   0.00000   0.00067   0.00000   0.00000   0.00012   0.00000   0.00003   0.00000   0.22424   0.94284   1.61897   1.01173   0.95020   1.07303   0.04408   0.22871  
 18 1014.3146    462.185553  x:  0.16914   0.00125   0.00000   0.00000   0.00045   0.00096   0.00077   0.00010   0.00050   0.00100   0.00011   0.00000   0.00000   0.00000   0.00000   0.00144   0.00047   0.00106   0.00000   0.00000   0.01183   0.00022   0.00000   0.00000   0.00061   0.00150   0.00000   0.00000   0.00033   0.00023   0.00096   0.00099   0.00021   0.00100   0.00020   0.01167   0.00049   0.00069   0.00053   0.00000   0.00066   0.00000   0.00000   0.00012   0.00000   0.00000   0.00000   0.22424   0.94283   1.61902   1.01174   0.95019   1.07302   0.04409   0.22859  
 19 54286.1278    462.053714  x:  0.16918   0.00124   0.00000   0.00000   0.00043   0.00090   0.00071   0.00005   0.00044   0.00094   0.00005   0.00000   0.00000   0.00000   0.00000   0.00138   0.00046   0.00105   0.00000   0.00000   0.01183   0.00000   0.00000   0.00000   0.00055   0.00144   0.00000   0.00000   0.00027   0.00017   0.00090   0.00093   0.00015   0.00094   0.00016   0.01166   0.00029   0.00063   0.00047   0.00000   0.00060   0.00000   0.00000   0.00006   0.00000   0.00000   0.00000   0.22428   0.94281   1.61943   1.01182   0.95019   1.07298   0.04416   0.22768  
 20 840.2373    461.973445  x:  0.16920   0.00123   0.00000   0.00000   0.00042   0.00086   0.00067   0.00000   0.00040   0.00090   0.00001   0.00000   0.00000   0.00000   0.00000   0.00134   0.00046   0.00105   0.00000   0.00000   0.01184   0.00000   0.00000   0.00000   0.00051   0.00140   0.00000   0.00000   0.00023   0.00013   0.00086   0.00089   0.00011   0.00090   0.00014   0.01166   0.00016   0.00059   0.00043   0.00000   0.00056   0.00000   0.00000   0.00002   0.00000   0.00000   0.00000   0.22430   0.94280   1.61973   1.01188   0.95019   1.07295   0.04421   0.22703  
 21 89340.3215    461.956435  x:  0.16920   0.00123   0.00000   0.00000   0.00042   0.00085   0.00066   0.00000   0.00039   0.00089   0.00000   0.00000   0.00000   0.00000   0.00000   0.00133   0.00045   0.00104   0.00000   0.00000   0.01184   0.00000   0.00000   0.00000   0.00050   0.00139   0.00000   0.00000   0.00022   0.00012   0.00085   0.00088   0.00010   0.00089   0.00014   0.01166   0.00013   0.00058   0.00042   0.00000   0.00055   0.00000   0.00000   0.00001   0.00000   0.00000   0.00000   0.22430   0.94279   1.61978   1.01189   0.95019   1.07294   0.04422   0.22691  
 22 2533.5493    461.948780  x:  0.16921   0.00122   0.00000   0.00000   0.00042   0.00084   0.00066   0.00000   0.00038   0.00088   0.00000   0.00000   0.00000   0.00000   0.00000   0.00133   0.00045   0.00104   0.00000   0.00000   0.01184   0.00000   0.00000   0.00000   0.00049   0.00139   0.00000   0.00000   0.00022   0.00012   0.00085   0.00087   0.00009   0.00089   0.00013   0.01166   0.00012   0.00058   0.00042   0.00000   0.00055   0.00000   0.00000   0.00000   0.00000   0.00000   0.00000   0.22431   0.94279   1.61981   1.01189   0.95019   1.07294   0.04423   0.22684  
 23 9981.5717    461.873424  x:  0.16923   0.00121   0.00000   0.00000   0.00041   0.00080   0.00062   0.00000   0.00034   0.00084   0.00000   0.00000   0.00000   0.00000   0.00000   0.00128   0.00044   0.00103   0.00000   0.00000   0.01185   0.00000   0.00000   0.00000   0.00045   0.00134   0.00000   0.00000   0.00018   0.00008   0.00080   0.00083   0.00005   0.00084   0.00010   0.01165   0.00000   0.00053   0.00037   0.00000   0.00050   0.00000   0.00000   0.00000   0.00000   0.00000   0.00000   0.22433   0.94277   1.62006   1.01194   0.95019   1.07291   0.04427   0.22628  
 24 2441.8700    461.802955  x:  0.16925   0.00120   0.00000   0.00000   0.00039   0.00075   0.00057   0.00000   0.00029   0.00079   0.00000   0.00000   0.00000   0.00000   0.00000   0.00124   0.00042   0.00101   0.00000   0.00000   0.01185   0.00000   0.00000   0.00000   0.00040   0.00130   0.00000   0.00000   0.00013   0.00003   0.00075   0.00078   0.00000   0.00080   0.00006   0.01165   0.00000   0.00048   0.00032   0.00000   0.00046   0.00000   0.00000   0.00000   0.00000   0.00000   0.00000   0.22435   0.94276   1.62033   1.01200   0.95019   1.07288   0.04432   0.22568  
 25 1396392.4154    461.768353  x:  0.16926   0.00119   0.00000   0.00000   0.00038   0.00073   0.00054   0.00000   0.00027   0.00077   0.00000   0.00000   0.00000   0.00000   0.00000   0.00121   0.00041   0.00100   0.00000   0.00000   0.01186   0.00000   0.00000   0.00000   0.00038   0.00127   0.00000   0.00000   0.00010   0.00000   0.00073   0.00076   0.00000   0.00077   0.00005   0.01164   0.00000   0.00046   0.00030   0.00000   0.00043   0.00000   0.00000   0.00000   0.00000   0.00000   0.00000   0.22436   0.94275   1.62045   1.01202   0.95019   1.07287   0.04434   0.22541  
 26 4431.8343    461.636564  x:  0.16930   0.00115   0.00000   0.00000   0.00034   0.00063   0.00045   0.00000   0.00017   0.00067   0.00000   0.00000   0.00000   0.00000   0.00000   0.00111   0.00038   0.00097   0.00000   0.00000   0.01187   0.00000   0.00000   0.00000   0.00028   0.00117   0.00000   0.00000   0.00000   0.00000   0.00063   0.00066   0.00000   0.00067   0.00002   0.01163   0.00000   0.00036   0.00020   0.00000   0.00033   0.00000   0.00000   0.00000   0.00000   0.00000   0.00000   0.22440   0.94271   1.62095   1.01212   0.95020   1.07282   0.04443   0.22427  
 27 196095.7243    461.599936  x:  0.16931   0.00113   0.00000   0.00000   0.00033   0.00060   0.00042   0.00000   0.00014   0.00064   0.00000   0.00000   0.00000   0.00000   0.00000   0.00108   0.00037   0.00096   0.00000   0.00000   0.01187   0.00000   0.00000   0.00000   0.00025   0.00114   0.00000   0.00000   0.00000   0.00000   0.00060   0.00063   0.00000   0.00064   0.00000   0.01163   0.00000   0.00033   0.00017   0.00000   0.00030   0.00000   0.00000   0.00000   0.00000   0.00000   0.00000   0.22441   0.94270   1.62109   1.01215   0.95020   1.07281   0.04445   0.22398  
 28 4343.3324    461.433199  x:  0.16937   0.00108   0.00000   0.00000   0.00027   0.00046   0.00028   0.00000   0.00000   0.00050   0.00000   0.00000   0.00000   0.00000   0.00000   0.00095   0.00031   0.00090   0.00000   0.00000   0.01189   0.00000   0.00000   0.00000   0.00011   0.00101   0.00000   0.00000   0.00000   0.00000   0.00046   0.00050   0.00000   0.00051   0.00000   0.01162   0.00000   0.00020   0.00004   0.00000   0.00017   0.00000   0.00000   0.00000   0.00000   0.00000   0.00000   0.22447   0.94265   1.62173   1.01228   0.95021   1.07275   0.04456   0.22252  
 29 21714.6430    461.397108  x:  0.16938   0.00106   0.00000   0.00000   0.00026   0.00043   0.00025   0.00000   0.00000   0.00047   0.00000   0.00000   0.00000   0.00000   0.00000   0.00091   0.00029   0.00089   0.00000   0.00000   0.01189   0.00000   0.00000   0.00000   0.00008   0.00098   0.00000   0.00000   0.00000   0.00000   0.00043   0.00046   0.00000   0.00048   0.00000   0.01162   0.00000   0.00016   0.00000   0.00000   0.00013   0.00000   0.00000   0.00000   0.00000   0.00000   0.00000   0.22448   0.94264   1.62186   1.01231   0.95021   1.07274   0.04459   0.22222  
 30 4076.1467    461.314106  x:  0.16941   0.00103   0.00000   0.00000   0.00022   0.00035   0.00017   0.00000   0.00000   0.00039   0.00000   0.00000   0.00000   0.00000   0.00000   0.00084   0.00026   0.00085   0.00000   0.00000   0.01190   0.00000   0.00000   0.00000   0.00000   0.00090   0.00000   0.00000   0.00000   0.00000   0.00035   0.00039   0.00000   0.00040   0.00000   0.01161   0.00000   0.00009   0.00000   0.00000   0.00006   0.00000   0.00000   0.00000   0.00000   0.00000   0.00000   0.22451   0.94262   1.62219   1.01238   0.95022   1.07271   0.04464   0.22147  
 31 3215033.4739    461.260129  x:  0.16942   0.00100   0.00000   0.00000   0.00019   0.00030   0.00012   0.00000   0.00000   0.00034   0.00000   0.00000   0.00000   0.00000   0.00000   0.00078   0.00023   0.00082   0.00000   0.00000   0.01190   0.00000   0.00000   0.00000   0.00000   0.00085   0.00000   0.00000   0.00000   0.00000   0.00030   0.00033   0.00000   0.00035   0.00000   0.01161   0.00000   0.00003   0.00000   0.00000   0.00000   0.00000   0.00000   0.00000   0.00000   0.00000   0.00000   0.22452   0.94260   1.62239   1.01242   0.95022   1.07269   0.04468   0.22101  
 32 3604.6971    461.231569  x:  0.16943   0.00098   0.00000   0.00000   0.00018   0.00027   0.00009   0.00000   0.00000   0.00031   0.00000   0.00000   0.00000   0.00000   0.00000   0.00075   0.00022   0.00081   0.00000   0.00000   0.01190   0.00000   0.00000   0.00000   0.00000   0.00082   0.00000   0.00000   0.00000   0.00000   0.00027   0.00030   0.00000   0.00032   0.00000   0.01161   0.00000   0.00000   0.00000   0.00000   0.00000   0.00000   0.00000   0.00000   0.00000   0.00000   0.00000   0.22453   0.94259   1.62250   1.01244   0.95023   1.07268   0.04470   0.22075  
 33 1003348.9324    461.159480  x:  0.16946   0.00093   0.00000   0.00000   0.00013   0.00018   0.00000   0.00000   0.00000   0.00023   0.00000   0.00000   0.00000   0.00000   0.00000   0.00067   0.00017   0.00076   0.00000   0.00000   0.01191   0.00000   0.00000   0.00000   0.00000   0.00073   0.00000   0.00000   0.00000   0.00000   0.00019   0.00022   0.00000   0.00023   0.00000   0.01160   0.00000   0.00000   0.00000   0.00000   0.00000   0.00000   0.00000   0.00000   0.00000   0.00000   0.00000   0.22456   0.94257   1.62277   1.01250   0.95023   1.07265   0.04475   0.22013  
 34 3202.1873    461.020025  x:  0.16951   0.00082   0.00000   0.00000   0.00002   0.00000   0.00000   0.00000   0.00000   0.00005   0.00000   0.00000   0.00000   0.00000   0.00000   0.00049   0.00006   0.00065   0.00000   0.00000   0.01192   0.00000   0.00000   0.00000   0.00000   0.00056   0.00000   0.00000   0.00000   0.00000   0.00001   0.00004   0.00000   0.00006   0.00000   0.01159   0.00000   0.00000   0.00000   0.00000   0.00000   0.00000   0.00000   0.00000   0.00000   0.00000   0.00000   0.22461   0.94252   1.62334   1.01262   0.95025   1.07260   0.04485   0.21882  
 35 123521.2651    461.017003  x:  0.16951   0.00082   0.00000   0.00000   0.00002   0.00000   0.00000   0.00000   0.00000   0.00005   0.00000   0.00000   0.00000   0.00000   0.00000   0.00049   0.00006   0.00065   0.00000   0.00000   0.01192   0.00000   0.00000   0.00000   0.00000   0.00055   0.00000   0.00000   0.00000   0.00000   0.00000   0.00004   0.00000   0.00005   0.00000   0.01159   0.00000   0.00000   0.00000   0.00000   0.00000   0.00000   0.00000   0.00000   0.00000   0.00000   0.00000   0.22461   0.94252   1.62335   1.01262   0.95025   1.07260   0.04485   0.21879  
 36 3111.6689    461.005491  x:  0.16951   0.00081   0.00000   0.00000   0.00000   0.00000   0.00000   0.00000   0.00000   0.00003   0.00000   0.00000   0.00000   0.00000   0.00000   0.00047   0.00005   0.00064   0.00000   0.00000   0.01192   0.00000   0.00000   0.00000   0.00000   0.00054   0.00000   0.00000   0.00000   0.00000   0.00000   0.00002   0.00000   0.00003   0.00000   0.01159   0.00000   0.00000   0.00000   0.00000   0.00000   0.00000   0.00000   0.00000   0.00000   0.00000   0.00000   0.22461   0.94252   1.62340   1.01263   0.95025   1.07259   0.04486   0.21868  
 37 28904.6136    460.994535  x:  0.16952   0.00080   0.00000   0.00000   0.00000   0.00000   0.00000   0.00000   0.00000   0.00001   0.00000   0.00000   0.00000   0.00000   0.00000   0.00045   0.00003   0.00062   0.00000   0.00000   0.01192   0.00000   0.00000   0.00000   0.00000   0.00052   0.00000   0.00000   0.00000   0.00000   0.00000   0.00000   0.00000   0.00002   0.00000   0.01159   0.00000   0.00000   0.00000   0.00000   0.00000   0.00000   0.00000   0.00000   0.00000   0.00000   0.00000   0.22461   0.94251   1.62344   1.01264   0.95025   1.07259   0.04486   0.21858  
 38 4102.6131    460.991238  x:  0.16952   0.00079   0.00000   0.00000   0.00000   0.00000   0.00000   0.00000   0.00000   0.00000   0.00000   0.00000   0.00000   0.00000   0.00000   0.00045   0.00003   0.00062   0.00000   0.00000   0.01192   0.00000   0.00000   0.00000   0.00000   0.00051   0.00000   0.00000   0.00000   0.00000   0.00000   0.00000   0.00000   0.00001   0.00000   0.01159   0.00000   0.00000   0.00000   0.00000   0.00000   0.00000   0.00000   0.00000   0.00000   0.00000   0.00000   0.22462   0.94251   1.62345   1.01264   0.95025   1.07259   0.04487   0.21855  
 39 9118.3668    460.989054  x:  0.16952   0.00079   0.00000   0.00000   0.00000   0.00000   0.00000   0.00000   0.00000   0.00000   0.00000   0.00000   0.00000   0.00000   0.00000   0.00044   0.00002   0.00062   0.00000   0.00000   0.01192   0.00000   0.00000   0.00000   0.00000   0.00051   0.00000   0.00000   0.00000   0.00000   0.00000   0.00000   0.00000   0.00000   0.00000   0.01159   0.00000   0.00000   0.00000   0.00000   0.00000   0.00000   0.00000   0.00000   0.00000   0.00000   0.00000   0.22462   0.94251   1.62346   1.01264   0.95025   1.07258   0.04487   0.21853  
 40 2220.0282    460.980150  x:  0.16952   0.00077   0.00000   0.00000   0.00000   0.00000   0.00000   0.00000   0.00000   0.00000   0.00000   0.00000   0.00000   0.00000   0.00000   0.00042   0.00000   0.00059   0.00000   0.00000   0.01192   0.00000   0.00000   0.00000   0.00000   0.00048   0.00000   0.00000   0.00000   0.00000   0.00000   0.00000   0.00000   0.00000   0.00000   0.01159   0.00000   0.00000   0.00000   0.00000   0.00000   0.00000   0.00000   0.00000   0.00000   0.00000   0.00000   0.22462   0.94251   1.62350   1.01265   0.95025   1.07258   0.04487   0.21844  
 41 4472.7172    460.849783  x:  0.16957   0.00045   0.00000   0.00000   0.00000   0.00000   0.00000   0.00000   0.00000   0.00000   0.00000   0.00000   0.00000   0.00000   0.00000   0.00000   0.00000   0.00021   0.00000   0.00000   0.01194   0.00000   0.00000   0.00000   0.00000   0.00007   0.00000   0.00000   0.00000   0.00000   0.00000   0.00000   0.00000   0.00000   0.00000   0.01158   0.00000   0.00000   0.00000   0.00000   0.00000   0.00000   0.00000   0.00000   0.00000   0.00000   0.00000   0.22467   0.94247   1.62405   1.01276   0.95028   1.07253   0.04497   0.21711  
 42 1748.4741    460.834796  x:  0.16958   0.00039   0.00000   0.00000   0.00000   0.00000   0.00000   0.00000   0.00000   0.00000   0.00000   0.00000   0.00000   0.00000   0.00000   0.00000   0.00000   0.00015   0.00000   0.00000   0.01194   0.00000   0.00000   0.00000   0.00000   0.00000   0.00000   0.00000   0.00000   0.00000   0.00000   0.00000   0.00000   0.00000   0.00000   0.01158   0.00000   0.00000   0.00000   0.00000   0.00000   0.00000   0.00000   0.00000   0.00000   0.00000   0.00000   0.22468   0.94246   1.62412   1.01278   0.95029   1.07253   0.04498   0.21695  
 43 1167.9893    460.807677  x:  0.16959   0.00023   0.00000   0.00000   0.00000   0.00000   0.00000   0.00000   0.00000   0.00000   0.00000   0.00000   0.00000   0.00000   0.00000   0.00000   0.00000   0.00000   0.00000   0.00000   0.01194   0.00000   0.00000   0.00000   0.00000   0.00000   0.00000   0.00000   0.00000   0.00000   0.00000   0.00000   0.00000   0.00000   0.00000   0.01158   0.00000   0.00000   0.00000   0.00000   0.00000   0.00000   0.00000   0.00000   0.00000   0.00000   0.00000   0.22469   0.94246   1.62424   1.01280   0.95030   1.07252   0.04500   0.21665  
 44 643.1960    460.788034  x:  0.16960   0.00000   0.00000   0.00000   0.00000   0.00000   0.00000   0.00000   0.00000   0.00000   0.00000   0.00000   0.00000   0.00000   0.00000   0.00000   0.00000   0.00000   0.00000   0.00000   0.01194   0.00000   0.00000   0.00000   0.00000   0.00000   0.00000   0.00000   0.00000   0.00000   0.00000   0.00000   0.00000   0.00000   0.00000   0.01158   0.00000   0.00000   0.00000   0.00000   0.00000   0.00000   0.00000   0.00000   0.00000   0.00000   0.00000   0.22470   0.94245   1.62434   1.01282   0.95031   1.07251   0.04502   0.21638  
 45 464.4886    457.481323  x:  0.17779   0.00000   0.00000   0.00000   0.00000   0.00000   0.00000   0.00000   0.00000   0.00000   0.00000   0.00000   0.00000   0.00000   0.00000   0.00000   0.00000   0.00000   0.00000   0.00000   0.01073   0.00000   0.00000   0.00000   0.00000   0.00000   0.00000   0.00000   0.00000   0.00000   0.00000   0.00000   0.00000   0.00000   0.00000   0.01283   0.00000   0.00000   0.00000   0.00000   0.00000   0.00000   0.00000   0.00000   0.00000   0.00000   0.00000   0.23289   1.00874   1.60285   0.96788   1.00000   1.09376   0.02842   0.06389  
 46 12.7074    456.562583  x:  0.17218   0.00000   0.00000   0.00000   0.00000   0.00000   0.00000   0.00000   0.00000   0.00000   0.00000   0.00000   0.00000   0.00000   0.00000   0.00000   0.00000   0.00000   0.00000   0.00000   0.01275   0.00000   0.00000   0.00000   0.00000   0.00000   0.00000   0.00000   0.00000   0.00000   0.00000   0.00000   0.00000   0.00000   0.00000   0.01076   0.00000   0.00000   0.00000   0.00000   0.00000   0.00000   0.00000   0.00000   0.00000   0.00000   0.00000   0.22727   1.12183   1.43101   0.82133   1.00000   1.05785   0.06714   0.15181  
 47  4.8011    456.278167  x:  0.16974   0.00000   0.00000   0.00000   0.00000   0.00000   0.00000   0.00000   0.00000   0.00000   0.00000   0.00000   0.00000   0.00000   0.00000   0.00000   0.00000   0.00000   0.00000   0.00000   0.01344   0.00000   0.00000   0.00000   0.00000   0.00000   0.00000   0.00000   0.00000   0.00000   0.00000   0.00000   0.00000   0.00000   0.00000   0.01020   0.00000   0.00000   0.00000   0.00000   0.00000   0.00000   0.00000   0.00000   0.00000   0.00000   0.00000   0.22483   1.18778   1.34411   0.85960   1.00000   1.05361   0.07865   0.15255  
 48  3.2228    455.076721  x:  0.17454   0.00000   0.00000   0.00000   0.00000   0.00000   0.00000   0.00000   0.00000   0.00000   0.00000   0.00000   0.00000   0.00000   0.00000   0.00000   0.00000   0.00000   0.00000   0.00000   0.01140   0.00000   0.00000   0.00000   0.00000   0.00000   0.00000   0.00000   0.00000   0.00000   0.00000   0.00000   0.00000   0.00000   0.00000   0.01354   0.00000   0.00000   0.00000   0.00000   0.00000   0.00000   0.00000   0.00000   0.00000   0.00000   0.00000   0.22964   1.95703   1.37130   0.81122   1.00000   1.35154   0.00010   0.09780  
 49  1.0633    455.028666  x:  0.17502   0.00000   0.00000   0.00000   0.00000   0.00000   0.00000   0.00000   0.00000   0.00000   0.00000   0.00000   0.00000   0.00000   0.00000   0.00000   0.00000   0.00000   0.00000   0.00000   0.01196   0.00000   0.00000   0.00000   0.00000   0.00000   0.00000   0.00000   0.00000   0.00000   0.00000   0.00000   0.00000   0.00000   0.00000   0.01297   0.00000   0.00000   0.00000   0.00000   0.00000   0.00000   0.00000   0.00000   0.00000   0.00000   0.00000   0.23011   1.89368   1.35158   0.79944   1.00000   1.34728   0.02527   0.07308  
 50  0.6536    454.951108  x:  0.17522   0.00000   0.00000   0.00000   0.00000   0.00000   0.00000   0.00000   0.00000   0.00000   0.00000   0.00000   0.00000   0.00000   0.00000   0.00000   0.00000   0.00000   0.00000   0.00000   0.01143   0.00000   0.00000   0.00000   0.00000   0.00000   0.00000   0.00000   0.00000   0.00000   0.00000   0.00000   0.00000   0.00000   0.00000   0.01310   0.00000   0.00000   0.00000   0.00000   0.00000   0.00000   0.00000   0.00000   0.00000   0.00000   0.00000   0.23032   1.84432   1.30703   0.78968   1.00000   1.28245   0.17877   0.06352  
 51  0.2756    454.931487  x:  0.17559   0.00000   0.00000   0.00000   0.00000   0.00000   0.00000   0.00000   0.00000   0.00000   0.00000   0.00000   0.00000   0.00000   0.00000   0.00000   0.00000   0.00000   0.00000   0.00000   0.01259   0.00000   0.00000   0.00000   0.00000   0.00000   0.00000   0.00000   0.00000   0.00000   0.00000   0.00000   0.00000   0.00000   0.00000   0.01174   0.00000   0.00000   0.00000   0.00000   0.00000   0.00000   0.00000   0.00000   0.00000   0.00000   0.00000   0.23066   1.82396   1.31462   0.80164   1.00000   1.29458   0.29494   0.05195  
 52  0.1468    454.918288  x:  0.17905   0.00000   0.00000   0.00000   0.00000   0.00000   0.00000   0.00000   0.00000   0.00000   0.00000   0.00000   0.00000   0.00000   0.00000   0.00000   0.00000   0.00000   0.00000   0.00000   0.01184   0.00000   0.00000   0.00000   0.00000   0.00000   0.00000   0.00000   0.00000   0.00000   0.00000   0.00000   0.00000   0.00000   0.00000   0.01244   0.00000   0.00000   0.00000   0.00000   0.00000   0.00000   0.00000   0.00000   0.00000   0.00000   0.00000   0.23412   1.81154   1.32591   0.80836   1.00000   1.36381   0.49436   0.02998  
 53  0.1461    454.887360  x:  0.17782   0.00000   0.00000   0.00000   0.00000   0.00000   0.00000   0.00000   0.00000   0.00000   0.00000   0.00000   0.00000   0.00000   0.00000   0.00000   0.00000   0.00000   0.00000   0.00000   0.01232   0.00000   0.00000   0.00000   0.00000   0.00000   0.00000   0.00000   0.00000   0.00000   0.00000   0.00000   0.00000   0.00000   0.00000   0.01190   0.00000   0.00000   0.00000   0.00000   0.00000   0.00000   0.00000   0.00000   0.00000   0.00000   0.00000   0.23288   1.80256   1.33353   0.80023   1.00000   1.79202   0.91398   0.01528  
 54  0.2777    454.840848  x:  0.17535   0.00000   0.00000   0.00000   0.00000   0.00000   0.00000   0.00000   0.00000   0.00000   0.00000   0.00000   0.00000   0.00000   0.00000   0.00000   0.00000   0.00000   0.00000   0.00000   0.01279   0.00000   0.00000   0.00000   0.00000   0.00000   0.00000   0.00000   0.00000   0.00000   0.00000   0.00000   0.00000   0.00000   0.00000   0.01184   0.00000   0.00000   0.00000   0.00000   0.00000   0.00000   0.00000   0.00000   0.00000   0.00000   0.00000   0.23040   1.85535   1.32452   0.79245   1.00000   2.55337   1.83050   0.00442  
 55  0.5097    454.796752  x:  0.17936   0.00000   0.00000   0.00000   0.00000   0.00000   0.00000   0.00000   0.00000   0.00000   0.00000   0.00000   0.00000   0.00000   0.00000   0.00000   0.00000   0.00000   0.00000   0.00000   0.01270   0.00000   0.00000   0.00000   0.00000   0.00000   0.00000   0.00000   0.00000   0.00000   0.00000   0.00000   0.00000   0.00000   0.00000   0.01236   0.00000   0.00000   0.00000   0.00000   0.00000   0.00000   0.00000   0.00000   0.00000   0.00000   0.00000   0.23439   1.89098   1.31217   0.80259   1.00000   3.53043   2.60415   0.03179  
 56  0.8108    454.776224  x:  0.17577   0.00000   0.00000   0.00000   0.00000   0.00000   0.00000   0.00000   0.00000   0.00000   0.00000   0.00000   0.00000   0.00000   0.00000   0.00000   0.00000   0.00000   0.00000   0.00000   0.01175   0.00000   0.00000   0.00000   0.00000   0.00000   0.00000   0.00000   0.00000   0.00000   0.00000   0.00000   0.00000   0.00000   0.00000   0.01200   0.00000   0.00000   0.00000   0.00000   0.00000   0.00000   0.00000   0.00000   0.00000   0.00000   0.00000   0.23083   1.83922   1.32624   0.80117   1.00000   4.44640   3.46114   0.04379  
 57  0.5384    454.770189  x:  0.17772   0.00000   0.00000   0.00000   0.00000   0.00000   0.00000   0.00000   0.00000   0.00000   0.00000   0.00000   0.00000   0.00000   0.00000   0.00000   0.00000   0.00000   0.00000   0.00000   0.01224   0.00000   0.00000   0.00000   0.00000   0.00000   0.00000   0.00000   0.00000   0.00000   0.00000   0.00000   0.00000   0.00000   0.00000   0.01212   0.00000   0.00000   0.00000   0.00000   0.00000   0.00000   0.00000   0.00000   0.00000   0.00000   0.00000   0.23277   1.78988   1.31981   0.79994   1.00000   5.08473   4.12028   0.04065  
 58  0.5354    454.767508  x:  0.17598   0.00000   0.00000   0.00000   0.00000   0.00000   0.00000   0.00000   0.00000   0.00000   0.00000   0.00000   0.00000   0.00000   0.00000   0.00000   0.00000   0.00000   0.00000   0.00000   0.01218   0.00000   0.00000   0.00000   0.00000   0.00000   0.00000   0.00000   0.00000   0.00000   0.00000   0.00000   0.00000   0.00000   0.00000   0.01239   0.00000   0.00000   0.00000   0.00000   0.00000   0.00000   0.00000   0.00000   0.00000   0.00000   0.00000   0.23103   1.81147   1.32079   0.80277   1.00000   5.85727   4.88007   0.04202  
 59  0.4119    454.765778  x:  0.17753   0.00000   0.00000   0.00000   0.00000   0.00000   0.00000   0.00000   0.00000   0.00000   0.00000   0.00000   0.00000   0.00000   0.00000   0.00000   0.00000   0.00000   0.00000   0.00000   0.01216   0.00000   0.00000   0.00000   0.00000   0.00000   0.00000   0.00000   0.00000   0.00000   0.00000   0.00000   0.00000   0.00000   0.00000   0.01208   0.00000   0.00000   0.00000   0.00000   0.00000   0.00000   0.00000   0.00000   0.00000   0.00000   0.00000   0.23256   1.81702   1.32184   0.80019   1.00000   6.75010   5.78377   0.04062  
 60  0.5772    454.765172  x:  0.17680   0.00000   0.00000   0.00000   0.00000   0.00000   0.00000   0.00000   0.00000   0.00000   0.00000   0.00000   0.00000   0.00000   0.00000   0.00000   0.00000   0.00000   0.00000   0.00000   0.01217   0.00000   0.00000   0.00000   0.00000   0.00000   0.00000   0.00000   0.00000   0.00000   0.00000   0.00000   0.00000   0.00000   0.00000   0.01219   0.00000   0.00000   0.00000   0.00000   0.00000   0.00000   0.00000   0.00000   0.00000   0.00000   0.00000   0.23183   1.81212   1.31989   0.80108   1.00000   7.62942   6.67311   0.03900  
 61  0.5370    454.764907  x:  0.17709   0.00000   0.00000   0.00000   0.00000   0.00000   0.00000   0.00000   0.00000   0.00000   0.00000   0.00000   0.00000   0.00000   0.00000   0.00000   0.00000   0.00000   0.00000   0.00000   0.01219   0.00000   0.00000   0.00000   0.00000   0.00000   0.00000   0.00000   0.00000   0.00000   0.00000   0.00000   0.00000   0.00000   0.00000   0.01218   0.00000   0.00000   0.00000   0.00000   0.00000   0.00000   0.00000   0.00000   0.00000   0.00000   0.00000   0.23212   1.81602   1.32135   0.80095   1.00000   8.50994   7.54220   0.04122  
 62  0.5313    454.764797  x:  0.17704   0.00000   0.00000   0.00000   0.00000   0.00000   0.00000   0.00000   0.00000   0.00000   0.00000   0.00000   0.00000   0.00000   0.00000   0.00000   0.00000   0.00000   0.00000   0.00000   0.01216   0.00000   0.00000   0.00000   0.00000   0.00000   0.00000   0.00000   0.00000   0.00000   0.00000   0.00000   0.00000   0.00000   0.00000   0.01216   0.00000   0.00000   0.00000   0.00000   0.00000   0.00000   0.00000   0.00000   0.00000   0.00000   0.00000   0.23206   1.81231   1.32090   0.80085   1.00000   9.41598   8.45535   0.03954  
 63  0.5350    454.764753  x:  0.17701   0.00000   0.00000   0.00000   0.00000   0.00000   0.00000   0.00000   0.00000   0.00000   0.00000   0.00000   0.00000   0.00000   0.00000   0.00000   0.00000   0.00000   0.00000   0.00000   0.01218   0.00000   0.00000   0.00000   0.00000   0.00000   0.00000   0.00000   0.00000   0.00000   0.00000   0.00000   0.00000   0.00000   0.00000   0.01218   0.00000   0.00000   0.00000   0.00000   0.00000   0.00000   0.00000   0.00000   0.00000   0.00000   0.00000   0.23202   1.81442   1.32069   0.80094   1.00000  10.35528   9.38867   0.04081  
 64  0.5290    454.764735  x:  0.17706   0.00000   0.00000   0.00000   0.00000   0.00000   0.00000   0.00000   0.00000   0.00000   0.00000   0.00000   0.00000   0.00000   0.00000   0.00000   0.00000   0.00000   0.00000   0.00000   0.01217   0.00000   0.00000   0.00000   0.00000   0.00000   0.00000   0.00000   0.00000   0.00000   0.00000   0.00000   0.00000   0.00000   0.00000   0.01217   0.00000   0.00000   0.00000   0.00000   0.00000   0.00000   0.00000   0.00000   0.00000   0.00000   0.00000   0.23207   1.81359   1.32110   0.80092   1.00000  11.13925  10.17682   0.03999  
 65  0.4826    454.764728  x:  0.17702   0.00000   0.00000   0.00000   0.00000   0.00000   0.00000   0.00000   0.00000   0.00000   0.00000   0.00000   0.00000   0.00000   0.00000   0.00000   0.00000   0.00000   0.00000   0.00000   0.01218   0.00000   0.00000   0.00000   0.00000   0.00000   0.00000   0.00000   0.00000   0.00000   0.00000   0.00000   0.00000   0.00000   0.00000   0.01217   0.00000   0.00000   0.00000   0.00000   0.00000   0.00000   0.00000   0.00000   0.00000   0.00000   0.00000   0.23203   1.81392   1.32072   0.80089   1.00000  12.10878  11.14429   0.04043  
 66  0.4966    454.764725  x:  0.17705   0.00000   0.00000   0.00000   0.00000   0.00000   0.00000   0.00000   0.00000   0.00000   0.00000   0.00000   0.00000   0.00000   0.00000   0.00000   0.00000   0.00000   0.00000   0.00000   0.01217   0.00000   0.00000   0.00000   0.00000   0.00000   0.00000   0.00000   0.00000   0.00000   0.00000   0.00000   0.00000   0.00000   0.00000   0.01217   0.00000   0.00000   0.00000   0.00000   0.00000   0.00000   0.00000   0.00000   0.00000   0.00000   0.00000   0.23206   1.81381   1.32101   0.80093   1.00000  12.91945  11.95616   0.04017  
 67  0.4939    454.764723  x:  0.17703   0.00000   0.00000   0.00000   0.00000   0.00000   0.00000   0.00000   0.00000   0.00000   0.00000   0.00000   0.00000   0.00000   0.00000   0.00000   0.00000   0.00000   0.00000   0.00000   0.01217   0.00000   0.00000   0.00000   0.00000   0.00000   0.00000   0.00000   0.00000   0.00000   0.00000   0.00000   0.00000   0.00000   0.00000   0.01217   0.00000   0.00000   0.00000   0.00000   0.00000   0.00000   0.00000   0.00000   0.00000   0.00000   0.00000   0.23204   1.81379   1.32081   0.80089   1.00000  13.88437  12.92028   0.04033  
 68  0.4897    454.764723  x:  0.17705   0.00000   0.00000   0.00000   0.00000   0.00000   0.00000   0.00000   0.00000   0.00000   0.00000   0.00000   0.00000   0.00000   0.00000   0.00000   0.00000   0.00000   0.00000   0.00000   0.01217   0.00000   0.00000   0.00000   0.00000   0.00000   0.00000   0.00000   0.00000   0.00000   0.00000   0.00000   0.00000   0.00000   0.00000   0.01217   0.00000   0.00000   0.00000   0.00000   0.00000   0.00000   0.00000   0.00000   0.00000   0.00000   0.00000   0.23205   1.81381   1.32095   0.80093   1.00000  14.71137  13.74777   0.04023  
 69  0.4939    454.764722  x:  0.17704   0.00000   0.00000   0.00000   0.00000   0.00000   0.00000   0.00000   0.00000   0.00000   0.00000   0.00000   0.00000   0.00000   0.00000   0.00000   0.00000   0.00000   0.00000   0.00000   0.01217   0.00000   0.00000   0.00000   0.00000   0.00000   0.00000   0.00000   0.00000   0.00000   0.00000   0.00000   0.00000   0.00000   0.00000   0.01217   0.00000   0.00000   0.00000   0.00000   0.00000   0.00000   0.00000   0.00000   0.00000   0.00000   0.00000   0.23204   1.81380   1.32086   0.80090   1.00000  15.64679  14.68293   0.04028  
 70  0.4849    454.764722  x:  0.17705   0.00000   0.00000   0.00000   0.00000   0.00000   0.00000   0.00000   0.00000   0.00000   0.00000   0.00000   0.00000   0.00000   0.00000   0.00000   0.00000   0.00000   0.00000   0.00000   0.01217   0.00000   0.00000   0.00000   0.00000   0.00000   0.00000   0.00000   0.00000   0.00000   0.00000   0.00000   0.00000   0.00000   0.00000   0.01217   0.00000   0.00000   0.00000   0.00000   0.00000   0.00000   0.00000   0.00000   0.00000   0.00000   0.00000   0.23204   1.81382   1.32092   0.80092   1.00000  16.50561  15.54192   0.04025  
 71  0.4949    454.764722  x:  0.17705   0.00000   0.00000   0.00000   0.00000   0.00000   0.00000   0.00000   0.00000   0.00000   0.00000   0.00000   0.00000   0.00000   0.00000   0.00000   0.00000   0.00000   0.00000   0.00000   0.01217   0.00000   0.00000   0.00000   0.00000   0.00000   0.00000   0.00000   0.00000   0.00000   0.00000   0.00000   0.00000   0.00000   0.00000   0.01217   0.00000   0.00000   0.00000   0.00000   0.00000   0.00000   0.00000   0.00000   0.00000   0.00000   0.00000   0.23204   1.81380   1.32088   0.80091   1.00000  17.34277  16.37897   0.04027  
 72  0.4664    454.764722  x:  0.17705   0.00000   0.00000   0.00000   0.00000   0.00000   0.00000   0.00000   0.00000   0.00000   0.00000   0.00000   0.00000   0.00000   0.00000   0.00000   0.00000   0.00000   0.00000   0.00000   0.01217   0.00000   0.00000   0.00000   0.00000   0.00000   0.00000   0.00000   0.00000   0.00000   0.00000   0.00000   0.00000   0.00000   0.00000   0.01217   0.00000   0.00000   0.00000   0.00000   0.00000   0.00000   0.00000   0.00000   0.00000   0.00000   0.00000   0.23204   1.81381   1.32091   0.80092   1.00000  18.23259  17.26886   0.04025  
 73  0.4727    454.764722  x:  0.17705   0.00000   0.00000   0.00000   0.00000   0.00000   0.00000   0.00000   0.00000   0.00000   0.00000   0.00000   0.00000   0.00000   0.00000   0.00000   0.00000   0.00000   0.00000   0.00000   0.01217   0.00000   0.00000   0.00000   0.00000   0.00000   0.00000   0.00000   0.00000   0.00000   0.00000   0.00000   0.00000   0.00000   0.00000   0.01217   0.00000   0.00000   0.00000   0.00000   0.00000   0.00000   0.00000   0.00000   0.00000   0.00000   0.00000   0.23203   1.81381   1.32089   0.80091   1.00000  18.85270  17.88893   0.04026  
 74  0.4030    454.764722  x:  0.17705   0.00000   0.00000   0.00000   0.00000   0.00000   0.00000   0.00000   0.00000   0.00000   0.00000   0.00000   0.00000   0.00000   0.00000   0.00000   0.00000   0.00000   0.00000   0.00000   0.01217   0.00000   0.00000   0.00000   0.00000   0.00000   0.00000   0.00000   0.00000   0.00000   0.00000   0.00000   0.00000   0.00000   0.00000   0.01217   0.00000   0.00000   0.00000   0.00000   0.00000   0.00000   0.00000   0.00000   0.00000   0.00000   0.00000   0.23203   1.81381   1.32090   0.80091   1.00000  19.44247  18.47873   0.04026  
 75  0.3124    454.764722  x:  0.17705   0.00000   0.00000   0.00000   0.00000   0.00000   0.00000   0.00000   0.00000   0.00000   0.00000   0.00000   0.00000   0.00000   0.00000   0.00000   0.00000   0.00000   0.00000   0.00000   0.01217   0.00000   0.00000   0.00000   0.00000   0.00000   0.00000   0.00000   0.00000   0.00000   0.00000   0.00000   0.00000   0.00000   0.00000   0.01217   0.00000   0.00000   0.00000   0.00000   0.00000   0.00000   0.00000   0.00000   0.00000   0.00000   0.00000   0.23203   1.81381   1.32090   0.80091   1.00000  19.63262  18.66886   0.04026  
 76  0.1616    454.764722  x:  0.17705   0.00000   0.00000   0.00000   0.00000   0.00000   0.00000   0.00000   0.00000   0.00000   0.00000   0.00000   0.00000   0.00000   0.00000   0.00000   0.00000   0.00000   0.00000   0.00000   0.01217   0.00000   0.00000   0.00000   0.00000   0.00000   0.00000   0.00000   0.00000   0.00000   0.00000   0.00000   0.00000   0.00000   0.00000   0.01217   0.00000   0.00000   0.00000   0.00000   0.00000   0.00000   0.00000   0.00000   0.00000   0.00000   0.00000   0.23203   1.81381   1.32090   0.80091   1.00000  21.23426  20.27053   0.04026  
 77  0.2831    454.764722  x:  0.17705   0.00000   0.00000   0.00000   0.00000   0.00000   0.00000   0.00000   0.00000   0.00000   0.00000   0.00000   0.00000   0.00000   0.00000   0.00000   0.00000   0.00000   0.00000   0.00000   0.01217   0.00000   0.00000   0.00000   0.00000   0.00000   0.00000   0.00000   0.00000   0.00000   0.00000   0.00000   0.00000   0.00000   0.00000   0.01217   0.00000   0.00000   0.00000   0.00000   0.00000   0.00000   0.00000   0.00000   0.00000   0.00000   0.00000   0.23203   1.81381   1.32090   0.80091   1.00000  20.85385  19.89010   0.04026  
 78  1.3450    454.764722  x:  0.17705   0.00000   0.00000   0.00000   0.00000   0.00000   0.00000   0.00000   0.00000   0.00000   0.00000   0.00000   0.00000   0.00000   0.00000   0.00000   0.00000   0.00000   0.00000   0.00000   0.01217   0.00000   0.00000   0.00000   0.00000   0.00000   0.00000   0.00000   0.00000   0.00000   0.00000   0.00000   0.00000   0.00000   0.00000   0.01217   0.00000   0.00000   0.00000   0.00000   0.00000   0.00000   0.00000   0.00000   0.00000   0.00000   0.00000   0.23203   1.81381   1.32090   0.80091   1.00000  21.04677  20.08301   0.04026  
 79  0.5380    454.764722  x:  0.17705   0.00000   0.00000   0.00000   0.00000   0.00000   0.00000   0.00000   0.00000   0.00000   0.00000   0.00000   0.00000   0.00000   0.00000   0.00000   0.00000   0.00000   0.00000   0.00000   0.01217   0.00000   0.00000   0.00000   0.00000   0.00000   0.00000   0.00000   0.00000   0.00000   0.00000   0.00000   0.00000   0.00000   0.00000   0.01217   0.00000   0.00000   0.00000   0.00000   0.00000   0.00000   0.00000   0.00000   0.00000   0.00000   0.00000   0.23203   1.81381   1.32090   0.80091   1.00000  21.04677  20.08302   0.04026  