Supplemental results for CODEML (seqf: aln.phy  treef: tree.tre)


MLEs of dN/dS (w) for site classes (K=4)

site class             0        1       2a       2b
proportion       0.83362  0.11793  0.04244  0.00600
background w     0.01940  1.00000  0.01940  1.00000
foreground w     0.01940  1.00000  2.78842  2.78842

Naive Empirical Bayes (NEB) probabilities for 4 classes
(amino acids refer to 1st sequence: KY581700.1)

   1 M   0.94330 0.02572 0.03001 0.00097 ( 1)
   2 A   0.92128 0.04260 0.03435 0.00177 ( 1)
   3 A   0.00012 0.89701 0.00063 0.10224 ( 2)
   4 P   0.92484 0.04006 0.03346 0.00164 ( 1)
   5 A   0.92318 0.04135 0.03377 0.00170 ( 1)
   6 A   0.92004 0.04383 0.03430 0.00183 ( 1)
   7 P   0.92461 0.04030 0.03345 0.00165 ( 1)
   8 R   0.92306 0.04147 0.03376 0.00171 ( 1)
   9 A   0.92336 0.04117 0.03377 0.00169 ( 1)
  10 V   0.92207 0.04242 0.03377 0.00175 ( 1)
  11 S   0.11568 0.25925 0.59572 0.02935 ( 3)
  12 F   0.93721 0.03042 0.03119 0.00118 ( 1)
  13 A   0.92390 0.04079 0.03363 0.00167 ( 1)
  14 D   0.93378 0.03292 0.03200 0.00130 ( 1)
  15 N   0.93437 0.03248 0.03187 0.00128 ( 1)
  16 N   0.93378 0.03292 0.03200 0.00130 ( 1)
  17 D   0.93181 0.03488 0.03193 0.00138 ( 1)
  18 I   0.16950 0.79309 0.00588 0.03153 ( 2)
  19 T   0.24081 0.72022 0.00898 0.02999 ( 2)
  20 N   0.93378 0.03292 0.03200 0.00130 ( 1)
  21 T   0.15754 0.80313 0.00587 0.03345 ( 2)
  22 N   0.93437 0.03248 0.03187 0.00128 ( 1)
  23 L   0.00010 0.89145 0.00058 0.10787 ( 2)
  24 S   0.92437 0.04050 0.03348 0.00166 ( 1)
  25 R   0.89743 0.06238 0.03740 0.00279 ( 1)
  26 G   0.91837 0.04577 0.03396 0.00190 ( 1)
  27 R   0.91856 0.04495 0.03461 0.00188 ( 1)
  28 G   0.91070 0.05137 0.03573 0.00221 ( 1)
  29 R   0.86637 0.09792 0.03169 0.00403 ( 1)
  30 N   0.93181 0.03488 0.03193 0.00138 ( 1)
  31 P   0.92252 0.04171 0.03404 0.00173 ( 1)
  32 K   0.92585 0.03907 0.03348 0.00160 ( 1)
  33 P   0.92252 0.04171 0.03404 0.00173 ( 1)
  34 R   0.89743 0.06238 0.03740 0.00279 ( 1)
  35 A   0.25192 0.70967 0.00921 0.02919 ( 2)
  36 A   0.92004 0.04383 0.03430 0.00183 ( 1)
  37 P   0.92138 0.04284 0.03400 0.00177 ( 1)
  38 N   0.93378 0.03292 0.03200 0.00130 ( 1)
  39 N   0.93437 0.03248 0.03187 0.00128 ( 1)
  40 T   0.92318 0.04135 0.03377 0.00170 ( 1)
  41 V   0.92375 0.04090 0.03367 0.00168 ( 1)
  42 S   0.92445 0.04041 0.03349 0.00165 ( 1)
  43 W   0.92326 0.04104 0.03401 0.00170 ( 1)
  44 Y   0.92406 0.04059 0.03368 0.00167 ( 1)
  45 T   0.92228 0.04228 0.03371 0.00174 ( 1)
  46 G   0.91840 0.04511 0.03460 0.00189 ( 1)
  47 L   0.92441 0.04045 0.03348 0.00165 ( 1)
  48 T   0.92390 0.04079 0.03363 0.00167 ( 1)
  49 Q   0.92326 0.04112 0.03393 0.00170 ( 1)
  50 H   0.93545 0.03116 0.03216 0.00124 ( 1)
  51 G   0.91844 0.04510 0.03457 0.00189 ( 1)
  52 K   0.92585 0.03907 0.03348 0.00160 ( 1)
  53 V   0.92375 0.04090 0.03367 0.00168 ( 1)
  54 P   0.28707 0.67498 0.01039 0.02757 ( 2)
  55 L   0.92441 0.04045 0.03348 0.00165 ( 1)
  56 T   0.25367 0.70806 0.00923 0.02904 ( 2)
  57 F   0.93518 0.03244 0.03112 0.00126 ( 1)
  58 P   0.92138 0.04284 0.03400 0.00177 ( 1)
  59 P   0.92461 0.04030 0.03345 0.00165 ( 1)
  60 G   0.91610 0.04740 0.03451 0.00199 ( 1)
  61 Q   0.92334 0.04104 0.03393 0.00169 ( 1)
  62 G   0.92169 0.04246 0.03409 0.00176 ( 1)
  63 V   0.91989 0.04394 0.03434 0.00183 ( 1)
  64 P   0.92461 0.04030 0.03345 0.00165 ( 1)
  65 L   0.92441 0.04045 0.03348 0.00165 ( 1)
  66 N   0.93378 0.03292 0.03200 0.00130 ( 1)
  67 A   0.92390 0.04079 0.03363 0.00167 ( 1)
  68 N   0.93378 0.03292 0.03200 0.00130 ( 1)
  69 S   0.92456 0.04040 0.03339 0.00165 ( 1)
  70 T   0.11400 0.25951 0.59680 0.02969 ( 3)
  71 P   0.92453 0.04033 0.03349 0.00165 ( 1)
  72 A   0.92008 0.04379 0.03430 0.00182 ( 1)
  73 Q   0.92326 0.04112 0.03393 0.00170 ( 1)
  74 N   0.93378 0.03292 0.03200 0.00130 ( 1)
  75 A   0.92318 0.04135 0.03377 0.00170 ( 1)
  76 G   0.91853 0.04507 0.03452 0.00189 ( 1)
  77 Y   0.92333 0.04116 0.03381 0.00169 ( 1)
  78 W   0.92326 0.04104 0.03401 0.00170 ( 1)
  79 R   0.91242 0.05010 0.03534 0.00214 ( 1)
  80 R   0.91856 0.04495 0.03461 0.00188 ( 1)
  81 Q   0.92334 0.04104 0.03393 0.00169 ( 1)
  82 D   0.93437 0.03248 0.03187 0.00128 ( 1)
  83 R   0.91856 0.04495 0.03461 0.00188 ( 1)
  84 K   0.92585 0.03907 0.03348 0.00160 ( 1)
  85 I   0.92964 0.03621 0.03270 0.00145 ( 1)
  86 N   0.93378 0.03292 0.03200 0.00130 ( 1)
  87 T   0.92271 0.04198 0.03359 0.00172 ( 1)
  88 G   0.91608 0.04742 0.03451 0.00199 ( 1)
  89 N   0.93378 0.03292 0.03200 0.00130 ( 1)
  90 G   0.91070 0.05137 0.03573 0.00221 ( 1)
  91 I   0.29561 0.66723 0.01040 0.02676 ( 2)
  92 K   0.92589 0.03904 0.03348 0.00159 ( 1)
  93 Q   0.00594 0.95446 0.00022 0.03938 ( 2)
  94 L   0.90669 0.05473 0.03620 0.00238 ( 1)
  95 A   0.92318 0.04135 0.03377 0.00170 ( 1)
  96 P   0.92532 0.03974 0.03331 0.00162 ( 1)
  97 R   0.92547 0.03944 0.03348 0.00161 ( 1)
  98 W   0.92326 0.04104 0.03401 0.00170 ( 1)
  99 Y   0.92406 0.04059 0.03368 0.00167 ( 1)
 100 F   0.93775 0.03003 0.03106 0.00116 ( 1)
 101 Y   0.92406 0.04059 0.03368 0.00167 ( 1)
 102 Y   0.92406 0.04059 0.03368 0.00167 ( 1)
 103 T   0.92318 0.04135 0.03377 0.00170 ( 1)
 104 G   0.91070 0.05137 0.03573 0.00221 ( 1)
 105 T   0.92340 0.04116 0.03375 0.00169 ( 1)
 106 G   0.91070 0.05137 0.03573 0.00221 ( 1)
 107 P   0.92512 0.03994 0.03331 0.00163 ( 1)
 108 E   0.92304 0.04154 0.03371 0.00171 ( 1)
 109 A   0.92128 0.04260 0.03435 0.00177 ( 1)
 110 A   0.00360 0.95643 0.00013 0.03983 ( 2)
 111 L   0.92513 0.03990 0.03335 0.00163 ( 1)
 112 P   0.92252 0.04171 0.03404 0.00173 ( 1)
 113 F   0.93777 0.03001 0.03106 0.00116 ( 1)
 114 R   0.90830 0.05421 0.03518 0.00231 ( 1)
 115 A   0.92319 0.04135 0.03376 0.00170 ( 1)
 116 V   0.92319 0.04130 0.03381 0.00170 ( 1)
 117 K   0.92589 0.03904 0.03348 0.00159 ( 1)
 118 D   0.93181 0.03488 0.03193 0.00138 ( 1)
 119 G   0.91886 0.04543 0.03383 0.00188 ( 1)
 120 I   0.93029 0.03572 0.03257 0.00143 ( 1)
 121 V   0.28764 0.67407 0.01053 0.02775 ( 2)
 122 W   0.92326 0.04104 0.03401 0.00170 ( 1)
 123 V   0.92375 0.04090 0.03367 0.00168 ( 1)
 124 H   0.93574 0.03150 0.03153 0.00123 ( 1)
 125 E   0.92341 0.04151 0.03339 0.00169 ( 1)
 126 D   0.00000 0.76145 0.00218 0.23636 ( 2)
 127 G   0.92232 0.04199 0.03396 0.00173 ( 1)
 128 A   0.92390 0.04079 0.03363 0.00167 ( 1)
 129 T   0.92318 0.04135 0.03377 0.00170 ( 1)
 130 D   0.93378 0.03292 0.03200 0.00130 ( 1)
 131 A   0.92318 0.04135 0.03377 0.00170 ( 1)
 132 P   0.92461 0.04030 0.03345 0.00165 ( 1)
 133 S   0.90580 0.05550 0.03628 0.00242 ( 1)
 134 T   0.92318 0.04135 0.03377 0.00170 ( 1)
 135 F   0.93721 0.03042 0.03119 0.00118 ( 1)
 136 G   0.91840 0.04511 0.03460 0.00189 ( 1)
 137 T   0.92008 0.04379 0.03430 0.00182 ( 1)
 138 R   0.91242 0.05010 0.03534 0.00214 ( 1)
 139 N   0.93437 0.03248 0.03187 0.00128 ( 1)
 140 P   0.92461 0.04030 0.03345 0.00165 ( 1)
 141 N   0.93437 0.03248 0.03187 0.00128 ( 1)
 142 N   0.93378 0.03292 0.03200 0.00130 ( 1)
 143 D   0.93378 0.03292 0.03200 0.00130 ( 1)
 144 S   0.22445 0.73452 0.00899 0.03204 ( 2)
 145 A   0.92318 0.04135 0.03377 0.00170 ( 1)
 146 I   0.92964 0.03621 0.03270 0.00145 ( 1)
 147 V   0.92302 0.04147 0.03380 0.00171 ( 1)
 148 T   0.92012 0.04376 0.03430 0.00182 ( 1)
 149 Q   0.92326 0.04112 0.03393 0.00170 ( 1)
 150 F   0.93777 0.03001 0.03106 0.00116 ( 1)
 151 A   0.92008 0.04379 0.03430 0.00182 ( 1)
 152 P   0.92532 0.03974 0.03331 0.00162 ( 1)
 153 G   0.92159 0.04256 0.03408 0.00176 ( 1)
 154 T   0.92318 0.04135 0.03377 0.00170 ( 1)
 155 K   0.92515 0.03911 0.03412 0.00162 ( 1)
 156 L   0.92441 0.04045 0.03348 0.00165 ( 1)
 157 P   0.92461 0.04030 0.03345 0.00165 ( 1)
 158 K   0.92585 0.03907 0.03348 0.00160 ( 1)
 159 N   0.93437 0.03248 0.03187 0.00128 ( 1)
 160 F   0.93777 0.03001 0.03106 0.00116 ( 1)
 161 H   0.93631 0.03108 0.03140 0.00121 ( 1)
 162 I   0.92964 0.03621 0.03270 0.00145 ( 1)
 163 E   0.92341 0.04151 0.03339 0.00169 ( 1)
 164 G   0.91840 0.04511 0.03460 0.00189 ( 1)
 165 T   0.92318 0.04135 0.03377 0.00170 ( 1)
 166 G   0.91070 0.05137 0.03573 0.00221 ( 1)
 167 G   0.92232 0.04199 0.03396 0.00173 ( 1)
 168 N   0.93378 0.03292 0.03200 0.00130 ( 1)
 169 S   0.12354 0.23837 0.61178 0.02631 ( 3)
 170 Q   0.92326 0.04112 0.03393 0.00170 ( 1)
 171 S   0.90580 0.05550 0.03628 0.00242 ( 1)
 172 S   0.92437 0.04050 0.03348 0.00166 ( 1)
 173 S   0.90580 0.05550 0.03628 0.00242 ( 1)
 174 R   0.91856 0.04495 0.03461 0.00188 ( 1)
 175 A   0.92272 0.04197 0.03359 0.00172 ( 1)
 176 S   0.92437 0.04050 0.03348 0.00166 ( 1)
 177 S   0.93211 0.03472 0.03180 0.00137 ( 1)
 178 V   0.00737 0.95268 0.00027 0.03968 ( 2)
 179 S   0.93439 0.03245 0.03188 0.00128 ( 1)
 180 R   0.91856 0.04495 0.03461 0.00188 ( 1)
 181 N   0.93437 0.03248 0.03187 0.00128 ( 1)
 182 S   0.92437 0.04050 0.03348 0.00166 ( 1)
 183 S   0.92474 0.04029 0.03333 0.00164 ( 1)
 184 R   0.91856 0.04495 0.03461 0.00188 ( 1)
 185 S   0.92445 0.04041 0.03349 0.00165 ( 1)
 186 S   0.33137 0.63233 0.01136 0.02494 ( 2)
 187 S   0.91294 0.04838 0.03657 0.00211 ( 1)
 188 Q   0.24814 0.71331 0.00912 0.02943 ( 2)
 189 G   0.92159 0.04256 0.03408 0.00176 ( 1)
 190 S   0.91294 0.04838 0.03657 0.00211 ( 1)
 191 R   0.91856 0.04495 0.03461 0.00188 ( 1)
 192 S   0.91272 0.04860 0.03656 0.00212 ( 1)
 193 G   0.91463 0.04744 0.03588 0.00204 ( 1)
 194 N   0.93437 0.03248 0.03187 0.00128 ( 1)
 195 S   0.92424 0.04047 0.03364 0.00166 ( 1)
 196 T   0.25367 0.70806 0.00923 0.02904 ( 2)
 197 R   0.92378 0.04091 0.03363 0.00168 ( 1)
 198 G   0.00106 0.12953 0.82715 0.04226 ( 3)
 199 T   0.92318 0.04135 0.03377 0.00170 ( 1)
 200 S   0.92445 0.04041 0.03349 0.00165 ( 1)
 201 P   0.92138 0.04284 0.03400 0.00177 ( 1)
 202 G   0.92159 0.04256 0.03408 0.00176 ( 1)
 203 P   0.92138 0.04284 0.03400 0.00177 ( 1)
 204 S   0.92437 0.04050 0.03348 0.00166 ( 1)
 205 G   0.91070 0.05137 0.03573 0.00221 ( 1)
 206 I   0.30028 0.66270 0.01051 0.02650 ( 2)
 207 G   0.91070 0.05137 0.03573 0.00221 ( 1)
 208 A   0.28287 0.67834 0.01055 0.02825 ( 2)
 209 V   0.91989 0.04394 0.03434 0.00183 ( 1)
 210 G   0.91463 0.04744 0.03588 0.00204 ( 1)
 211 G   0.91837 0.04577 0.03396 0.00190 ( 1)
 212 D   0.32853 0.63516 0.01126 0.02505 ( 2)
 213 L   0.15642 0.80241 0.00625 0.03493 ( 2)
 214 L   0.91904 0.04580 0.03329 0.00187 ( 1)
 215 Y   0.92406 0.04059 0.03368 0.00167 ( 1)
 216 L   0.92445 0.04042 0.03348 0.00165 ( 1)
 217 D   0.93378 0.03292 0.03200 0.00130 ( 1)
 218 L   0.87164 0.09298 0.03157 0.00380 ( 1)
 219 L   0.91284 0.04860 0.03645 0.00212 ( 1)
 220 N   0.93437 0.03248 0.03187 0.00128 ( 1)
 221 R   0.91856 0.04495 0.03461 0.00188 ( 1)
 222 L   0.90399 0.05741 0.03610 0.00250 ( 1)
 223 Q   0.92064 0.04372 0.03383 0.00180 ( 1)
 224 A   0.11325 0.26008 0.59679 0.02988 ( 3)
 225 L   0.91904 0.04580 0.03329 0.00187 ( 1)
 226 E   0.92341 0.04151 0.03339 0.00169 ( 1)
 227 S   0.92437 0.04050 0.03348 0.00166 ( 1)
 228 G   0.92232 0.04199 0.03396 0.00173 ( 1)
 229 K   0.92585 0.03907 0.03348 0.00160 ( 1)
 230 V   0.00705 0.95296 0.00026 0.03972 ( 2)
 231 K   0.92589 0.03904 0.03348 0.00159 ( 1)
 232 Q   0.92326 0.04112 0.03393 0.00170 ( 1)
 233 S   0.22647 0.73364 0.00871 0.03118 ( 2)
 234 Q   0.92334 0.04104 0.03393 0.00169 ( 1)
 235 P   0.92252 0.04171 0.03404 0.00173 ( 1)
 236 K   0.92585 0.03907 0.03348 0.00160 ( 1)
 237 V   0.91989 0.04394 0.03434 0.00183 ( 1)
 238 I   0.92706 0.03893 0.03245 0.00156 ( 1)
 239 T   0.92318 0.04135 0.03377 0.00170 ( 1)
 240 K   0.92341 0.04151 0.03339 0.00169 ( 1)
 241 K   0.92337 0.04155 0.03339 0.00170 ( 1)
 242 D   0.12554 0.22842 0.62085 0.02519 ( 3)
 243 A   0.92318 0.04135 0.03377 0.00170 ( 1)
 244 A   0.28159 0.68013 0.01030 0.02798 ( 2)
 245 A   0.92318 0.04135 0.03377 0.00170 ( 1)
 246 A   0.92318 0.04135 0.03377 0.00170 ( 1)
 247 K   0.92585 0.03907 0.03348 0.00160 ( 1)
 248 N   0.93181 0.03488 0.03193 0.00138 ( 1)
 249 K   0.92589 0.03904 0.03348 0.00159 ( 1)
 250 M   0.94330 0.02572 0.03001 0.00097 ( 1)
 251 R   0.92378 0.04091 0.03363 0.00168 ( 1)
 252 H   0.93395 0.03343 0.03132 0.00130 ( 1)
 253 K   0.92589 0.03904 0.03348 0.00159 ( 1)
 254 R   0.92336 0.04133 0.03361 0.00170 ( 1)
 255 T   0.00739 0.95313 0.00027 0.03921 ( 2)
 256 S   0.25500 0.70700 0.00919 0.02881 ( 2)
 257 T   0.92390 0.04079 0.03363 0.00167 ( 1)
 258 K   0.92341 0.04151 0.03339 0.00169 ( 1)
 259 S   0.30753 0.65606 0.01054 0.02588 ( 2)
 260 F   0.93772 0.03005 0.03106 0.00116 ( 1)
 261 N   0.93437 0.03248 0.03187 0.00128 ( 1)
 262 M   0.94330 0.02572 0.03001 0.00097 ( 1)
 263 V   0.91992 0.04391 0.03434 0.00183 ( 1)
 264 Q   0.92326 0.04112 0.03393 0.00170 ( 1)
 265 A   0.92318 0.04135 0.03377 0.00170 ( 1)
 266 F   0.93518 0.03244 0.03112 0.00126 ( 1)
 267 G   0.92159 0.04256 0.03408 0.00176 ( 1)
 268 L   0.91904 0.04580 0.03329 0.00187 ( 1)
 269 R   0.92336 0.04133 0.03361 0.00170 ( 1)
 270 G   0.91485 0.04722 0.03589 0.00203 ( 1)
 271 P   0.92138 0.04284 0.03400 0.00177 ( 1)
 272 G   0.91485 0.04722 0.03589 0.00203 ( 1)
 273 D   0.93437 0.03248 0.03187 0.00128 ( 1)
 274 L   0.92513 0.03990 0.03335 0.00163 ( 1)
 275 Q   0.92334 0.04104 0.03393 0.00169 ( 1)
 276 G   0.91070 0.05137 0.03573 0.00221 ( 1)
 277 N   0.93437 0.03248 0.03187 0.00128 ( 1)
 278 F   0.93721 0.03042 0.03119 0.00118 ( 1)
 279 G   0.92159 0.04256 0.03408 0.00176 ( 1)
 280 D   0.93378 0.03292 0.03200 0.00130 ( 1)
 281 L   0.92445 0.04042 0.03348 0.00165 ( 1)
 282 Q   0.92326 0.04112 0.03393 0.00170 ( 1)
 283 L   0.86738 0.09562 0.03297 0.00403 ( 1)
 284 N   0.12097 0.23624 0.61623 0.02655 ( 3)
 285 K   0.92585 0.03907 0.03348 0.00160 ( 1)
 286 L   0.92473 0.04030 0.03333 0.00164 ( 1)
 287 G   0.92232 0.04199 0.03396 0.00173 ( 1)
 288 T   0.92318 0.04135 0.03377 0.00170 ( 1)
 289 E   0.92589 0.03904 0.03348 0.00159 ( 1)
 290 D   0.93437 0.03248 0.03187 0.00128 ( 1)
 291 P   0.92252 0.04171 0.03404 0.00173 ( 1)
 292 R   0.92308 0.04145 0.03376 0.00171 ( 1)
 293 W   0.92326 0.04104 0.03401 0.00170 ( 1)
 294 P   0.92532 0.03974 0.03331 0.00162 ( 1)
 295 Q   0.92326 0.04112 0.03393 0.00170 ( 1)
 296 I   0.92964 0.03621 0.03270 0.00145 ( 1)
 297 A   0.92318 0.04135 0.03377 0.00170 ( 1)
 298 E   0.92589 0.03904 0.03348 0.00159 ( 1)
 299 L   0.92441 0.04045 0.03348 0.00165 ( 1)
 300 A   0.92336 0.04117 0.03377 0.00169 ( 1)
 301 P   0.92369 0.04121 0.03342 0.00168 ( 1)
 302 T   0.22379 0.73716 0.00834 0.03070 ( 2)
 303 A   0.92390 0.04079 0.03363 0.00167 ( 1)
 304 S   0.93381 0.03289 0.03200 0.00130 ( 1)
 305 A   0.92318 0.04135 0.03377 0.00170 ( 1)
 306 F   0.93518 0.03244 0.03112 0.00126 ( 1)
 307 M   0.37072 0.59511 0.01179 0.02238 ( 2)
 308 G   0.92159 0.04256 0.03408 0.00176 ( 1)
 309 M   0.94330 0.02572 0.03001 0.00097 ( 1)
 310 S   0.91769 0.04526 0.03514 0.00192 ( 1)
 311 Q   0.92326 0.04112 0.03393 0.00170 ( 1)
 312 F   0.93721 0.03042 0.03119 0.00118 ( 1)
 313 K   0.92585 0.03907 0.03348 0.00160 ( 1)
 314 L   0.92441 0.04045 0.03348 0.00165 ( 1)
 315 T   0.92390 0.04079 0.03363 0.00167 ( 1)
 316 H   0.93574 0.03150 0.03153 0.00123 ( 1)
 317 Q   0.92334 0.04104 0.03393 0.00169 ( 1)
 318 N   0.33443 0.62940 0.01141 0.02475 ( 2)
 319 N   0.93378 0.03292 0.03200 0.00130 ( 1)
 320 D   0.93378 0.03292 0.03200 0.00130 ( 1)
 321 D   0.00718 0.95491 0.00025 0.03766 ( 2)
 322 H   0.30441 0.65960 0.01026 0.02573 ( 2)
 323 G   0.92196 0.04234 0.03394 0.00175 ( 1)
 324 N   0.00727 0.95493 0.00025 0.03755 ( 2)
 325 P   0.92461 0.04030 0.03345 0.00165 ( 1)
 326 V   0.91994 0.04389 0.03434 0.00183 ( 1)
 327 Y   0.92406 0.04059 0.03368 0.00167 ( 1)
 328 F   0.93543 0.03234 0.03098 0.00125 ( 1)
 329 L   0.92441 0.04045 0.03348 0.00165 ( 1)
 330 R   0.90830 0.05421 0.03518 0.00231 ( 1)
 331 Y   0.92406 0.04059 0.03368 0.00167 ( 1)
 332 S   0.93381 0.03289 0.03200 0.00130 ( 1)
 333 G   0.91463 0.04744 0.03588 0.00204 ( 1)
 334 A   0.92390 0.04079 0.03363 0.00167 ( 1)
 335 I   0.92661 0.03923 0.03259 0.00157 ( 1)
 336 K   0.92585 0.03907 0.03348 0.00160 ( 1)
 337 L   0.92441 0.04045 0.03348 0.00165 ( 1)
 338 D   0.93437 0.03248 0.03187 0.00128 ( 1)
 339 P   0.92138 0.04284 0.03400 0.00177 ( 1)
 340 K   0.92515 0.03911 0.03412 0.00162 ( 1)
 341 N   0.93181 0.03488 0.03193 0.00138 ( 1)
 342 P   0.92512 0.03994 0.03331 0.00163 ( 1)
 343 N   0.93437 0.03248 0.03187 0.00128 ( 1)
 344 Y   0.92406 0.04059 0.03368 0.00167 ( 1)
 345 N   0.93378 0.03292 0.03200 0.00130 ( 1)
 346 K   0.92589 0.03904 0.03348 0.00159 ( 1)
 347 W   0.92326 0.04104 0.03401 0.00170 ( 1)
 348 L   0.91657 0.04662 0.03484 0.00197 ( 1)
 349 E   0.92589 0.03904 0.03348 0.00159 ( 1)
 350 L   0.92445 0.04042 0.03348 0.00165 ( 1)
 351 L   0.26391 0.69799 0.00956 0.02853 ( 2)
 352 E   0.92589 0.03904 0.03348 0.00159 ( 1)
 353 Q   0.92064 0.04372 0.03383 0.00180 ( 1)
 354 N   0.93378 0.03292 0.03200 0.00130 ( 1)
 355 I   0.29732 0.66553 0.01046 0.02669 ( 2)
 356 D   0.93378 0.03292 0.03200 0.00130 ( 1)
 357 A   0.92390 0.04079 0.03363 0.00167 ( 1)
 358 Y   0.92405 0.04060 0.03369 0.00167 ( 1)
 359 K   0.92585 0.03907 0.03348 0.00160 ( 1)
 360 T   0.92364 0.04105 0.03362 0.00168 ( 1)
 361 F   0.93777 0.03001 0.03106 0.00116 ( 1)
 362 P   0.92461 0.04030 0.03345 0.00165 ( 1)
 363 K   0.92341 0.04151 0.03339 0.00169 ( 1)
 364 K   0.92585 0.03907 0.03348 0.00160 ( 1)
 365 E   0.92341 0.04151 0.03339 0.00169 ( 1)
 366 K   0.92589 0.03904 0.03348 0.00159 ( 1)
 367 K   0.92585 0.03907 0.03348 0.00160 ( 1)
 368 Q   0.92326 0.04112 0.03393 0.00170 ( 1)
 369 K   0.92589 0.03904 0.03348 0.00159 ( 1)
 370 A   0.92004 0.04383 0.03430 0.00183 ( 1)
 371 P   0.92252 0.04171 0.03404 0.00173 ( 1)
 372 K   0.92585 0.03907 0.03348 0.00160 ( 1)
 373 E   0.92585 0.03907 0.03348 0.00160 ( 1)
 374 E   0.92585 0.03907 0.03348 0.00160 ( 1)
 375 S   0.24337 0.71566 0.00975 0.03122 ( 2)
 376 T   0.24006 0.72096 0.00895 0.03003 ( 2)
 377 D   0.93437 0.03248 0.03187 0.00128 ( 1)
 378 Q   0.92064 0.04372 0.03383 0.00180 ( 1)
 379 M   0.94330 0.02572 0.03001 0.00097 ( 1)
 380 S   0.00581 0.95494 0.00021 0.03904 ( 2)
 381 -   0.83362 0.11793 0.04244 0.00600 ( 1)
 382 E   0.26717 0.69480 0.00966 0.02837 ( 2)
 383 P   0.92373 0.04117 0.03342 0.00168 ( 1)
 384 P   0.92283 0.04157 0.03389 0.00171 ( 1)
 385 K   0.92589 0.03904 0.03348 0.00159 ( 1)
 386 E   0.92589 0.03904 0.03348 0.00159 ( 1)
 387 Q   0.92334 0.04104 0.03393 0.00169 ( 1)
 388 R   0.92306 0.04147 0.03376 0.00171 ( 1)
 389 V   0.91992 0.04391 0.03434 0.00183 ( 1)
 390 Q   0.92064 0.04372 0.03383 0.00180 ( 1)
 391 G   0.92159 0.04256 0.03408 0.00176 ( 1)
 392 S   0.93211 0.03472 0.03180 0.00137 ( 1)
 393 I   0.11986 0.24718 0.60533 0.02763 ( 3)
 394 T   0.92340 0.04116 0.03375 0.00169 ( 1)
 395 Q   0.92334 0.04104 0.03393 0.00169 ( 1)
 396 R   0.92377 0.04091 0.03364 0.00168 ( 1)
 397 T   0.00657 0.95395 0.00024 0.03924 ( 2)
 398 R   0.92378 0.04091 0.03363 0.00168 ( 1)
 399 T   0.92364 0.04105 0.03362 0.00168 ( 1)
 400 -   0.83362 0.11793 0.04244 0.00600 ( 1)
 401 R   0.86575 0.09853 0.03167 0.00405 ( 1)
 402 P   0.92252 0.04171 0.03404 0.00173 ( 1)
 403 S   0.93381 0.03289 0.03200 0.00130 ( 1)
 404 V   0.92207 0.04242 0.03377 0.00175 ( 1)
 405 Q   0.92334 0.04104 0.03393 0.00169 ( 1)
 406 P   0.92461 0.04030 0.03345 0.00165 ( 1)
 407 G   0.92159 0.04256 0.03408 0.00176 ( 1)
 408 P   0.92252 0.04171 0.03404 0.00173 ( 1)
 409 M   0.94330 0.02572 0.03001 0.00097 ( 1)
 410 I   0.29878 0.66407 0.01051 0.02664 ( 2)
 411 D   0.93378 0.03292 0.03200 0.00130 ( 1)
 412 V   0.92302 0.04147 0.03380 0.00171 ( 1)
 413 N   0.93437 0.03248 0.03187 0.00128 ( 1)
 414 T   0.92318 0.04135 0.03377 0.00170 ( 1)
 415 D   0.93378 0.03292 0.03200 0.00130 ( 1)


lnL = -2673.738947

Bayes Empirical Bayes (BEB) probabilities for 4 classes (class)
(amino acids refer to 1st sequence: KY581700.1)

   1 M   0.93711 0.01961 0.04236 0.00091 ( 1)
   2 A   0.91873 0.03199 0.04765 0.00163 ( 1)
   3 A   0.00302 0.86880 0.00783 0.12034 ( 2)
   4 P   0.92177 0.03015 0.04656 0.00151 ( 1)
   5 A   0.92041 0.03108 0.04694 0.00157 ( 1)
   6 A   0.91783 0.03288 0.04761 0.00168 ( 1)
   7 P   0.92160 0.03032 0.04655 0.00152 ( 1)
   8 R   0.92032 0.03117 0.04694 0.00157 ( 1)
   9 A   0.92054 0.03095 0.04695 0.00156 ( 1)
  10 V   0.91958 0.03186 0.04695 0.00161 ( 1)
  11 S   0.24797 0.16532 0.56697 0.01974 ( 3)
  12 F   0.93202 0.02309 0.04379 0.00110 ( 1)
  13 A   0.92100 0.03068 0.04678 0.00154 ( 1)
  14 D   0.92912 0.02491 0.04476 0.00121 ( 1)
  15 N   0.92961 0.02459 0.04461 0.00119 ( 1)
  16 N   0.92912 0.02491 0.04476 0.00121 ( 1)
  17 D   0.92762 0.02640 0.04470 0.00128 ( 1)
  18 I   0.42475 0.52576 0.02170 0.02779 ( 2)
  19 T   0.52206 0.42662 0.02817 0.02315 ( 1)
  20 N   0.92912 0.02491 0.04476 0.00121 ( 1)
  21 T   0.40558 0.54247 0.02207 0.02988 ( 2)
  22 N   0.92961 0.02459 0.04461 0.00119 ( 1)
  23 L   0.00256 0.86184 0.00730 0.12830 ( 2)
  24 S   0.92141 0.03047 0.04659 0.00153 ( 1)
  25 R   0.89955 0.04633 0.05159 0.00253 ( 1)
  26 G   0.91674 0.03430 0.04722 0.00174 ( 1)
  27 R   0.91660 0.03369 0.04798 0.00173 ( 1)
  28 G   0.91022 0.03835 0.04941 0.00202 ( 1)
  29 R   0.87754 0.07373 0.04498 0.00375 ( 1)
  30 N   0.92762 0.02640 0.04470 0.00128 ( 1)
  31 P   0.91978 0.03135 0.04727 0.00159 ( 1)
  32 K   0.92255 0.02940 0.04657 0.00147 ( 1)
  33 P   0.91978 0.03135 0.04727 0.00159 ( 1)
  34 R   0.89955 0.04633 0.05159 0.00253 ( 1)
  35 A   0.53554 0.41388 0.02839 0.02218 ( 1)
  36 A   0.91783 0.03288 0.04761 0.00168 ( 1)
  37 P   0.91895 0.03218 0.04724 0.00163 ( 1)
  38 N   0.92912 0.02491 0.04476 0.00121 ( 1)
  39 N   0.92961 0.02459 0.04461 0.00119 ( 1)
  40 T   0.92041 0.03108 0.04694 0.00157 ( 1)
  41 V   0.92087 0.03075 0.04682 0.00155 ( 1)
  42 S   0.92147 0.03041 0.04660 0.00153 ( 1)
  43 W   0.92039 0.03082 0.04723 0.00156 ( 1)
  44 Y   0.92111 0.03052 0.04683 0.00154 ( 1)
  45 T   0.91976 0.03176 0.04688 0.00160 ( 1)
  46 G   0.91648 0.03381 0.04798 0.00174 ( 1)
  47 L   0.92144 0.03043 0.04659 0.00153 ( 1)
  48 T   0.92100 0.03068 0.04678 0.00154 ( 1)
  49 Q   0.92042 0.03089 0.04713 0.00156 ( 1)
  50 H   0.93015 0.02362 0.04507 0.00116 ( 1)
  51 G   0.91652 0.03380 0.04795 0.00173 ( 1)
  52 K   0.92255 0.02940 0.04657 0.00147 ( 1)
  53 V   0.92087 0.03075 0.04682 0.00155 ( 1)
  54 P   0.57484 0.37519 0.03009 0.01988 ( 1)
  55 L   0.92144 0.03043 0.04659 0.00153 ( 1)
  56 T   0.53765 0.41195 0.02838 0.02202 ( 1)
  57 F   0.93047 0.02463 0.04372 0.00118 ( 1)
  58 P   0.91895 0.03218 0.04724 0.00163 ( 1)
  59 P   0.92160 0.03032 0.04655 0.00152 ( 1)
  60 G   0.91480 0.03547 0.04790 0.00182 ( 1)
  61 Q   0.92048 0.03083 0.04713 0.00156 ( 1)
  62 G   0.91916 0.03189 0.04734 0.00162 ( 1)
  63 V   0.91770 0.03296 0.04765 0.00168 ( 1)
  64 P   0.92160 0.03032 0.04655 0.00152 ( 1)
  65 L   0.92144 0.03043 0.04659 0.00153 ( 1)
  66 N   0.92912 0.02491 0.04476 0.00121 ( 1)
  67 A   0.92100 0.03068 0.04678 0.00154 ( 1)
  68 N   0.92912 0.02491 0.04476 0.00121 ( 1)
  69 S   0.92159 0.03040 0.04649 0.00152 ( 1)
  70 T   0.24480 0.16554 0.56964 0.02003 ( 3)
  71 P   0.92153 0.03035 0.04660 0.00152 ( 1)
  72 A   0.91786 0.03286 0.04761 0.00168 ( 1)
  73 Q   0.92042 0.03089 0.04713 0.00156 ( 1)
  74 N   0.92912 0.02491 0.04476 0.00121 ( 1)
  75 A   0.92041 0.03108 0.04694 0.00157 ( 1)
  76 G   0.91659 0.03378 0.04790 0.00173 ( 1)
  77 Y   0.92051 0.03093 0.04700 0.00156 ( 1)
  78 W   0.92039 0.03082 0.04723 0.00156 ( 1)
  79 R   0.91166 0.03746 0.04893 0.00196 ( 1)
  80 R   0.91660 0.03369 0.04798 0.00173 ( 1)
  81 Q   0.92048 0.03083 0.04713 0.00156 ( 1)
  82 D   0.92961 0.02459 0.04461 0.00119 ( 1)
  83 R   0.91660 0.03369 0.04798 0.00173 ( 1)
  84 K   0.92255 0.02940 0.04657 0.00147 ( 1)
  85 I   0.92571 0.02732 0.04562 0.00135 ( 1)
  86 N   0.92912 0.02491 0.04476 0.00121 ( 1)
  87 T   0.92013 0.03154 0.04674 0.00159 ( 1)
  88 G   0.91479 0.03549 0.04790 0.00182 ( 1)
  89 N   0.92912 0.02491 0.04476 0.00121 ( 1)
  90 G   0.91022 0.03835 0.04941 0.00202 ( 1)
  91 I   0.58413 0.36693 0.02982 0.01912 ( 1)
  92 K   0.92258 0.02937 0.04657 0.00147 ( 1)
  93 Q   0.05572 0.89076 0.00304 0.05047 ( 2)
  94 L   0.90700 0.04080 0.05003 0.00217 ( 1)
  95 A   0.92041 0.03108 0.04694 0.00157 ( 1)
  96 P   0.92220 0.02992 0.04639 0.00150 ( 1)
  97 R   0.92226 0.02967 0.04658 0.00149 ( 1)
  98 W   0.92039 0.03082 0.04723 0.00156 ( 1)
  99 Y   0.92111 0.03052 0.04683 0.00154 ( 1)
 100 F   0.93248 0.02280 0.04363 0.00109 ( 1)
 101 Y   0.92111 0.03052 0.04683 0.00154 ( 1)
 102 Y   0.92111 0.03052 0.04683 0.00154 ( 1)
 103 T   0.92041 0.03108 0.04694 0.00157 ( 1)
 104 G   0.91022 0.03835 0.04941 0.00202 ( 1)
 105 T   0.92057 0.03094 0.04692 0.00156 ( 1)
 106 G   0.91022 0.03835 0.04941 0.00202 ( 1)
 107 P   0.92205 0.03007 0.04638 0.00150 ( 1)
 108 E   0.92022 0.03126 0.04693 0.00158 ( 1)
 109 A   0.91873 0.03199 0.04765 0.00163 ( 1)
 110 A   0.03539 0.91056 0.00196 0.05209 ( 2)
 111 L   0.92204 0.03003 0.04643 0.00150 ( 1)
 112 P   0.91978 0.03135 0.04727 0.00159 ( 1)
 113 F   0.93250 0.02279 0.04363 0.00109 ( 1)
 114 R   0.90868 0.04043 0.04878 0.00211 ( 1)
 115 A   0.92042 0.03108 0.04693 0.00157 ( 1)
 116 V   0.92040 0.03104 0.04699 0.00157 ( 1)
 117 K   0.92258 0.02937 0.04657 0.00147 ( 1)
 118 D   0.92762 0.02640 0.04470 0.00128 ( 1)
 119 G   0.91717 0.03405 0.04706 0.00173 ( 1)
 120 I   0.92625 0.02697 0.04546 0.00133 ( 1)
 121 V   0.57527 0.37433 0.03043 0.01997 ( 1)
 122 W   0.92039 0.03082 0.04723 0.00156 ( 1)
 123 V   0.92087 0.03075 0.04682 0.00155 ( 1)
 124 H   0.93078 0.02388 0.04419 0.00115 ( 1)
 125 E   0.92070 0.03124 0.04649 0.00157 ( 1)
 126 D   0.00018 0.70650 0.02484 0.26847 ( 2)
 127 G   0.91969 0.03154 0.04717 0.00160 ( 1)
 128 A   0.92100 0.03068 0.04678 0.00154 ( 1)
 129 T   0.92041 0.03108 0.04694 0.00157 ( 1)
 130 D   0.92912 0.02491 0.04476 0.00121 ( 1)
 131 A   0.92041 0.03108 0.04694 0.00157 ( 1)
 132 P   0.92160 0.03032 0.04655 0.00152 ( 1)
 133 S   0.90629 0.04137 0.05014 0.00221 ( 1)
 134 T   0.92041 0.03108 0.04694 0.00157 ( 1)
 135 F   0.93202 0.02309 0.04379 0.00110 ( 1)
 136 G   0.91648 0.03381 0.04798 0.00174 ( 1)
 137 T   0.91786 0.03286 0.04761 0.00168 ( 1)
 138 R   0.91166 0.03746 0.04893 0.00196 ( 1)
 139 N   0.92961 0.02459 0.04461 0.00119 ( 1)
 140 P   0.92160 0.03032 0.04655 0.00152 ( 1)
 141 N   0.92961 0.02459 0.04461 0.00119 ( 1)
 142 N   0.92912 0.02491 0.04476 0.00121 ( 1)
 143 D   0.92912 0.02491 0.04476 0.00121 ( 1)
 144 S   0.50073 0.44524 0.02881 0.02523 ( 1)
 145 A   0.92041 0.03108 0.04694 0.00157 ( 1)
 146 I   0.92571 0.02732 0.04562 0.00135 ( 1)
 147 V   0.92028 0.03116 0.04699 0.00157 ( 1)
 148 T   0.91789 0.03283 0.04761 0.00168 ( 1)
 149 Q   0.92042 0.03089 0.04713 0.00156 ( 1)
 150 F   0.93250 0.02279 0.04363 0.00109 ( 1)
 151 A   0.91786 0.03286 0.04761 0.00168 ( 1)
 152 P   0.92220 0.02992 0.04639 0.00150 ( 1)
 153 G   0.91909 0.03196 0.04733 0.00162 ( 1)
 154 T   0.92041 0.03108 0.04694 0.00157 ( 1)
 155 K   0.92161 0.02942 0.04746 0.00150 ( 1)
 156 L   0.92144 0.03043 0.04659 0.00153 ( 1)
 157 P   0.92160 0.03032 0.04655 0.00152 ( 1)
 158 K   0.92255 0.02940 0.04657 0.00147 ( 1)
 159 N   0.92961 0.02459 0.04461 0.00119 ( 1)
 160 F   0.93250 0.02279 0.04363 0.00109 ( 1)
 161 H   0.93126 0.02357 0.04404 0.00113 ( 1)
 162 I   0.92571 0.02732 0.04562 0.00135 ( 1)
 163 E   0.92070 0.03124 0.04649 0.00157 ( 1)
 164 G   0.91648 0.03381 0.04798 0.00174 ( 1)
 165 T   0.92041 0.03108 0.04694 0.00157 ( 1)
 166 G   0.91022 0.03835 0.04941 0.00202 ( 1)
 167 G   0.91969 0.03154 0.04717 0.00160 ( 1)
 168 N   0.92912 0.02491 0.04476 0.00121 ( 1)
 169 S   0.26082 0.15144 0.57030 0.01745 ( 3)
 170 Q   0.92042 0.03089 0.04713 0.00156 ( 1)
 171 S   0.90629 0.04137 0.05014 0.00221 ( 1)
 172 S   0.92141 0.03047 0.04659 0.00153 ( 1)
 173 S   0.90629 0.04137 0.05014 0.00221 ( 1)
 174 R   0.91660 0.03369 0.04798 0.00173 ( 1)
 175 A   0.92014 0.03153 0.04674 0.00159 ( 1)
 176 S   0.92141 0.03047 0.04659 0.00153 ( 1)
 177 S   0.92791 0.02628 0.04454 0.00127 ( 1)
 178 V   0.06763 0.87850 0.00374 0.05013 ( 2)
 179 S   0.92963 0.02457 0.04461 0.00119 ( 1)
 180 R   0.91660 0.03369 0.04798 0.00173 ( 1)
 181 N   0.92961 0.02459 0.04461 0.00119 ( 1)
 182 S   0.92141 0.03047 0.04659 0.00153 ( 1)
 183 S   0.92175 0.03032 0.04641 0.00152 ( 1)
 184 R   0.91660 0.03369 0.04798 0.00173 ( 1)
 185 S   0.92147 0.03041 0.04660 0.00153 ( 1)
 186 S   0.61969 0.33246 0.03085 0.01699 ( 1)
 187 S   0.91148 0.03620 0.05039 0.00193 ( 1)
 188 Q   0.53116 0.41809 0.02828 0.02248 ( 1)
 189 G   0.91909 0.03196 0.04733 0.00162 ( 1)
 190 S   0.91148 0.03620 0.05039 0.00193 ( 1)
 191 R   0.91660 0.03369 0.04798 0.00173 ( 1)
 192 S   0.91132 0.03636 0.05038 0.00194 ( 1)
 193 G   0.91308 0.03550 0.04955 0.00187 ( 1)
 194 N   0.92961 0.02459 0.04461 0.00119 ( 1)
 195 S   0.92124 0.03045 0.04678 0.00153 ( 1)
 196 T   0.53765 0.41195 0.02838 0.02202 ( 1)
 197 R   0.92092 0.03076 0.04677 0.00155 ( 1)
 198 G   0.00778 0.10631 0.85389 0.03202 ( 3)
 199 T   0.92041 0.03108 0.04694 0.00157 ( 1)
 200 S   0.92147 0.03041 0.04660 0.00153 ( 1)
 201 P   0.91895 0.03218 0.04724 0.00163 ( 1)
 202 G   0.91909 0.03196 0.04733 0.00162 ( 1)
 203 P   0.91895 0.03218 0.04724 0.00163 ( 1)
 204 S   0.92141 0.03047 0.04659 0.00153 ( 1)
 205 G   0.91022 0.03835 0.04941 0.00202 ( 1)
 206 I   0.58907 0.36218 0.02994 0.01881 ( 1)
 207 G   0.91022 0.03835 0.04941 0.00202 ( 1)
 208 A   0.56988 0.37906 0.03063 0.02043 ( 1)
 209 V   0.91770 0.03296 0.04765 0.00168 ( 1)
 210 G   0.91308 0.03550 0.04955 0.00187 ( 1)
 211 G   0.91674 0.03430 0.04722 0.00174 ( 1)
 212 D   0.61710 0.33504 0.03073 0.01713 ( 1)
 213 L   0.40392 0.54174 0.02333 0.03101 ( 2)
 214 L   0.91752 0.03434 0.04642 0.00172 ( 1)
 215 Y   0.92111 0.03052 0.04683 0.00154 ( 1)
 216 L   0.92147 0.03041 0.04660 0.00153 ( 1)
 217 D   0.92912 0.02491 0.04476 0.00121 ( 1)
 218 L   0.88163 0.07004 0.04479 0.00354 ( 1)
 219 L   0.91146 0.03636 0.05025 0.00193 ( 1)
 220 N   0.92961 0.02459 0.04461 0.00119 ( 1)
 221 R   0.91660 0.03369 0.04798 0.00173 ( 1)
 222 L   0.90496 0.04283 0.04993 0.00228 ( 1)
 223 Q   0.91845 0.03285 0.04704 0.00166 ( 1)
 224 A   0.24339 0.16592 0.57050 0.02019 ( 3)
 225 L   0.91752 0.03434 0.04642 0.00172 ( 1)
 226 E   0.92070 0.03124 0.04649 0.00157 ( 1)
 227 S   0.92141 0.03047 0.04659 0.00153 ( 1)
 228 G   0.91969 0.03154 0.04717 0.00160 ( 1)
 229 K   0.92255 0.02940 0.04657 0.00147 ( 1)
 230 V   0.06507 0.88101 0.00360 0.05031 ( 2)
 231 K   0.92258 0.02937 0.04657 0.00147 ( 1)
 232 Q   0.92042 0.03089 0.04713 0.00156 ( 1)
 233 S   0.50383 0.44364 0.02797 0.02456 ( 1)
 234 Q   0.92048 0.03083 0.04713 0.00156 ( 1)
 235 P   0.91978 0.03135 0.04727 0.00159 ( 1)
 236 K   0.92255 0.02940 0.04657 0.00147 ( 1)
 237 V   0.91770 0.03296 0.04765 0.00168 ( 1)
 238 I   0.92379 0.02941 0.04535 0.00145 ( 1)
 239 T   0.92041 0.03108 0.04694 0.00157 ( 1)
 240 K   0.92070 0.03124 0.04649 0.00157 ( 1)
 241 K   0.92068 0.03127 0.04649 0.00157 ( 1)
 242 D   0.26372 0.14463 0.57504 0.01662 ( 3)
 243 A   0.92041 0.03108 0.04694 0.00157 ( 1)
 244 A   0.56893 0.38069 0.03008 0.02031 ( 1)
 245 A   0.92041 0.03108 0.04694 0.00157 ( 1)
 246 A   0.92041 0.03108 0.04694 0.00157 ( 1)
 247 K   0.92255 0.02940 0.04657 0.00147 ( 1)
 248 N   0.92762 0.02640 0.04470 0.00128 ( 1)
 249 K   0.92258 0.02937 0.04657 0.00147 ( 1)
 250 M   0.93711 0.01961 0.04236 0.00091 ( 1)
 251 R   0.92092 0.03076 0.04677 0.00155 ( 1)
 252 H   0.92947 0.02535 0.04396 0.00122 ( 1)
 253 K   0.92258 0.02937 0.04657 0.00147 ( 1)
 254 R   0.92061 0.03107 0.04676 0.00156 ( 1)
 255 T   0.06786 0.87882 0.00369 0.04963 ( 2)
 256 S   0.53932 0.41063 0.02823 0.02182 ( 1)
 257 T   0.92100 0.03068 0.04678 0.00154 ( 1)
 258 K   0.92070 0.03124 0.04649 0.00157 ( 1)
 259 S   0.59668 0.35533 0.02977 0.01823 ( 1)
 260 F   0.93246 0.02282 0.04363 0.00109 ( 1)
 261 N   0.92961 0.02459 0.04461 0.00119 ( 1)
 262 M   0.93711 0.01961 0.04236 0.00091 ( 1)
 263 V   0.91773 0.03294 0.04765 0.00168 ( 1)
 264 Q   0.92042 0.03089 0.04713 0.00156 ( 1)
 265 A   0.92041 0.03108 0.04694 0.00157 ( 1)
 266 F   0.93047 0.02463 0.04372 0.00118 ( 1)
 267 G   0.91909 0.03195 0.04733 0.00162 ( 1)
 268 L   0.91752 0.03434 0.04642 0.00172 ( 1)
 269 R   0.92061 0.03107 0.04676 0.00156 ( 1)
 270 G   0.91324 0.03535 0.04956 0.00186 ( 1)
 271 P   0.91895 0.03218 0.04724 0.00163 ( 1)
 272 G   0.91324 0.03535 0.04956 0.00186 ( 1)
 273 D   0.92961 0.02459 0.04461 0.00119 ( 1)
 274 L   0.92204 0.03003 0.04643 0.00150 ( 1)
 275 Q   0.92048 0.03083 0.04713 0.00156 ( 1)
 276 G   0.91022 0.03835 0.04941 0.00202 ( 1)
 277 N   0.92961 0.02459 0.04461 0.00119 ( 1)
 278 F   0.93202 0.02309 0.04379 0.00110 ( 1)
 279 G   0.91909 0.03196 0.04733 0.00162 ( 1)
 280 D   0.92912 0.02491 0.04476 0.00121 ( 1)
 281 L   0.92147 0.03041 0.04660 0.00153 ( 1)
 282 Q   0.92042 0.03089 0.04713 0.00156 ( 1)
 283 L   0.87777 0.07197 0.04652 0.00374 ( 1)
 284 N   0.25582 0.15016 0.57633 0.01770 ( 3)
 285 K   0.92255 0.02940 0.04657 0.00147 ( 1)
 286 L   0.92175 0.03032 0.04641 0.00152 ( 1)
 287 G   0.91969 0.03154 0.04717 0.00160 ( 1)
 288 T   0.92041 0.03108 0.04694 0.00157 ( 1)
 289 E   0.92258 0.02937 0.04657 0.00147 ( 1)
 290 D   0.92961 0.02459 0.04461 0.00119 ( 1)
 291 P   0.91978 0.03135 0.04727 0.00159 ( 1)
 292 R   0.92033 0.03116 0.04694 0.00157 ( 1)
 293 W   0.92039 0.03082 0.04723 0.00156 ( 1)
 294 P   0.92220 0.02992 0.04639 0.00150 ( 1)
 295 Q   0.92042 0.03089 0.04713 0.00156 ( 1)
 296 I   0.92571 0.02732 0.04562 0.00135 ( 1)
 297 A   0.92041 0.03108 0.04694 0.00157 ( 1)
 298 E   0.92258 0.02937 0.04657 0.00147 ( 1)
 299 L   0.92144 0.03043 0.04659 0.00153 ( 1)
 300 A   0.92054 0.03095 0.04695 0.00156 ( 1)
 301 P   0.92094 0.03099 0.04652 0.00155 ( 1)
 302 T   0.50077 0.44780 0.02706 0.02437 ( 1)
 303 A   0.92100 0.03068 0.04678 0.00154 ( 1)
 304 S   0.92914 0.02489 0.04476 0.00121 ( 1)
 305 A   0.92041 0.03108 0.04694 0.00157 ( 1)
 306 F   0.93047 0.02463 0.04372 0.00118 ( 1)
 307 M   0.65578 0.29903 0.03057 0.01462 ( 1)
 308 G   0.91909 0.03196 0.04733 0.00162 ( 1)
 309 M   0.93711 0.01961 0.04236 0.00091 ( 1)
 310 S   0.91568 0.03393 0.04863 0.00176 ( 1)
 311 Q   0.92042 0.03089 0.04713 0.00156 ( 1)
 312 F   0.93202 0.02309 0.04379 0.00110 ( 1)
 313 K   0.92255 0.02940 0.04657 0.00147 ( 1)
 314 L   0.92144 0.03043 0.04659 0.00153 ( 1)
 315 T   0.92100 0.03068 0.04678 0.00154 ( 1)
 316 H   0.93078 0.02388 0.04419 0.00115 ( 1)
 317 Q   0.92048 0.03083 0.04713 0.00156 ( 1)
 318 N   0.62259 0.32973 0.03087 0.01681 ( 1)
 319 N   0.92912 0.02491 0.04476 0.00121 ( 1)
 320 D   0.92912 0.02491 0.04476 0.00121 ( 1)
 321 D   0.06618 0.88228 0.00341 0.04814 ( 2)
 322 H   0.59368 0.35886 0.02921 0.01825 ( 1)
 323 G   0.91943 0.03180 0.04716 0.00161 ( 1)
 324 N   0.06689 0.88170 0.00343 0.04799 ( 2)
 325 P   0.92160 0.03032 0.04655 0.00152 ( 1)
 326 V   0.91774 0.03292 0.04765 0.00168 ( 1)
 327 Y   0.92111 0.03052 0.04683 0.00154 ( 1)
 328 F   0.93072 0.02456 0.04355 0.00117 ( 1)
 329 L   0.92144 0.03043 0.04659 0.00153 ( 1)
 330 R   0.90868 0.04043 0.04878 0.00211 ( 1)
 331 Y   0.92111 0.03052 0.04683 0.00154 ( 1)
 332 S   0.92914 0.02489 0.04476 0.00121 ( 1)
 333 G   0.91308 0.03550 0.04955 0.00187 ( 1)
 334 A   0.92100 0.03068 0.04678 0.00154 ( 1)
 335 I   0.92339 0.02963 0.04551 0.00146 ( 1)
 336 K   0.92255 0.02940 0.04657 0.00147 ( 1)
 337 L   0.92144 0.03043 0.04659 0.00153 ( 1)
 338 D   0.92961 0.02459 0.04461 0.00119 ( 1)
 339 P   0.91895 0.03218 0.04724 0.00163 ( 1)
 340 K   0.92161 0.02942 0.04746 0.00150 ( 1)
 341 N   0.92762 0.02640 0.04470 0.00128 ( 1)
 342 P   0.92205 0.03007 0.04638 0.00150 ( 1)
 343 N   0.92961 0.02459 0.04461 0.00119 ( 1)
 344 Y   0.92111 0.03052 0.04683 0.00154 ( 1)
 345 N   0.92912 0.02491 0.04476 0.00121 ( 1)
 346 K   0.92258 0.02937 0.04657 0.00147 ( 1)
 347 W   0.92039 0.03082 0.04723 0.00156 ( 1)
 348 L   0.91500 0.03491 0.04829 0.00180 ( 1)
 349 E   0.92258 0.02937 0.04657 0.00147 ( 1)
 350 L   0.92147 0.03041 0.04660 0.00153 ( 1)
 351 L   0.54957 0.40028 0.02886 0.02130 ( 1)
 352 E   0.92258 0.02937 0.04657 0.00147 ( 1)
 353 Q   0.91845 0.03285 0.04704 0.00166 ( 1)
 354 N   0.92912 0.02491 0.04476 0.00121 ( 1)
 355 I   0.58598 0.36508 0.02991 0.01902 ( 1)
 356 D   0.92912 0.02491 0.04476 0.00121 ( 1)
 357 A   0.92100 0.03068 0.04678 0.00154 ( 1)
 358 Y   0.92110 0.03052 0.04684 0.00154 ( 1)
 359 K   0.92255 0.02940 0.04657 0.00147 ( 1)
 360 T   0.92081 0.03087 0.04677 0.00155 ( 1)
 361 F   0.93250 0.02279 0.04363 0.00109 ( 1)
 362 P   0.92160 0.03032 0.04655 0.00152 ( 1)
 363 K   0.92070 0.03124 0.04649 0.00157 ( 1)
 364 K   0.92255 0.02940 0.04657 0.00147 ( 1)
 365 E   0.92070 0.03124 0.04649 0.00157 ( 1)
 366 K   0.92258 0.02937 0.04657 0.00147 ( 1)
 367 K   0.92255 0.02940 0.04657 0.00147 ( 1)
 368 Q   0.92042 0.03089 0.04713 0.00156 ( 1)
 369 K   0.92258 0.02937 0.04657 0.00147 ( 1)
 370 A   0.91783 0.03288 0.04761 0.00168 ( 1)
 371 P   0.91978 0.03135 0.04727 0.00159 ( 1)
 372 K   0.92255 0.02940 0.04657 0.00147 ( 1)
 373 E   0.92255 0.02940 0.04657 0.00147 ( 1)
 374 E   0.92255 0.02940 0.04657 0.00147 ( 1)
 375 S   0.52431 0.42176 0.03011 0.02382 ( 1)
 376 T   0.52115 0.42753 0.02812 0.02320 ( 1)
 377 D   0.92961 0.02459 0.04461 0.00119 ( 1)
 378 Q   0.91845 0.03285 0.04704 0.00166 ( 1)
 379 M   0.93711 0.01961 0.04236 0.00091 ( 1)
 380 S   0.05466 0.89221 0.00295 0.05018 ( 2)
 381 -   0.84926 0.08642 0.05892 0.00540 ( 1)
 382 E   0.55281 0.39712 0.02898 0.02110 ( 1)
 383 P   0.92096 0.03096 0.04653 0.00155 ( 1)
 384 P   0.92008 0.03125 0.04709 0.00158 ( 1)
 385 K   0.92258 0.02937 0.04657 0.00147 ( 1)
 386 E   0.92258 0.02937 0.04657 0.00147 ( 1)
 387 Q   0.92048 0.03083 0.04713 0.00156 ( 1)
 388 R   0.92032 0.03117 0.04694 0.00157 ( 1)
 389 V   0.91773 0.03294 0.04765 0.00168 ( 1)
 390 Q   0.91845 0.03285 0.04704 0.00166 ( 1)
 391 G   0.91909 0.03196 0.04733 0.00162 ( 1)
 392 S   0.92791 0.02628 0.04454 0.00127 ( 1)
 393 I   0.25474 0.15727 0.56955 0.01844 ( 3)
 394 T   0.92058 0.03095 0.04692 0.00156 ( 1)
 395 Q   0.92048 0.03083 0.04713 0.00156 ( 1)
 396 R   0.92091 0.03077 0.04678 0.00155 ( 1)
 397 T   0.06096 0.88568 0.00332 0.05004 ( 2)
 398 R   0.92092 0.03076 0.04677 0.00155 ( 1)
 399 T   0.92081 0.03087 0.04677 0.00155 ( 1)
 400 -   0.84926 0.08642 0.05892 0.00540 ( 1)
 401 R   0.87687 0.07440 0.04495 0.00378 ( 1)
 402 P   0.91978 0.03135 0.04727 0.00159 ( 1)
 403 S   0.92914 0.02489 0.04476 0.00121 ( 1)
 404 V   0.91958 0.03186 0.04695 0.00161 ( 1)
 405 Q   0.92048 0.03083 0.04713 0.00156 ( 1)
 406 P   0.92160 0.03032 0.04655 0.00152 ( 1)
 407 G   0.91909 0.03196 0.04733 0.00162 ( 1)
 408 P   0.91978 0.03135 0.04727 0.00159 ( 1)
 409 M   0.93711 0.01961 0.04236 0.00091 ( 1)
 410 I   0.58748 0.36359 0.02999 0.01894 ( 1)
 411 D   0.92912 0.02491 0.04476 0.00121 ( 1)
 412 V   0.92028 0.03116 0.04699 0.00157 ( 1)
 413 N   0.92961 0.02459 0.04461 0.00119 ( 1)
 414 T   0.92041 0.03108 0.04694 0.00157 ( 1)
 415 D   0.92912 0.02491 0.04476 0.00121 ( 1)

