

TREE # 1

  0  0.0000   2758.617327  x:  0.23958   0.00140   0.00934   0.02487   0.00292   0.00022   0.00550   0.00695   0.00000   0.00052   0.00299   0.00714   0.01255   0.00189   0.00385   0.00159   0.00370   0.00119   0.00583   0.00878   0.01064   0.00411   0.00048   0.00438   0.00296   0.00359   0.00157   0.00173   0.00105   0.00326   0.00105   0.00122   0.00055   0.01043   0.00141   0.00295   0.00128   0.00130   0.00545   0.00857   0.00957   0.00659   0.00575   0.00171   0.00288   0.01035   0.00630   0.26530   1.01853   1.06690   1.14454   0.95238   1.32220   0.13519   0.24762   2.42289  
  1 99.0000   2758.609140  x:  0.23958   0.00140   0.00934   0.02487   0.00292   0.00022   0.00550   0.00695   0.00000   0.00052   0.00299   0.00714   0.01255   0.00189   0.00385   0.00159   0.00370   0.00119   0.00583   0.00878   0.01064   0.00411   0.00048   0.00438   0.00296   0.00359   0.00157   0.00173   0.00105   0.00326   0.00105   0.00122   0.00055   0.01043   0.00141   0.00295   0.00128   0.00130   0.00545   0.00857   0.00957   0.00659   0.00575   0.00171   0.00288   0.01035   0.00630   0.26530   1.01853   1.06690   1.14454   0.95238   1.32220   0.13519   0.24762   2.42289  
  2 1971.1580   2758.609140  x:  0.23958   0.00140   0.00934   0.02487   0.00292   0.00022   0.00550   0.00695   0.00000   0.00052   0.00299   0.00714   0.01255   0.00189   0.00385   0.00159   0.00370   0.00119   0.00583   0.00878   0.01064   0.00411   0.00048   0.00438   0.00296   0.00359   0.00157   0.00173   0.00105   0.00326   0.00105   0.00122   0.00055   0.01043   0.00141   0.00295   0.00128   0.00130   0.00545   0.00857   0.00957   0.00659   0.00575   0.00171   0.00288   0.01035   0.00630   0.26530   1.01853   1.06690   1.14454   0.95238   1.32220   0.13519   0.24762   2.42289  
  3 73415790.1249   2756.460481  x:  0.23958   0.00120   0.00931   0.02488   0.00289   0.00000   0.00539   0.00697   0.00000   0.00037   0.00277   0.00716   0.01256   0.00167   0.00363   0.00137   0.00350   0.00097   0.00573   0.00881   0.01063   0.00403   0.00026   0.00416   0.00275   0.00337   0.00135   0.00151   0.00083   0.00304   0.00083   0.00100   0.00033   0.01043   0.00119   0.00273   0.00106   0.00108   0.00534   0.00849   0.00954   0.00654   0.00563   0.00149   0.00286   0.01030   0.00626   0.26530   1.01854   1.06690   1.14454   0.95243   1.32222   0.13518   0.24753   2.42289  
  4 1934.2489   2754.038971  x:  0.23959   0.00098   0.00927   0.02490   0.00287   0.00000   0.00527   0.00701   0.00000   0.00020   0.00251   0.00718   0.01257   0.00141   0.00337   0.00111   0.00328   0.00071   0.00561   0.00884   0.01062   0.00395   0.00000   0.00390   0.00249   0.00311   0.00109   0.00125   0.00057   0.00278   0.00057   0.00075   0.00007   0.01043   0.00094   0.00247   0.00080   0.00082   0.00522   0.00840   0.00949   0.00649   0.00550   0.00124   0.00284   0.01024   0.00622   0.26530   1.01857   1.06689   1.14453   0.95249   1.32223   0.13517   0.24742   2.42289  
  5 4685674.6518   2754.038971  x:  0.23959   0.00098   0.00927   0.02490   0.00287   0.00000   0.00527   0.00701   0.00000   0.00020   0.00251   0.00718   0.01257   0.00141   0.00337   0.00111   0.00328   0.00071   0.00561   0.00884   0.01062   0.00395   0.00000   0.00390   0.00249   0.00311   0.00109   0.00125   0.00057   0.00278   0.00057   0.00075   0.00007   0.01043   0.00094   0.00247   0.00080   0.00082   0.00522   0.00840   0.00949   0.00649   0.00550   0.00124   0.00284   0.01024   0.00622   0.26530   1.01857   1.06689   1.14453   0.95249   1.32223   0.13517   0.24742   2.42289  
  6 13346160.3462   2753.398442  x:  0.23959   0.00091   0.00925   0.02490   0.00286   0.00000   0.00523   0.00701   0.00000   0.00015   0.00244   0.00719   0.01257   0.00134   0.00330   0.00104   0.00321   0.00064   0.00558   0.00885   0.01062   0.00392   0.00000   0.00383   0.00242   0.00304   0.00102   0.00118   0.00050   0.00271   0.00050   0.00068   0.00000   0.01043   0.00086   0.00240   0.00073   0.00075   0.00518   0.00837   0.00948   0.00648   0.00547   0.00117   0.00284   0.01022   0.00621   0.26530   1.01857   1.06689   1.14453   0.95251   1.32223   0.13517   0.24739   2.42289  
  7 1857.1587   2751.626521  x:  0.23959   0.00074   0.00923   0.02491   0.00286   0.00000   0.00513   0.00704   0.00000   0.00000   0.00224   0.00720   0.01258   0.00113   0.00310   0.00084   0.00303   0.00044   0.00549   0.00888   0.01061   0.00387   0.00000   0.00363   0.00221   0.00284   0.00081   0.00098   0.00029   0.00251   0.00029   0.00047   0.00000   0.01043   0.00066   0.00219   0.00052   0.00055   0.00509   0.00830   0.00945   0.00645   0.00537   0.00096   0.00283   0.01018   0.00618   0.26531   1.01859   1.06688   1.14452   0.95256   1.32224   0.13516   0.24731   2.42289  
  8 1426889.1369   2749.190618  x:  0.23959   0.00048   0.00919   0.02492   0.00282   0.00000   0.00499   0.00708   0.00000   0.00000   0.00195   0.00722   0.01260   0.00084   0.00281   0.00055   0.00277   0.00015   0.00537   0.00891   0.01061   0.00380   0.00000   0.00334   0.00192   0.00255   0.00052   0.00069   0.00000   0.00222   0.00000   0.00018   0.00000   0.01043   0.00037   0.00190   0.00023   0.00026   0.00499   0.00822   0.00941   0.00640   0.00526   0.00067   0.00280   0.01013   0.00615   0.26531   1.01862   1.06687   1.14451   0.95263   1.32226   0.13515   0.24719   2.42289  
  9 581677.3446   2748.101318  x:  0.23959   0.00035   0.00917   0.02492   0.00283   0.00000   0.00498   0.00706   0.00000   0.00000   0.00181   0.00723   0.01259   0.00069   0.00266   0.00040   0.00264   0.00000   0.00531   0.00893   0.01061   0.00376   0.00000   0.00319   0.00178   0.00240   0.00038   0.00054   0.00000   0.00207   0.00000   0.00004   0.00000   0.01043   0.00023   0.00175   0.00008   0.00011   0.00494   0.00817   0.00939   0.00638   0.00520   0.00053   0.00280   0.01010   0.00613   0.26531   1.01863   1.06687   1.14450   0.95267   1.32227   0.13514   0.24713   2.42289  
 10 102315.6595   2747.866870  x:  0.23959   0.00033   0.00917   0.02493   0.00282   0.00000   0.00498   0.00706   0.00000   0.00000   0.00177   0.00724   0.01258   0.00066   0.00263   0.00037   0.00261   0.00000   0.00530   0.00893   0.01060   0.00376   0.00000   0.00316   0.00174   0.00237   0.00035   0.00051   0.00000   0.00204   0.00000   0.00000   0.00000   0.01043   0.00019   0.00172   0.00005   0.00008   0.00492   0.00816   0.00939   0.00638   0.00519   0.00050   0.00279   0.01009   0.00613   0.26531   1.01863   1.06687   1.14450   0.95268   1.32227   0.13514   0.24712   2.42289  
 11 97668.7105   2747.587564  x:  0.23959   0.00029   0.00916   0.02493   0.00282   0.00000   0.00499   0.00708   0.00000   0.00000   0.00173   0.00724   0.01256   0.00062   0.00259   0.00033   0.00257   0.00000   0.00528   0.00894   0.01060   0.00374   0.00000   0.00312   0.00170   0.00233   0.00031   0.00047   0.00000   0.00200   0.00000   0.00000   0.00000   0.01044   0.00015   0.00167   0.00000   0.00004   0.00491   0.00815   0.00938   0.00637   0.00518   0.00046   0.00281   0.01008   0.00612   0.26531   1.01864   1.06687   1.14450   0.95269   1.32227   0.13514   0.24710   2.42289  
 12 18799.6537   2747.363096  x:  0.23959   0.00026   0.00916   0.02493   0.00283   0.00000   0.00498   0.00709   0.00000   0.00000   0.00170   0.00724   0.01254   0.00058   0.00255   0.00029   0.00254   0.00000   0.00527   0.00894   0.01061   0.00372   0.00000   0.00308   0.00167   0.00230   0.00027   0.00043   0.00000   0.00196   0.00000   0.00000   0.00000   0.01044   0.00012   0.00164   0.00000   0.00000   0.00491   0.00814   0.00938   0.00637   0.00517   0.00042   0.00280   0.01008   0.00612   0.26531   1.01864   1.06687   1.14450   0.95269   1.32227   0.13514   0.24708   2.42288  
 13 17111.9192   2746.675924  x:  0.23960   0.00016   0.00914   0.02494   0.00282   0.00000   0.00496   0.00708   0.00000   0.00000   0.00159   0.00725   0.01251   0.00046   0.00244   0.00018   0.00243   0.00000   0.00523   0.00896   0.01061   0.00371   0.00000   0.00297   0.00156   0.00218   0.00016   0.00032   0.00000   0.00185   0.00000   0.00000   0.00000   0.01044   0.00000   0.00151   0.00000   0.00000   0.00488   0.00812   0.00937   0.00635   0.00514   0.00031   0.00280   0.01006   0.00611   0.26531   1.01865   1.06687   1.14449   0.95271   1.32228   0.13513   0.24701   2.42288  
 14 42740.8517   2745.796179  x:  0.23960   0.00003   0.00913   0.02494   0.00283   0.00000   0.00496   0.00708   0.00000   0.00000   0.00143   0.00725   0.01255   0.00028   0.00228   0.00002   0.00228   0.00000   0.00517   0.00898   0.01061   0.00367   0.00000   0.00282   0.00140   0.00203   0.00000   0.00017   0.00000   0.00169   0.00000   0.00000   0.00000   0.01044   0.00000   0.00134   0.00000   0.00000   0.00482   0.00808   0.00935   0.00633   0.00508   0.00015   0.00279   0.01004   0.00609   0.26532   1.01866   1.06688   1.14448   0.95274   1.32228   0.13513   0.24692   2.42288  
 15 54162.5155   2745.702505  x:  0.23961   0.00001   0.00913   0.02494   0.00283   0.00000   0.00496   0.00708   0.00000   0.00000   0.00141   0.00726   0.01255   0.00027   0.00226   0.00000   0.00226   0.00000   0.00517   0.00898   0.01061   0.00367   0.00000   0.00280   0.00138   0.00201   0.00000   0.00015   0.00000   0.00168   0.00000   0.00000   0.00000   0.01044   0.00000   0.00132   0.00000   0.00000   0.00482   0.00808   0.00935   0.00633   0.00508   0.00014   0.00279   0.01004   0.00609   0.26532   1.01866   1.06688   1.14448   0.95275   1.32228   0.13513   0.24690   2.42288  
 16 6552.9140   2745.646466  x:  0.23961   0.00000   0.00913   0.02494   0.00283   0.00000   0.00496   0.00708   0.00000   0.00000   0.00140   0.00726   0.01255   0.00025   0.00225   0.00000   0.00225   0.00000   0.00516   0.00898   0.01061   0.00367   0.00000   0.00279   0.00137   0.00200   0.00000   0.00014   0.00000   0.00167   0.00000   0.00000   0.00000   0.01044   0.00000   0.00131   0.00000   0.00000   0.00482   0.00807   0.00935   0.00633   0.00508   0.00013   0.00279   0.01003   0.00609   0.26532   1.01866   1.06688   1.14448   0.95275   1.32228   0.13512   0.24690   2.42288  
 17 47336.9268   2745.646466  x:  0.23961   0.00000   0.00913   0.02494   0.00283   0.00000   0.00496   0.00708   0.00000   0.00000   0.00140   0.00726   0.01255   0.00025   0.00225   0.00000   0.00225   0.00000   0.00516   0.00898   0.01061   0.00367   0.00000   0.00279   0.00137   0.00200   0.00000   0.00014   0.00000   0.00167   0.00000   0.00000   0.00000   0.01044   0.00000   0.00131   0.00000   0.00000   0.00482   0.00807   0.00935   0.00633   0.00508   0.00013   0.00279   0.01003   0.00609   0.26532   1.01866   1.06688   1.14448   0.95275   1.32228   0.13512   0.24690   2.42288  
 18 16564691.3092   2745.072745  x:  0.23961   0.00000   0.00911   0.02494   0.00282   0.00000   0.00491   0.00709   0.00000   0.00000   0.00128   0.00727   0.01256   0.00013   0.00213   0.00000   0.00214   0.00000   0.00511   0.00900   0.01061   0.00363   0.00000   0.00266   0.00125   0.00188   0.00000   0.00002   0.00000   0.00154   0.00000   0.00000   0.00000   0.01044   0.00000   0.00119   0.00000   0.00000   0.00476   0.00803   0.00933   0.00631   0.00502   0.00000   0.00278   0.01001   0.00607   0.26532   1.01868   1.06688   1.14448   0.95278   1.32229   0.13512   0.24685   2.42288  
 19 1341.9096   2745.027055  x:  0.23961   0.00000   0.00911   0.02494   0.00282   0.00000   0.00490   0.00709   0.00000   0.00000   0.00127   0.00727   0.01256   0.00012   0.00212   0.00000   0.00213   0.00000   0.00510   0.00900   0.01061   0.00363   0.00000   0.00265   0.00124   0.00186   0.00000   0.00000   0.00000   0.00153   0.00000   0.00000   0.00000   0.01044   0.00000   0.00118   0.00000   0.00000   0.00476   0.00803   0.00933   0.00631   0.00502   0.00000   0.00279   0.01001   0.00607   0.26532   1.01868   1.06688   1.14448   0.95278   1.32229   0.13512   0.24684   2.42288  
 20 19850.4695   2745.027055  x:  0.23961   0.00000   0.00911   0.02494   0.00282   0.00000   0.00490   0.00709   0.00000   0.00000   0.00127   0.00727   0.01256   0.00012   0.00212   0.00000   0.00213   0.00000   0.00510   0.00900   0.01061   0.00363   0.00000   0.00265   0.00124   0.00186   0.00000   0.00000   0.00000   0.00153   0.00000   0.00000   0.00000   0.01044   0.00000   0.00118   0.00000   0.00000   0.00476   0.00803   0.00933   0.00631   0.00502   0.00000   0.00279   0.01001   0.00607   0.26532   1.01868   1.06688   1.14448   0.95278   1.32229   0.13512   0.24684   2.42288  
 21 143134645.9694   2744.578003  x:  0.23961   0.00000   0.00909   0.02495   0.00282   0.00000   0.00485   0.00711   0.00000   0.00000   0.00116   0.00728   0.01256   0.00000   0.00200   0.00000   0.00203   0.00000   0.00505   0.00901   0.01060   0.00360   0.00000   0.00254   0.00112   0.00175   0.00000   0.00000   0.00000   0.00142   0.00000   0.00000   0.00000   0.01044   0.00000   0.00106   0.00000   0.00000   0.00471   0.00799   0.00931   0.00629   0.00496   0.00000   0.00278   0.00998   0.00605   0.26532   1.01869   1.06687   1.14447   0.95281   1.32230   0.13511   0.24679   2.42288  
 22 1227.1943   2741.238735  x:  0.23961   0.00000   0.00903   0.02497   0.00290   0.00000   0.00475   0.00708   0.00000   0.00000   0.00012   0.00726   0.01256   0.00000   0.00097   0.00000   0.00106   0.00000   0.00478   0.00910   0.01066   0.00372   0.00000   0.00150   0.00008   0.00071   0.00000   0.00000   0.00000   0.00038   0.00000   0.00000   0.00000   0.01043   0.00000   0.00000   0.00000   0.00000   0.00463   0.00784   0.00924   0.00627   0.00484   0.00000   0.00286   0.00987   0.00604   0.26532   1.01878   1.06684   1.14443   0.95307   1.32235   0.13507   0.24638   2.42288  
 23 13095.8208   2741.011774  x:  0.23961   0.00000   0.00902   0.02497   0.00290   0.00000   0.00474   0.00708   0.00000   0.00000   0.00004   0.00726   0.01256   0.00000   0.00088   0.00000   0.00099   0.00000   0.00476   0.00910   0.01067   0.00373   0.00000   0.00142   0.00000   0.00063   0.00000   0.00000   0.00000   0.00030   0.00000   0.00000   0.00000   0.01043   0.00000   0.00000   0.00000   0.00000   0.00463   0.00783   0.00924   0.00626   0.00483   0.00000   0.00287   0.00986   0.00604   0.26532   1.01879   1.06684   1.14443   0.95309   1.32236   0.13507   0.24635   2.42288  
 24 1201420.4116   2740.928357  x:  0.23961   0.00000   0.00902   0.02497   0.00290   0.00000   0.00474   0.00708   0.00000   0.00000   0.00000   0.00726   0.01256   0.00000   0.00085   0.00000   0.00096   0.00000   0.00475   0.00911   0.01067   0.00373   0.00000   0.00138   0.00000   0.00060   0.00000   0.00000   0.00000   0.00026   0.00000   0.00000   0.00000   0.01043   0.00000   0.00000   0.00000   0.00000   0.00463   0.00782   0.00924   0.00626   0.00483   0.00000   0.00287   0.00985   0.00604   0.26532   1.01879   1.06684   1.14443   0.95310   1.32236   0.13506   0.24634   2.42288  
 25 531490.6089   2740.408955  x:  0.23962   0.00000   0.00897   0.02496   0.00290   0.00000   0.00475   0.00706   0.00000   0.00000   0.00000   0.00725   0.01253   0.00000   0.00059   0.00000   0.00076   0.00000   0.00466   0.00911   0.01069   0.00369   0.00000   0.00113   0.00000   0.00034   0.00000   0.00000   0.00000   0.00000   0.00000   0.00000   0.00000   0.01042   0.00000   0.00000   0.00000   0.00000   0.00466   0.00774   0.00922   0.00627   0.00482   0.00000   0.00291   0.00976   0.00605   0.26534   1.01881   1.06683   1.14443   0.95316   1.32237   0.13506   0.24620   2.42288  
 26 9913.3510   2739.895279  x:  0.23967   0.00000   0.00895   0.02494   0.00300   0.00000   0.00475   0.00710   0.00000   0.00000   0.00000   0.00727   0.01250   0.00000   0.00026   0.00000   0.00058   0.00000   0.00464   0.00913   0.01071   0.00369   0.00000   0.00079   0.00000   0.00000   0.00000   0.00000   0.00000   0.00000   0.00000   0.00000   0.00000   0.01042   0.00000   0.00000   0.00000   0.00000   0.00464   0.00769   0.00920   0.00626   0.00482   0.00000   0.00288   0.00969   0.00603   0.26538   1.01885   1.06683   1.14444   0.95322   1.32238   0.13505   0.24597   2.42287  
 27 4178.6625   2739.604286  x:  0.23971   0.00000   0.00895   0.02492   0.00299   0.00000   0.00473   0.00711   0.00000   0.00000   0.00000   0.00728   0.01250   0.00000   0.00000   0.00000   0.00045   0.00000   0.00463   0.00915   0.01072   0.00371   0.00000   0.00054   0.00000   0.00000   0.00000   0.00000   0.00000   0.00000   0.00000   0.00000   0.00000   0.01042   0.00000   0.00000   0.00000   0.00000   0.00462   0.00767   0.00920   0.00625   0.00480   0.00000   0.00290   0.00967   0.00602   0.26542   1.01888   1.06684   1.14446   0.95326   1.32239   0.13504   0.24578   2.42287  
 28 10027.7808   2739.198761  x:  0.23979   0.00000   0.00895   0.02493   0.00303   0.00000   0.00467   0.00706   0.00000   0.00000   0.00000   0.00725   0.01252   0.00000   0.00000   0.00000   0.00018   0.00000   0.00454   0.00918   0.01073   0.00371   0.00000   0.00000   0.00000   0.00000   0.00000   0.00000   0.00000   0.00000   0.00000   0.00000   0.00000   0.01043   0.00000   0.00000   0.00000   0.00000   0.00458   0.00767   0.00919   0.00625   0.00475   0.00000   0.00292   0.00969   0.00603   0.26550   1.01893   1.06684   1.14449   0.95335   1.32240   0.13503   0.24537   2.42286  
 29 8737.3245   2739.080643  x:  0.23982   0.00000   0.00893   0.02499   0.00304   0.00000   0.00467   0.00711   0.00000   0.00000   0.00000   0.00727   0.01256   0.00000   0.00000   0.00000   0.00000   0.00000   0.00446   0.00918   0.01073   0.00373   0.00000   0.00000   0.00000   0.00000   0.00000   0.00000   0.00000   0.00000   0.00000   0.00000   0.00000   0.01042   0.00000   0.00000   0.00000   0.00000   0.00460   0.00764   0.00917   0.00625   0.00472   0.00000   0.00293   0.00973   0.00603   0.26554   1.01896   1.06685   1.14451   0.95340   1.32241   0.13502   0.24515   2.42286  
 30 1169.8151   2733.078759  x:  0.24261   0.00000   0.00747   0.03828   0.00339   0.00000   0.00483   0.00352   0.00000   0.00000   0.00000   0.00777   0.01321   0.00000   0.00000   0.00000   0.00000   0.00000   0.00090   0.01629   0.01656   0.00406   0.00000   0.00000   0.00000   0.00000   0.00000   0.00000   0.00000   0.00000   0.00000   0.00000   0.00000   0.01029   0.00000   0.00000   0.00000   0.00000   0.00186   0.00415   0.00822   0.00504   0.00657   0.00000   0.00320   0.00837   0.00520   0.26833   1.02507   1.06756   1.14501   0.96592   1.32609   0.13219   0.20108   2.42241  
 31 556.0649   2728.865444  x:  0.24477   0.00000   0.00556   0.04805   0.00351   0.00000   0.00269   0.00234   0.00000   0.00000   0.00000   0.00517   0.01409   0.00000   0.00000   0.00000   0.00000   0.00000   0.00358   0.01906   0.01896   0.00384   0.00000   0.00000   0.00000   0.00000   0.00000   0.00000   0.00000   0.00000   0.00000   0.00000   0.00000   0.01019   0.00000   0.00000   0.00000   0.00000   0.00345   0.00132   0.00651   0.00521   0.00386   0.00000   0.00323   0.00679   0.00599   0.27048   1.03034   1.06800   1.14519   0.97709   1.32933   0.12969   0.16387   2.42203  
 32 3175.4194   2725.669306  x:  0.24622   0.00000   0.00419   0.05413   0.00363   0.00000   0.00129   0.00262   0.00000   0.00000   0.00000   0.00283   0.01364   0.00000   0.00000   0.00000   0.00000   0.00000   0.00381   0.02023   0.02024   0.00384   0.00000   0.00000   0.00000   0.00000   0.00000   0.00000   0.00000   0.00000   0.00000   0.00000   0.00000   0.01012   0.00000   0.00000   0.00000   0.00000   0.00413   0.00320   0.00546   0.00549   0.00155   0.00000   0.00330   0.00360   0.00684   0.27194   1.03422   1.06830   1.14520   0.98542   1.33179   0.12778   0.13657   2.42176  
 33 6187.0829   2723.313368  x:  0.24699   0.00000   0.00500   0.05552   0.00365   0.00000   0.00174   0.00241   0.00000   0.00000   0.00000   0.00299   0.01263   0.00000   0.00000   0.00000   0.00000   0.00000   0.00364   0.01898   0.01923   0.00380   0.00000   0.00000   0.00000   0.00000   0.00000   0.00000   0.00000   0.00000   0.00000   0.00000   0.00000   0.01021   0.00000   0.00000   0.00000   0.00000   0.00348   0.00288   0.00556   0.00587   0.00034   0.00000   0.00330   0.00286   0.00791   0.27271   1.03653   1.06843   1.14506   0.99057   1.33334   0.12658   0.12047   2.42161  
 34 2290.5355   2718.303223  x:  0.24840   0.00000   0.00602   0.05778   0.00371   0.00000   0.00086   0.00238   0.00000   0.00000   0.00000   0.00261   0.01113   0.00000   0.00000   0.00000   0.00000   0.00000   0.00319   0.01619   0.01666   0.00372   0.00000   0.00000   0.00000   0.00000   0.00000   0.00000   0.00000   0.00000   0.00000   0.00000   0.00000   0.01040   0.00000   0.00000   0.00000   0.00000   0.00210   0.00218   0.00530   0.00646   0.00052   0.00000   0.00332   0.00176   0.00990   0.27412   1.04076   1.06862   1.14479   1.00000   1.33618   0.12438   0.09125   2.42133  
 35 17803.8958   2714.730082  x:  0.24989   0.00000   0.00399   0.05879   0.00384   0.00000   0.00110   0.00206   0.00000   0.00000   0.00000   0.00191   0.00873   0.00000   0.00000   0.00000   0.00000   0.00000   0.00309   0.01384   0.01406   0.00369   0.00000   0.00000   0.00000   0.00000   0.00000   0.00000   0.00000   0.00000   0.00000   0.00000   0.00000   0.01054   0.00000   0.00000   0.00000   0.00000   0.00041   0.00192   0.00429   0.00582   0.00046   0.00000   0.00339   0.00237   0.01093   0.27561   1.04509   1.06878   1.14446   1.00000   1.33909   0.12212   0.06156   2.42105  
 36 7881.8962   2712.708796  x:  0.25087   0.00000   0.00298   0.05881   0.00393   0.00000   0.00036   0.00130   0.00000   0.00000   0.00000   0.00249   0.00716   0.00000   0.00000   0.00000   0.00000   0.00000   0.00282   0.01289   0.01231   0.00371   0.00000   0.00000   0.00000   0.00000   0.00000   0.00000   0.00000   0.00000   0.00000   0.00000   0.00000   0.01070   0.00000   0.00000   0.00000   0.00000   0.00071   0.00201   0.00392   0.00474   0.00037   0.00000   0.00344   0.00270   0.01111   0.27659   1.04790   1.06888   1.14422   1.00000   1.34100   0.12064   0.04233   2.42088  
 37 11466.1558   2710.308653  x:  0.25220   0.00000   0.00291   0.05805   0.00402   0.00000   0.00080   0.00098   0.00000   0.00000   0.00000   0.00148   0.00730   0.00000   0.00000   0.00000   0.00000   0.00000   0.00241   0.01306   0.00930   0.00374   0.00000   0.00000   0.00000   0.00000   0.00000   0.00000   0.00000   0.00000   0.00000   0.00000   0.00000   0.01108   0.00000   0.00000   0.00000   0.00000   0.00114   0.00177   0.00339   0.00206   0.00037   0.00000   0.00350   0.00241   0.01057   0.27792   1.05154   1.06892   1.14386   1.00000   1.34347   0.11873   0.01797   2.42065  
 38 5898.7814   2708.442238  x:  0.25321   0.00000   0.00231   0.05604   0.00402   0.00000   0.00062   0.00133   0.00000   0.00000   0.00000   0.00081   0.00821   0.00000   0.00000   0.00000   0.00000   0.00000   0.00194   0.01460   0.00847   0.00371   0.00000   0.00000   0.00000   0.00000   0.00000   0.00000   0.00000   0.00000   0.00000   0.00000   0.00000   0.01115   0.00000   0.00000   0.00000   0.00000   0.00126   0.00130   0.00375   0.00310   0.00028   0.00000   0.00350   0.00245   0.01050   0.27893   1.05430   1.06887   1.14345   1.00000   1.34537   0.11726   0.00010   2.42049  
 39 2899.7766   2708.410564  x:  0.25340   0.00000   0.00214   0.05573   0.00402   0.00000   0.00064   0.00129   0.00000   0.00000   0.00000   0.00087   0.00856   0.00000   0.00000   0.00000   0.00000   0.00000   0.00191   0.01484   0.00829   0.00370   0.00000   0.00000   0.00000   0.00000   0.00000   0.00000   0.00000   0.00000   0.00000   0.00000   0.00000   0.01114   0.00000   0.00000   0.00000   0.00000   0.00125   0.00130   0.00362   0.00330   0.00028   0.00000   0.00349   0.00237   0.01058   0.27912   1.05488   1.06883   1.14334   1.00000   1.34575   0.11696   0.00010   2.42045  
 40 376.5295   2708.366630  x:  0.25359   0.00000   0.00226   0.05544   0.00401   0.00000   0.00062   0.00135   0.00000   0.00000   0.00000   0.00088   0.00869   0.00000   0.00000   0.00000   0.00000   0.00000   0.00188   0.01497   0.00854   0.00369   0.00000   0.00000   0.00000   0.00000   0.00000   0.00000   0.00000   0.00000   0.00000   0.00000   0.00000   0.01101   0.00000   0.00000   0.00000   0.00000   0.00125   0.00127   0.00314   0.00330   0.00028   0.00000   0.00349   0.00240   0.01080   0.27931   1.05574   1.06867   1.14309   1.00000   1.34631   0.11652   0.00010   2.42040  
 41 142.0830   2708.236878  x:  0.25420   0.00000   0.00208   0.05533   0.00403   0.00000   0.00053   0.00148   0.00000   0.00000   0.00000   0.00093   0.00935   0.00000   0.00000   0.00000   0.00000   0.00000   0.00188   0.01481   0.00932   0.00367   0.00000   0.00000   0.00000   0.00000   0.00000   0.00000   0.00000   0.00000   0.00000   0.00000   0.00000   0.01048   0.00000   0.00000   0.00000   0.00000   0.00118   0.00121   0.00341   0.00276   0.00025   0.00000   0.00351   0.00234   0.01149   0.27992   1.05890   1.06794   1.14207   1.00000   1.34830   0.11495   0.00010   2.42023  
 42 204.3520   2707.094873  x:  0.26003   0.00000   0.00274   0.05893   0.00422   0.00000   0.00038   0.00118   0.00000   0.00000   0.00000   0.00089   0.01073   0.00000   0.00000   0.00000   0.00000   0.00000   0.00242   0.01429   0.01106   0.00348   0.00000   0.00000   0.00000   0.00000   0.00000   0.00000   0.00000   0.00000   0.00000   0.00000   0.00000   0.00747   0.00000   0.00000   0.00000   0.00000   0.00090   0.00142   0.00374   0.00379   0.00021   0.00000   0.00375   0.00192   0.00814   0.28575   1.08928   1.06033   1.13205   1.00000   1.36706   0.10013   0.00010   2.41854  
 43 398.4311   2704.921534  x:  0.27146   0.00000   0.00348   0.06920   0.00444   0.00000   0.00025   0.00183   0.00000   0.00000   0.00000   0.00132   0.00927   0.00000   0.00000   0.00000   0.00000   0.00000   0.00342   0.01913   0.01083   0.00298   0.00000   0.00000   0.00000   0.00000   0.00000   0.00000   0.00000   0.00000   0.00000   0.00000   0.00000   0.01264   0.00000   0.00000   0.00000   0.00000   0.00065   0.00171   0.00449   0.00469   0.00021   0.00000   0.00410   0.00169   0.00973   0.29718   1.15455   1.04335   1.11018   1.00000   1.40698   0.06857   0.00010   2.41493  
 44 1364.7894   2704.580916  x:  0.27158   0.00000   0.00354   0.06999   0.00443   0.00000   0.00029   0.00206   0.00000   0.00000   0.00000   0.00143   0.00817   0.00000   0.00000   0.00000   0.00000   0.00000   0.00347   0.02092   0.00909   0.00293   0.00000   0.00000   0.00000   0.00000   0.00000   0.00000   0.00000   0.00000   0.00000   0.00000   0.00000   0.00974   0.00000   0.00000   0.00000   0.00000   0.00071   0.00171   0.00460   0.00464   0.00023   0.00000   0.00410   0.00181   0.01098   0.29730   1.16403   1.04069   1.10700   1.00000   1.41232   0.06441   0.00010   2.41441  
 45 183.8529   2696.990601  x:  0.25736   0.00000   0.00308   0.05934   0.00439   0.00000   0.00051   0.00200   0.00000   0.00000   0.00000   0.00147   0.00718   0.00000   0.00000   0.00000   0.00000   0.00000   0.00296   0.01603   0.00995   0.00399   0.00000   0.00000   0.00000   0.00000   0.00000   0.00000   0.00000   0.00000   0.00000   0.00000   0.00000   0.01068   0.00000   0.00000   0.00000   0.00000   0.00095   0.00154   0.00419   0.00396   0.00029   0.00000   0.00394   0.00203   0.00501   0.28308   1.31852   0.99746   1.05610   1.00000   1.49570   0.00010   0.00010   2.40591  
 46 241.0466   2691.834561  x:  0.29290   0.00000   0.00354   0.04474   0.00414   0.00000   0.00048   0.00115   0.00000   0.00000   0.00000   0.00121   0.01056   0.00000   0.00000   0.00000   0.00000   0.00000   0.00168   0.01257   0.00687   0.00245   0.00000   0.00000   0.00000   0.00000   0.00000   0.00000   0.00000   0.00000   0.00000   0.00000   0.00000   0.01215   0.00000   0.00000   0.00000   0.00000   0.00107   0.00150   0.00413   0.00245   0.00045   0.00000   0.00377   0.00307   0.00993   0.31862   1.54368   1.04095   1.09111   1.00000   1.59474   0.00010   0.00010   2.39023  
 47 52.0563   2690.098495  x:  0.25790   0.00000   0.00433   0.04243   0.00459   0.00000   0.00038   0.00127   0.00000   0.00000   0.00000   0.00142   0.01254   0.00000   0.00000   0.00000   0.00000   0.00000   0.00184   0.01382   0.00568   0.00209   0.00000   0.00000   0.00000   0.00000   0.00000   0.00000   0.00000   0.00000   0.00000   0.00000   0.00000   0.01198   0.00000   0.00000   0.00000   0.00000   0.00102   0.00165   0.00463   0.00249   0.00050   0.00000   0.00438   0.00341   0.00910   0.28361   1.63249   1.07624   1.12927   1.00000   1.62465   0.00010   0.00010   2.38223  
 48 55.0219   2689.189609  x:  0.26344   0.00000   0.00427   0.04326   0.00441   0.00000   0.00053   0.00145   0.00000   0.00000   0.00000   0.00154   0.01153   0.00000   0.00000   0.00000   0.00000   0.00000   0.00183   0.01237   0.00859   0.00284   0.00000   0.00000   0.00000   0.00000   0.00000   0.00000   0.00000   0.00000   0.00000   0.00000   0.00000   0.01197   0.00000   0.00000   0.00000   0.00000   0.00113   0.00164   0.00489   0.00337   0.00055   0.00000   0.00408   0.00337   0.00970   0.28915   1.69945   1.10238   1.18109   1.00000   1.62314   0.00010   0.00010   2.37159  
 49 16.6587   2687.927557  x:  0.26837   0.00000   0.00448   0.03944   0.00429   0.00000   0.00049   0.00175   0.00000   0.00000   0.00000   0.00162   0.01183   0.00000   0.00000   0.00000   0.00000   0.00000   0.00169   0.01164   0.00907   0.00313   0.00000   0.00000   0.00000   0.00000   0.00000   0.00000   0.00000   0.00000   0.00000   0.00000   0.00000   0.01182   0.00000   0.00000   0.00000   0.00000   0.00113   0.00158   0.00531   0.00412   0.00062   0.00000   0.00387   0.00346   0.00919   0.29408   1.75043   1.14992   1.12838   1.00000   1.55068   0.00010   0.00010   2.34016  
 50  7.0434   2685.541200  x:  0.27248   0.00000   0.00538   0.02771   0.00386   0.00000   0.00037   0.00226   0.00000   0.00000   0.00000   0.00183   0.01442   0.00000   0.00000   0.00000   0.00000   0.00000   0.00124   0.01081   0.00903   0.00248   0.00000   0.00000   0.00000   0.00000   0.00000   0.00000   0.00000   0.00000   0.00000   0.00000   0.00000   0.01155   0.00000   0.00000   0.00000   0.00000   0.00115   0.00156   0.00646   0.00553   0.00080   0.00000   0.00336   0.00415   0.00883   0.29818   1.81319   1.07175   1.11852   1.00000   1.41575   0.00010   0.00010   2.27100  
 51 19.7462   2683.529520  x:  0.28597   0.00000   0.00564   0.02345   0.00273   0.00000   0.00022   0.00282   0.00000   0.00000   0.00000   0.00200   0.01421   0.00000   0.00000   0.00000   0.00000   0.00000   0.00138   0.01019   0.00757   0.00221   0.00000   0.00000   0.00000   0.00000   0.00000   0.00000   0.00000   0.00000   0.00000   0.00000   0.00000   0.01080   0.00000   0.00000   0.00000   0.00000   0.00101   0.00157   0.00673   0.00582   0.00085   0.00000   0.00194   0.00389   0.00462   0.31167   1.71763   1.09020   1.13214   1.00000   1.58639   0.00010   0.00010   2.15498  
 52  5.6594   2682.151690  x:  0.27670   0.00000   0.00614   0.02300   0.00294   0.00000   0.00019   0.00300   0.00000   0.00000   0.00000   0.00211   0.01570   0.00000   0.00000   0.00000   0.00000   0.00000   0.00151   0.01056   0.00865   0.00276   0.00000   0.00000   0.00000   0.00000   0.00000   0.00000   0.00000   0.00000   0.00000   0.00000   0.00000   0.01022   0.00000   0.00000   0.00000   0.00000   0.00097   0.00182   0.00735   0.00687   0.00094   0.00000   0.00216   0.00419   0.00847   0.30239   1.64704   1.06414   1.08895   1.00000   1.75531   0.00010   0.00010   2.04408  
 53 12.5895   2681.997074  x:  0.27495   0.00000   0.00623   0.02292   0.00298   0.00000   0.00019   0.00304   0.00000   0.00000   0.00000   0.00213   0.01598   0.00000   0.00000   0.00000   0.00000   0.00000   0.00153   0.01063   0.00886   0.00286   0.00000   0.00000   0.00000   0.00000   0.00000   0.00000   0.00000   0.00000   0.00000   0.00000   0.00000   0.01011   0.00000   0.00000   0.00000   0.00000   0.00096   0.00186   0.00747   0.00707   0.00095   0.00000   0.00220   0.00425   0.00919   0.30064   1.63377   1.05918   1.08073   1.00000   1.78737   0.00010   0.00753   2.02269  
 54 242.1487   2681.175668  x:  0.27620   0.00000   0.00628   0.02528   0.00276   0.00000   0.00029   0.00326   0.00000   0.00000   0.00000   0.00217   0.01638   0.00000   0.00000   0.00000   0.00000   0.00000   0.00179   0.01044   0.00929   0.00112   0.00000   0.00000   0.00000   0.00000   0.00000   0.00000   0.00000   0.00000   0.00000   0.00000   0.00000   0.01015   0.00000   0.00000   0.00000   0.00000   0.00104   0.00210   0.00765   0.00743   0.00094   0.00000   0.00210   0.00435   0.00903   0.30188   1.65559   1.05413   1.07332   1.00000   1.80893   0.00010   0.00894   1.93193  
 55  2.3598   2679.015373  x:  0.27681   0.00000   0.00664   0.02557   0.00118   0.00000   0.00075   0.00382   0.00000   0.00000   0.00000   0.00238   0.01784   0.00000   0.00000   0.00000   0.00000   0.00000   0.00286   0.00959   0.00814   0.00363   0.00000   0.00000   0.00000   0.00000   0.00000   0.00000   0.00000   0.00000   0.00000   0.00000   0.00000   0.01058   0.00000   0.00000   0.00000   0.00000   0.00132   0.00324   0.00790   0.00720   0.00084   0.00000   0.00123   0.00465   0.00741   0.30254   1.73347   1.04415   1.06621   1.00000   1.83156   0.00010   0.01079   1.42710  
 56  2.3867   2678.159754  x:  0.27915   0.00000   0.00668   0.02210   0.00242   0.00000   0.00094   0.00408   0.00000   0.00000   0.00000   0.00250   0.01780   0.00000   0.00000   0.00000   0.00000   0.00000   0.00321   0.00874   0.00798   0.00415   0.00000   0.00000   0.00000   0.00000   0.00000   0.00000   0.00000   0.00000   0.00000   0.00000   0.00000   0.01066   0.00000   0.00000   0.00000   0.00000   0.00142   0.00366   0.00795   0.00706   0.00084   0.00000   0.00321   0.00468   0.00596   0.30488   1.72156   1.04794   1.06736   1.00000   1.87087   0.00010   0.01308   1.19741  
 57  7.6672   2677.281669  x:  0.27632   0.00000   0.00666   0.02530   0.00291   0.00000   0.00096   0.00449   0.00000   0.00000   0.00000   0.00273   0.01690   0.00000   0.00000   0.00000   0.00000   0.00000   0.00339   0.01337   0.00967   0.00408   0.00000   0.00000   0.00000   0.00000   0.00000   0.00000   0.00000   0.00000   0.00000   0.00000   0.00000   0.00975   0.00000   0.00000   0.00000   0.00000   0.00165   0.00417   0.00807   0.00676   0.00096   0.00000   0.00299   0.00521   0.00403   0.30206   1.81071   1.05538   1.07303   1.00000   1.88753   0.00010   0.01446   1.02391  
 58  0.3326   2676.264780  x:  0.25976   0.00000   0.00670   0.02565   0.00329   0.00000   0.00108   0.00478   0.00000   0.00000   0.00000   0.00318   0.01445   0.00000   0.00000   0.00000   0.00000   0.00000   0.00263   0.00896   0.01150   0.00363   0.00000   0.00000   0.00000   0.00000   0.00000   0.00000   0.00000   0.00000   0.00000   0.00000   0.00000   0.00878   0.00000   0.00000   0.00000   0.00000   0.00196   0.00453   0.00792   0.00588   0.00115   0.00000   0.00208   0.00583   0.00368   0.28547   1.79604   1.07016   1.07977   1.00000   1.95895   0.00010   0.01777   0.97485  
 59  0.2436   2675.483631  x:  0.26182   0.00000   0.00714   0.02404   0.00258   0.00000   0.00125   0.00535   0.00000   0.00000   0.00000   0.00373   0.01158   0.00000   0.00000   0.00000   0.00000   0.00000   0.00216   0.01068   0.01219   0.00307   0.00000   0.00000   0.00000   0.00000   0.00000   0.00000   0.00000   0.00000   0.00000   0.00000   0.00000   0.00893   0.00000   0.00000   0.00000   0.00000   0.00230   0.00483   0.00819   0.00551   0.00126   0.00000   0.00266   0.00638   0.00586   0.28752   1.82610   1.08006   1.09054   1.00000   2.05711   0.00010   0.02463   1.35751  
 60  0.5731   2675.090075  x:  0.27039   0.00000   0.00760   0.02872   0.00255   0.00000   0.00129   0.00599   0.00000   0.00000   0.00000   0.00414   0.01145   0.00000   0.00000   0.00000   0.00000   0.00000   0.00237   0.00919   0.01131   0.00291   0.00000   0.00000   0.00000   0.00000   0.00000   0.00000   0.00000   0.00000   0.00000   0.00000   0.00000   0.00974   0.00000   0.00000   0.00000   0.00000   0.00249   0.00504   0.00852   0.00564   0.00141   0.00000   0.00300   0.00693   0.00556   0.29611   1.82733   1.06741   1.08881   1.00000   2.06871   0.00010   0.02518   1.50512  
 61  0.2768   2674.870242  x:  0.27252   0.00000   0.00781   0.02729   0.00251   0.00000   0.00138   0.00627   0.00000   0.00000   0.00000   0.00437   0.01139   0.00000   0.00000   0.00000   0.00000   0.00000   0.00247   0.00936   0.01107   0.00268   0.00000   0.00000   0.00000   0.00000   0.00000   0.00000   0.00000   0.00000   0.00000   0.00000   0.00000   0.01030   0.00000   0.00000   0.00000   0.00000   0.00259   0.00519   0.00856   0.00541   0.00152   0.00000   0.00282   0.00720   0.00507   0.29824   1.82233   1.06229   1.08450   1.00000   2.06282   0.14156   0.02383   1.50754  
 62  0.4667   2674.536632  x:  0.27487   0.00000   0.00814   0.02407   0.00246   0.00000   0.00153   0.00673   0.00000   0.00000   0.00000   0.00477   0.01131   0.00000   0.00000   0.00000   0.00000   0.00000   0.00262   0.00990   0.01072   0.00229   0.00000   0.00000   0.00000   0.00000   0.00000   0.00000   0.00000   0.00000   0.00000   0.00000   0.00000   0.01115   0.00000   0.00000   0.00000   0.00000   0.00276   0.00544   0.00860   0.00498   0.00170   0.00000   0.00244   0.00763   0.00427   0.30058   1.81260   1.05457   1.07668   1.00000   2.05739   0.07182   0.02109   1.49176  
 63  0.4808   2674.257763  x:  0.27177   0.00000   0.00861   0.02520   0.00283   0.00000   0.00174   0.00741   0.00000   0.00000   0.00000   0.00537   0.01244   0.00000   0.00000   0.00000   0.00000   0.00000   0.00260   0.01013   0.00963   0.00232   0.00000   0.00000   0.00000   0.00000   0.00000   0.00000   0.00000   0.00000   0.00000   0.00000   0.00000   0.01013   0.00000   0.00000   0.00000   0.00000   0.00290   0.00560   0.00858   0.00478   0.00199   0.00000   0.00211   0.00807   0.00551   0.29748   1.80538   1.05603   1.07061   1.00000   2.08273   0.12298   0.01871   1.32216  
 64  0.1201   2674.169143  x:  0.26935   0.00000   0.00866   0.02535   0.00227   0.00000   0.00184   0.00766   0.00000   0.00000   0.00000   0.00563   0.01257   0.00000   0.00000   0.00000   0.00000   0.00000   0.00254   0.00993   0.00962   0.00232   0.00000   0.00000   0.00000   0.00000   0.00000   0.00000   0.00000   0.00000   0.00000   0.00000   0.00000   0.00969   0.00000   0.00000   0.00000   0.00000   0.00292   0.00565   0.00839   0.00457   0.00214   0.00000   0.00270   0.00820   0.00517   0.29507   1.79531   1.06090   1.07320   1.00000   2.09575   0.15329   0.01749   1.35258  
 65  0.0684   2674.060566  x:  0.26918   0.00000   0.00858   0.02525   0.00279   0.00000   0.00206   0.00806   0.00000   0.00000   0.00000   0.00612   0.01241   0.00000   0.00000   0.00000   0.00000   0.00000   0.00246   0.01004   0.00991   0.00261   0.00000   0.00000   0.00000   0.00000   0.00000   0.00000   0.00000   0.00000   0.00000   0.00000   0.00000   0.00985   0.00000   0.00000   0.00000   0.00000   0.00290   0.00565   0.00795   0.00454   0.00238   0.00000   0.00251   0.00826   0.00475   0.29490   1.78758   1.06806   1.08290   1.00000   2.13195   0.21115   0.01727   1.58950  
 66  0.1461   2673.944225  x:  0.27245   0.00000   0.00834   0.02454   0.00258   0.00000   0.00230   0.00850   0.00000   0.00000   0.00000   0.00672   0.01234   0.00000   0.00000   0.00000   0.00000   0.00000   0.00227   0.01005   0.01042   0.00266   0.00000   0.00000   0.00000   0.00000   0.00000   0.00000   0.00000   0.00000   0.00000   0.00000   0.00000   0.01040   0.00000   0.00000   0.00000   0.00000   0.00276   0.00532   0.00747   0.00526   0.00264   0.00000   0.00260   0.00813   0.00510   0.29817   1.80606   1.06392   1.07997   1.00000   2.20187   0.25294   0.01891   1.55893  
 67  0.0394   2673.896367  x:  0.27094   0.00000   0.00784   0.02543   0.00254   0.00000   0.00237   0.00855   0.00000   0.00000   0.00000   0.00689   0.01260   0.00000   0.00000   0.00000   0.00000   0.00000   0.00255   0.01003   0.01027   0.00262   0.00000   0.00000   0.00000   0.00000   0.00000   0.00000   0.00000   0.00000   0.00000   0.00000   0.00000   0.00991   0.00000   0.00000   0.00000   0.00000   0.00257   0.00508   0.00706   0.00526   0.00274   0.00000   0.00253   0.00782   0.00501   0.29666   1.82087   1.06004   1.07600   1.00000   2.22083   0.27964   0.01772   1.63396  
 68  0.0422   2673.868699  x:  0.26982   0.00000   0.00755   0.02524   0.00248   0.00000   0.00242   0.00837   0.00000   0.00000   0.00000   0.00695   0.01230   0.00000   0.00000   0.00000   0.00000   0.00000   0.00244   0.00992   0.01005   0.00246   0.00000   0.00000   0.00000   0.00000   0.00000   0.00000   0.00000   0.00000   0.00000   0.00000   0.00000   0.01015   0.00000   0.00000   0.00000   0.00000   0.00243   0.00480   0.00712   0.00503   0.00271   0.00000   0.00240   0.00747   0.00496   0.29554   1.80704   1.06227   1.07657   1.00000   2.25419   0.31123   0.01856   1.64435  
 69  0.0225   2673.849699  x:  0.27126   0.00000   0.00751   0.02502   0.00255   0.00000   0.00247   0.00824   0.00000   0.00000   0.00000   0.00703   0.01256   0.00000   0.00000   0.00000   0.00000   0.00000   0.00251   0.01018   0.00985   0.00246   0.00000   0.00000   0.00000   0.00000   0.00000   0.00000   0.00000   0.00000   0.00000   0.00000   0.00000   0.01021   0.00000   0.00000   0.00000   0.00000   0.00240   0.00475   0.00757   0.00489   0.00265   0.00000   0.00251   0.00734   0.00500   0.29697   1.81020   1.06203   1.07900   1.00000   2.28611   0.32155   0.01920   1.70217  
 70  0.0237   2673.828336  x:  0.27048   0.00000   0.00738   0.02516   0.00261   0.00000   0.00262   0.00823   0.00000   0.00000   0.00000   0.00739   0.01257   0.00000   0.00000   0.00000   0.00000   0.00000   0.00247   0.00980   0.01025   0.00247   0.00000   0.00000   0.00000   0.00000   0.00000   0.00000   0.00000   0.00000   0.00000   0.00000   0.00000   0.01001   0.00000   0.00000   0.00000   0.00000   0.00242   0.00484   0.00792   0.00481   0.00267   0.00000   0.00258   0.00740   0.00503   0.29620   1.82257   1.06194   1.07577   1.00000   2.35427   0.39851   0.01913   1.81994  
 71  0.0488   2673.806209  x:  0.27114   0.00000   0.00720   0.02536   0.00253   0.00000   0.00274   0.00799   0.00000   0.00000   0.00000   0.00769   0.01246   0.00000   0.00000   0.00000   0.00000   0.00000   0.00247   0.01022   0.01021   0.00250   0.00000   0.00000   0.00000   0.00000   0.00000   0.00000   0.00000   0.00000   0.00000   0.00000   0.00000   0.01024   0.00000   0.00000   0.00000   0.00000   0.00244   0.00497   0.00805   0.00498   0.00262   0.00000   0.00248   0.00742   0.00493   0.29686   1.81306   1.06168   1.07903   1.00000   2.42759   0.49871   0.01770   1.95155  
 72  0.0459   2673.787751  x:  0.27096   0.00000   0.00718   0.02513   0.00248   0.00000   0.00274   0.00759   0.00000   0.00000   0.00000   0.00767   0.01244   0.00000   0.00000   0.00000   0.00000   0.00000   0.00250   0.00987   0.01006   0.00251   0.00000   0.00000   0.00000   0.00000   0.00000   0.00000   0.00000   0.00000   0.00000   0.00000   0.00000   0.01004   0.00000   0.00000   0.00000   0.00000   0.00252   0.00519   0.00792   0.00512   0.00245   0.00000   0.00240   0.00748   0.00507   0.29667   1.80211   1.06210   1.07666   1.00000   2.49139   0.54388   0.01836   2.05576  
 73  0.0448   2673.776505  x:  0.27028   0.00000   0.00724   0.02534   0.00250   0.00000   0.00276   0.00745   0.00000   0.00000   0.00000   0.00775   0.01255   0.00000   0.00000   0.00000   0.00000   0.00000   0.00249   0.01006   0.01003   0.00250   0.00000   0.00000   0.00000   0.00000   0.00000   0.00000   0.00000   0.00000   0.00000   0.00000   0.00000   0.01009   0.00000   0.00000   0.00000   0.00000   0.00255   0.00523   0.00757   0.00509   0.00241   0.00000   0.00252   0.00750   0.00498   0.29599   1.81556   1.06168   1.07707   1.00000   2.55001   0.58797   0.01971   2.15528  
 74  0.0454   2673.770339  x:  0.27121   0.00000   0.00736   0.02514   0.00257   0.00000   0.00280   0.00740   0.00000   0.00000   0.00000   0.00789   0.01256   0.00000   0.00000   0.00000   0.00000   0.00000   0.00247   0.00997   0.01005   0.00243   0.00000   0.00000   0.00000   0.00000   0.00000   0.00000   0.00000   0.00000   0.00000   0.00000   0.00000   0.01012   0.00000   0.00000   0.00000   0.00000   0.00255   0.00514   0.00745   0.00492   0.00242   0.00000   0.00249   0.00751   0.00495   0.29692   1.81741   1.06220   1.07808   1.00000   2.58796   0.63388   0.01898   2.23751  
 75  0.0400   2673.765605  x:  0.27107   0.00000   0.00758   0.02530   0.00256   0.00000   0.00277   0.00732   0.00000   0.00000   0.00000   0.00788   0.01264   0.00000   0.00000   0.00000   0.00000   0.00000   0.00247   0.01002   0.01014   0.00245   0.00000   0.00000   0.00000   0.00000   0.00000   0.00000   0.00000   0.00000   0.00000   0.00000   0.00000   0.01010   0.00000   0.00000   0.00000   0.00000   0.00253   0.00499   0.00751   0.00498   0.00241   0.00000   0.00250   0.00750   0.00501   0.29678   1.80914   1.06125   1.07593   1.00000   2.61739   0.66762   0.01892   2.30038  
 76  0.0305   2673.760607  x:  0.27106   0.00000   0.00767   0.02529   0.00250   0.00000   0.00269   0.00729   0.00000   0.00000   0.00000   0.00780   0.01241   0.00000   0.00000   0.00000   0.00000   0.00000   0.00256   0.00997   0.01020   0.00247   0.00000   0.00000   0.00000   0.00000   0.00000   0.00000   0.00000   0.00000   0.00000   0.00000   0.00000   0.01000   0.00000   0.00000   0.00000   0.00000   0.00251   0.00494   0.00749   0.00500   0.00241   0.00000   0.00250   0.00748   0.00504   0.29677   1.82021   1.06203   1.07836   1.00000   2.64613   0.69504   0.01895   2.36808  
 77  0.0257   2673.749653  x:  0.27029   0.00000   0.00771   0.02516   0.00252   0.00000   0.00261   0.00739   0.00000   0.00000   0.00000   0.00782   0.01237   0.00000   0.00000   0.00000   0.00000   0.00000   0.00257   0.00998   0.01002   0.00254   0.00000   0.00000   0.00000   0.00000   0.00000   0.00000   0.00000   0.00000   0.00000   0.00000   0.00000   0.01021   0.00000   0.00000   0.00000   0.00000   0.00247   0.00501   0.00763   0.00500   0.00250   0.00000   0.00243   0.00743   0.00484   0.29601   1.82046   1.06235   1.07672   1.00000   2.76179   0.80060   0.01944   2.59221  
 78  0.0559   2673.742097  x:  0.27088   0.00000   0.00760   0.02518   0.00252   0.00000   0.00251   0.00753   0.00000   0.00000   0.00000   0.00771   0.01247   0.00000   0.00000   0.00000   0.00000   0.00000   0.00250   0.00996   0.01002   0.00251   0.00000   0.00000   0.00000   0.00000   0.00000   0.00000   0.00000   0.00000   0.00000   0.00000   0.00000   0.01003   0.00000   0.00000   0.00000   0.00000   0.00246   0.00513   0.00760   0.00497   0.00258   0.00000   0.00245   0.00741   0.00501   0.29661   1.81611   1.06138   1.07693   1.00000   2.81518   0.85894   0.01963   2.70327  
 79  0.0606   2673.740750  x:  0.27080   0.00000   0.00752   0.02524   0.00252   0.00000   0.00248   0.00748   0.00000   0.00000   0.00000   0.00766   0.01250   0.00000   0.00000   0.00000   0.00000   0.00000   0.00248   0.00999   0.01010   0.00248   0.00000   0.00000   0.00000   0.00000   0.00000   0.00000   0.00000   0.00000   0.00000   0.00000   0.00000   0.01013   0.00000   0.00000   0.00000   0.00000   0.00247   0.00513   0.00756   0.00496   0.00257   0.00000   0.00249   0.00740   0.00500   0.29652   1.81584   1.06188   1.07706   1.00000   2.82154   0.86526   0.01935   2.72940  
 80  0.0177   2673.740102  x:  0.27091   0.00000   0.00748   0.02518   0.00256   0.00000   0.00247   0.00747   0.00000   0.00000   0.00000   0.00762   0.01249   0.00000   0.00000   0.00000   0.00000   0.00000   0.00248   0.00999   0.01009   0.00248   0.00000   0.00000   0.00000   0.00000   0.00000   0.00000   0.00000   0.00000   0.00000   0.00000   0.00000   0.01009   0.00000   0.00000   0.00000   0.00000   0.00249   0.00509   0.00759   0.00499   0.00255   0.00000   0.00249   0.00743   0.00496   0.29664   1.81708   1.06163   1.07700   1.00000   2.82428   0.87117   0.01929   2.74405  
 81  0.0051   2673.739554  x:  0.27071   0.00000   0.00745   0.02519   0.00255   0.00000   0.00247   0.00751   0.00000   0.00000   0.00000   0.00764   0.01249   0.00000   0.00000   0.00000   0.00000   0.00000   0.00248   0.00997   0.01007   0.00248   0.00000   0.00000   0.00000   0.00000   0.00000   0.00000   0.00000   0.00000   0.00000   0.00000   0.00000   0.01011   0.00000   0.00000   0.00000   0.00000   0.00252   0.00504   0.00758   0.00499   0.00255   0.00000   0.00249   0.00748   0.00499   0.29643   1.81628   1.06173   1.07701   1.00000   2.83781   0.88168   0.01940   2.76924  
 82  0.0107   2673.739428  x:  0.27082   0.00000   0.00744   0.02520   0.00253   0.00000   0.00247   0.00753   0.00000   0.00000   0.00000   0.00763   0.01250   0.00000   0.00000   0.00000   0.00000   0.00000   0.00249   0.00999   0.01007   0.00248   0.00000   0.00000   0.00000   0.00000   0.00000   0.00000   0.00000   0.00000   0.00000   0.00000   0.00000   0.01011   0.00000   0.00000   0.00000   0.00000   0.00253   0.00503   0.00758   0.00497   0.00255   0.00000   0.00249   0.00750   0.00499   0.29654   1.81562   1.06189   1.07706   1.00000   2.83140   0.87556   0.01941   2.75773  
 83  0.0078   2673.739328  x:  0.27085   0.00000   0.00744   0.02521   0.00253   0.00000   0.00248   0.00752   0.00000   0.00000   0.00000   0.00763   0.01252   0.00000   0.00000   0.00000   0.00000   0.00000   0.00249   0.00999   0.01009   0.00249   0.00000   0.00000   0.00000   0.00000   0.00000   0.00000   0.00000   0.00000   0.00000   0.00000   0.00000   0.01010   0.00000   0.00000   0.00000   0.00000   0.00252   0.00504   0.00758   0.00496   0.00253   0.00000   0.00248   0.00749   0.00498   0.29658   1.81624   1.06173   1.07707   1.00000   2.84169   0.88556   0.01944   2.77668  
 84  0.0082   2673.739134  x:  0.27075   0.00000   0.00746   0.02521   0.00253   0.00000   0.00248   0.00756   0.00000   0.00000   0.00000   0.00759   0.01252   0.00000   0.00000   0.00000   0.00000   0.00000   0.00248   0.00997   0.01010   0.00249   0.00000   0.00000   0.00000   0.00000   0.00000   0.00000   0.00000   0.00000   0.00000   0.00000   0.00000   0.01011   0.00000   0.00000   0.00000   0.00000   0.00251   0.00503   0.00758   0.00497   0.00251   0.00000   0.00247   0.00748   0.00499   0.29648   1.81696   1.06168   1.07697   1.00000   2.83632   0.88028   0.01941   2.76840  
 85  0.0027   2673.739040  x:  0.27080   0.00000   0.00745   0.02520   0.00253   0.00000   0.00250   0.00758   0.00000   0.00000   0.00000   0.00760   0.01250   0.00000   0.00000   0.00000   0.00000   0.00000   0.00248   0.00999   0.01009   0.00248   0.00000   0.00000   0.00000   0.00000   0.00000   0.00000   0.00000   0.00000   0.00000   0.00000   0.00000   0.01010   0.00000   0.00000   0.00000   0.00000   0.00251   0.00504   0.00757   0.00497   0.00250   0.00000   0.00248   0.00748   0.00499   0.29653   1.81618   1.06183   1.07703   1.00000   2.84264   0.88727   0.01939   2.78000  
 86  0.0088   2673.739029  x:  0.27078   0.00000   0.00746   0.02520   0.00253   0.00000   0.00250   0.00758   0.00000   0.00000   0.00000   0.00759   0.01250   0.00000   0.00000   0.00000   0.00000   0.00000   0.00249   0.00998   0.01009   0.00248   0.00000   0.00000   0.00000   0.00000   0.00000   0.00000   0.00000   0.00000   0.00000   0.00000   0.00000   0.01011   0.00000   0.00000   0.00000   0.00000   0.00251   0.00504   0.00758   0.00497   0.00250   0.00000   0.00248   0.00748   0.00498   0.29651   1.81563   1.06176   1.07706   1.00000   2.84330   0.88762   0.01940   2.78275  
 87  0.0015   2673.738993  x:  0.27080   0.00000   0.00746   0.02521   0.00254   0.00000   0.00251   0.00758   0.00000   0.00000   0.00000   0.00758   0.01250   0.00000   0.00000   0.00000   0.00000   0.00000   0.00249   0.00998   0.01010   0.00248   0.00000   0.00000   0.00000   0.00000   0.00000   0.00000   0.00000   0.00000   0.00000   0.00000   0.00000   0.01010   0.00000   0.00000   0.00000   0.00000   0.00251   0.00504   0.00758   0.00497   0.00251   0.00000   0.00248   0.00749   0.00498   0.29653   1.81550   1.06185   1.07703   1.00000   2.84444   0.88815   0.01944   2.78992  
 88  0.0009   2673.738961  x:  0.27079   0.00000   0.00746   0.02521   0.00253   0.00000   0.00251   0.00757   0.00000   0.00000   0.00000   0.00757   0.01250   0.00000   0.00000   0.00000   0.00000   0.00000   0.00248   0.00998   0.01009   0.00248   0.00000   0.00000   0.00000   0.00000   0.00000   0.00000   0.00000   0.00000   0.00000   0.00000   0.00000   0.01010   0.00000   0.00000   0.00000   0.00000   0.00251   0.00504   0.00758   0.00497   0.00251   0.00000   0.00248   0.00749   0.00499   0.29653   1.81610   1.06182   1.07706   1.00000   2.84625   0.89041   0.01942   2.79755  
 89  0.0043   2673.738952  x:  0.27079   0.00000   0.00746   0.02521   0.00253   0.00000   0.00251   0.00757   0.00000   0.00000   0.00000   0.00757   0.01250   0.00000   0.00000   0.00000   0.00000   0.00000   0.00248   0.00998   0.01008   0.00248   0.00000   0.00000   0.00000   0.00000   0.00000   0.00000   0.00000   0.00000   0.00000   0.00000   0.00000   0.01010   0.00000   0.00000   0.00000   0.00000   0.00251   0.00504   0.00758   0.00497   0.00251   0.00000   0.00248   0.00749   0.00499   0.29652   1.81616   1.06175   1.07704   1.00000   2.84554   0.89005   0.01939   2.79206  
 90  0.0023   2673.738948  x:  0.27079   0.00000   0.00746   0.02521   0.00253   0.00000   0.00252   0.00757   0.00000   0.00000   0.00000   0.00756   0.01250   0.00000   0.00000   0.00000   0.00000   0.00000   0.00249   0.00998   0.01009   0.00248   0.00000   0.00000   0.00000   0.00000   0.00000   0.00000   0.00000   0.00000   0.00000   0.00000   0.00000   0.01010   0.00000   0.00000   0.00000   0.00000   0.00251   0.00504   0.00758   0.00497   0.00252   0.00000   0.00248   0.00749   0.00498   0.29652   1.81602   1.06176   1.07702   1.00000   2.84534   0.88970   0.01940   2.78873  
 91  0.0016   2673.738948  x:  0.27079   0.00000   0.00746   0.02521   0.00253   0.00000   0.00252   0.00757   0.00000   0.00000   0.00000   0.00756   0.01250   0.00000   0.00000   0.00000   0.00000   0.00000   0.00249   0.00998   0.01009   0.00248   0.00000   0.00000   0.00000   0.00000   0.00000   0.00000   0.00000   0.00000   0.00000   0.00000   0.00000   0.01010   0.00000   0.00000   0.00000   0.00000   0.00251   0.00504   0.00758   0.00497   0.00252   0.00000   0.00248   0.00749   0.00498   0.29652   1.81603   1.06179   1.07704   1.00000   2.84532   0.88962   0.01941   2.78784  
 92  0.0006   2673.738947  x:  0.27079   0.00000   0.00746   0.02521   0.00253   0.00000   0.00252   0.00757   0.00000   0.00000   0.00000   0.00756   0.01250   0.00000   0.00000   0.00000   0.00000   0.00000   0.00249   0.00998   0.01009   0.00248   0.00000   0.00000   0.00000   0.00000   0.00000   0.00000   0.00000   0.00000   0.00000   0.00000   0.00000   0.01010   0.00000   0.00000   0.00000   0.00000   0.00251   0.00504   0.00758   0.00497   0.00252   0.00000   0.00248   0.00748   0.00498   0.29652   1.81608   1.06178   1.07704   1.00000   2.84535   0.88970   0.01940   2.78842  