

TREE # 1

  0  0.0000  10485.120344  x:  0.75402   0.00107   0.01008   0.01759   0.00733   0.00235   0.00116   0.00213   0.00048   0.00100   0.00400   0.00109   0.00174   0.00462   0.00384   0.00039   0.00355   0.00175   0.00412   0.00681   0.00572   0.00240   0.00146   0.00405   0.00142   0.00461   0.00242   0.00092   0.00121   0.00139   0.00023   0.00161   0.00083   0.00511   0.00000   0.00343   0.00382   0.00096   0.00314   0.00720   0.00618   0.00598   0.00679   0.00218   0.00107   0.00318   0.00430   0.72669   1.29259   1.75390   1.08663   0.95238   1.37994   0.11912   0.23021   2.05512  
  1 99.0000  10485.105376  x:  0.75402   0.00107   0.01008   0.01759   0.00733   0.00235   0.00116   0.00213   0.00048   0.00100   0.00400   0.00108   0.00174   0.00462   0.00384   0.00039   0.00355   0.00175   0.00412   0.00681   0.00572   0.00240   0.00146   0.00405   0.00142   0.00461   0.00242   0.00092   0.00121   0.00139   0.00023   0.00161   0.00083   0.00511   0.00000   0.00343   0.00382   0.00096   0.00314   0.00720   0.00618   0.00598   0.00679   0.00218   0.00107   0.00318   0.00430   0.72669   1.29259   1.75390   1.08663   0.95238   1.37994   0.11912   0.23021   2.05512  
  2 4824.7493  10482.062309  x:  0.75403   0.00105   0.01008   0.01760   0.00729   0.00226   0.00108   0.00214   0.00025   0.00077   0.00398   0.00116   0.00175   0.00462   0.00384   0.00018   0.00341   0.00173   0.00410   0.00680   0.00568   0.00231   0.00143   0.00407   0.00143   0.00453   0.00233   0.00069   0.00098   0.00117   0.00000   0.00161   0.00062   0.00512   0.00000   0.00328   0.00384   0.00081   0.00312   0.00721   0.00618   0.00596   0.00675   0.00211   0.00114   0.00312   0.00427   0.72670   1.29260   1.75386   1.08662   0.95248   1.37994   0.11912   0.23009   2.05512  
  3 18822.3798  10479.967033  x:  0.75404   0.00104   0.01008   0.01760   0.00727   0.00226   0.00105   0.00215   0.00006   0.00058   0.00398   0.00114   0.00175   0.00463   0.00388   0.00000   0.00330   0.00175   0.00410   0.00679   0.00567   0.00229   0.00145   0.00406   0.00146   0.00449   0.00231   0.00050   0.00079   0.00097   0.00000   0.00164   0.00044   0.00514   0.00000   0.00317   0.00387   0.00070   0.00313   0.00722   0.00616   0.00597   0.00672   0.00210   0.00112   0.00311   0.00427   0.72671   1.29261   1.75383   1.08661   0.95257   1.37995   0.11912   0.22999   2.05511  
  4 36694.5109  10479.472497  x:  0.75404   0.00104   0.01008   0.01760   0.00726   0.00226   0.00105   0.00215   0.00000   0.00053   0.00398   0.00114   0.00175   0.00464   0.00389   0.00000   0.00327   0.00175   0.00410   0.00679   0.00567   0.00229   0.00145   0.00406   0.00146   0.00448   0.00230   0.00045   0.00074   0.00092   0.00000   0.00164   0.00039   0.00515   0.00000   0.00314   0.00387   0.00068   0.00313   0.00723   0.00615   0.00597   0.00671   0.00210   0.00112   0.00311   0.00427   0.72671   1.29261   1.75382   1.08661   0.95259   1.37995   0.11912   0.22996   2.05511  
  5 130911.3945  10476.305272  x:  0.75406   0.00106   0.01007   0.01760   0.00724   0.00226   0.00104   0.00215   0.00000   0.00014   0.00398   0.00114   0.00175   0.00464   0.00396   0.00000   0.00308   0.00176   0.00411   0.00678   0.00566   0.00228   0.00146   0.00411   0.00145   0.00444   0.00230   0.00006   0.00035   0.00053   0.00000   0.00163   0.00000   0.00519   0.00000   0.00295   0.00391   0.00050   0.00313   0.00726   0.00611   0.00601   0.00667   0.00211   0.00113   0.00311   0.00427   0.72673   1.29263   1.75375   1.08658   0.95276   1.37996   0.11911   0.22975   2.05511  
  6 780946.8568  10475.919634  x:  0.75406   0.00106   0.01007   0.01760   0.00724   0.00226   0.00104   0.00215   0.00000   0.00008   0.00398   0.00114   0.00175   0.00464   0.00397   0.00000   0.00306   0.00176   0.00411   0.00678   0.00566   0.00228   0.00145   0.00411   0.00145   0.00444   0.00230   0.00000   0.00029   0.00048   0.00000   0.00163   0.00000   0.00520   0.00000   0.00293   0.00392   0.00048   0.00313   0.00726   0.00611   0.00602   0.00666   0.00211   0.00113   0.00311   0.00427   0.72673   1.29263   1.75374   1.08658   0.95279   1.37996   0.11911   0.22972   2.05511  
  7 240081.3626  10475.495052  x:  0.75407   0.00106   0.01007   0.01760   0.00724   0.00226   0.00105   0.00215   0.00000   0.00000   0.00398   0.00114   0.00175   0.00464   0.00398   0.00000   0.00302   0.00176   0.00411   0.00678   0.00566   0.00227   0.00145   0.00411   0.00145   0.00443   0.00229   0.00000   0.00021   0.00040   0.00000   0.00164   0.00000   0.00519   0.00000   0.00291   0.00392   0.00045   0.00313   0.00727   0.00610   0.00602   0.00664   0.00210   0.00113   0.00311   0.00426   0.72674   1.29264   1.75373   1.08658   0.95282   1.37996   0.11911   0.22968   2.05511  
  8 69259.6177  10474.645922  x:  0.75407   0.00109   0.01007   0.01760   0.00723   0.00224   0.00105   0.00214   0.00000   0.00000   0.00399   0.00114   0.00175   0.00464   0.00401   0.00000   0.00291   0.00179   0.00411   0.00678   0.00564   0.00226   0.00144   0.00413   0.00144   0.00441   0.00227   0.00000   0.00000   0.00019   0.00000   0.00165   0.00000   0.00518   0.00000   0.00291   0.00391   0.00038   0.00314   0.00728   0.00609   0.00603   0.00660   0.00210   0.00111   0.00310   0.00426   0.72675   1.29264   1.75369   1.08656   0.95292   1.37997   0.11910   0.22957   2.05511  
  9 50034.7316  10474.138158  x:  0.75408   0.00107   0.01007   0.01760   0.00721   0.00226   0.00105   0.00214   0.00000   0.00000   0.00399   0.00114   0.00176   0.00465   0.00406   0.00000   0.00281   0.00180   0.00412   0.00677   0.00563   0.00224   0.00143   0.00416   0.00145   0.00438   0.00226   0.00000   0.00000   0.00000   0.00000   0.00164   0.00000   0.00518   0.00000   0.00293   0.00392   0.00033   0.00315   0.00728   0.00607   0.00603   0.00657   0.00211   0.00112   0.00311   0.00427   0.72675   1.29265   1.75366   1.08655   0.95299   1.37997   0.11910   0.22947   2.05511  
 10 17789.9261  10471.308442  x:  0.75417   0.00120   0.01006   0.01764   0.00706   0.00223   0.00093   0.00226   0.00000   0.00000   0.00398   0.00123   0.00151   0.00467   0.00466   0.00000   0.00152   0.00159   0.00414   0.00672   0.00559   0.00225   0.00141   0.00430   0.00152   0.00417   0.00226   0.00000   0.00000   0.00000   0.00000   0.00161   0.00000   0.00532   0.00000   0.00308   0.00407   0.00000   0.00301   0.00737   0.00594   0.00608   0.00627   0.00216   0.00103   0.00315   0.00429   0.72685   1.29274   1.75332   1.08642   0.95386   1.38002   0.11907   0.22836   2.05509  
 11 6093.4589  10468.221516  x:  0.75429   0.00140   0.01006   0.01769   0.00693   0.00222   0.00085   0.00231   0.00000   0.00000   0.00393   0.00115   0.00170   0.00465   0.00533   0.00000   0.00000   0.00146   0.00410   0.00669   0.00560   0.00229   0.00142   0.00448   0.00148   0.00406   0.00229   0.00000   0.00000   0.00000   0.00000   0.00167   0.00000   0.00549   0.00000   0.00303   0.00412   0.00000   0.00289   0.00747   0.00587   0.00618   0.00582   0.00212   0.00110   0.00316   0.00428   0.72696   1.29283   1.75294   1.08626   0.95484   1.38008   0.11904   0.22706   2.05508  
 12 13104.2396  10458.686902  x:  0.75524   0.00233   0.01006   0.01804   0.00572   0.00219   0.00091   0.00229   0.00000   0.00000   0.00361   0.00108   0.00200   0.00441   0.01088   0.00000   0.00000   0.00140   0.00378   0.00653   0.00571   0.00246   0.00146   0.00683   0.00105   0.00355   0.00244   0.00000   0.00000   0.00000   0.00000   0.00204   0.00000   0.00646   0.00000   0.00172   0.00415   0.00000   0.00248   0.00803   0.00565   0.00687   0.00153   0.00160   0.00128   0.00304   0.00410   0.72791   1.29363   1.74980   1.08494   0.96296   1.38056   0.11876   0.21626   2.05494  
 13 29999.1887  10449.060147  x:  0.75609   0.00269   0.01006   0.01821   0.00495   0.00219   0.00134   0.00193   0.00000   0.00000   0.00338   0.00114   0.00211   0.00406   0.01407   0.00000   0.00000   0.00165   0.00331   0.00664   0.00568   0.00219   0.00153   0.00781   0.00091   0.00366   0.00219   0.00000   0.00000   0.00000   0.00000   0.00203   0.00000   0.00654   0.00000   0.00015   0.00365   0.00000   0.00261   0.00828   0.00585   0.00735   0.00273   0.00088   0.00132   0.00256   0.00378   0.72876   1.29434   1.74700   1.08378   0.97020   1.38099   0.11851   0.20663   2.05482  
 14 5656.7026  10444.358573  x:  0.75688   0.00257   0.01000   0.01822   0.00451   0.00218   0.00093   0.00114   0.00000   0.00000   0.00296   0.00120   0.00198   0.00376   0.01526   0.00000   0.00000   0.00239   0.00264   0.00684   0.00639   0.00219   0.00158   0.00817   0.00054   0.00474   0.00231   0.00000   0.00000   0.00000   0.00000   0.00206   0.00000   0.00827   0.00000   0.00048   0.00406   0.00000   0.00297   0.00840   0.00662   0.00840   0.00323   0.00018   0.00135   0.00180   0.00318   0.72955   1.29489   1.74514   1.08293   0.97545   1.38126   0.11837   0.19946   2.05473  
 15 4632.5393  10440.808004  x:  0.75771   0.00251   0.00994   0.01821   0.00422   0.00215   0.00043   0.00049   0.00000   0.00000   0.00249   0.00123   0.00192   0.00339   0.01592   0.00000   0.00000   0.00297   0.00190   0.00709   0.00709   0.00198   0.00163   0.00845   0.00034   0.00598   0.00222   0.00000   0.00000   0.00000   0.00000   0.00196   0.00000   0.00988   0.00000   0.00062   0.00429   0.00000   0.00325   0.00842   0.00759   0.00940   0.00350   0.00096   0.00140   0.00087   0.00248   0.73038   1.29546   1.74324   1.08206   0.98084   1.38155   0.11823   0.19204   2.05464  
 16 26244.8561  10436.125131  x:  0.75839   0.00267   0.00990   0.01816   0.00428   0.00214   0.00000   0.00111   0.00000   0.00000   0.00237   0.00122   0.00201   0.00333   0.01594   0.00000   0.00000   0.00346   0.00181   0.00729   0.00765   0.00182   0.00167   0.00899   0.00053   0.00704   0.00215   0.00000   0.00000   0.00000   0.00000   0.00144   0.00000   0.01097   0.00000   0.00068   0.00428   0.00000   0.00367   0.00833   0.00836   0.01008   0.00364   0.00113   0.00142   0.00090   0.00218   0.73106   1.29590   1.74182   1.08138   0.98498   1.38176   0.11813   0.18626   2.05457  
 17 13517.7607  10422.885223  x:  0.76095   0.00275   0.00979   0.01790   0.00479   0.00207   0.00000   0.00030   0.00000   0.00000   0.00284   0.00117   0.00222   0.00396   0.01440   0.00000   0.00000   0.00403   0.00327   0.00787   0.00927   0.00116   0.00182   0.00918   0.00112   0.01052   0.00166   0.00000   0.00000   0.00000   0.00000   0.00019   0.00000   0.01440   0.00000   0.00060   0.00417   0.00000   0.00405   0.00777   0.01070   0.01204   0.00337   0.00127   0.00156   0.00306   0.00268   0.73363   1.29751   1.73673   1.07890   1.00000   1.38250   0.11779   0.16508   2.05432  
 18 17622.8663  10417.210203  x:  0.76294   0.00235   0.00970   0.01768   0.00505   0.00208   0.00000   0.00051   0.00000   0.00000   0.00334   0.00128   0.00226   0.00463   0.01274   0.00000   0.00000   0.00378   0.00441   0.00817   0.01032   0.00086   0.00191   0.01009   0.00015   0.01288   0.00133   0.00000   0.00000   0.00000   0.00000   0.00095   0.00000   0.01684   0.00000   0.00060   0.00433   0.00000   0.00420   0.00729   0.01217   0.01322   0.00345   0.00150   0.00161   0.00435   0.00336   0.73561   1.29873   1.73291   1.07702   1.00000   1.38306   0.11755   0.14896   2.05412  
 19 22829.2322  10414.199111  x:  0.76427   0.00265   0.00967   0.01756   0.00543   0.00209   0.00000   0.00019   0.00000   0.00000   0.00369   0.00134   0.00237   0.00520   0.01145   0.00000   0.00000   0.00341   0.00478   0.00810   0.01075   0.00145   0.00197   0.01130   0.00088   0.01394   0.00152   0.00000   0.00000   0.00000   0.00000   0.00174   0.00000   0.01805   0.00000   0.00062   0.00436   0.00000   0.00437   0.00707   0.01246   0.01363   0.00359   0.00151   0.00158   0.00431   0.00395   0.73694   1.29952   1.73054   1.07582   1.00000   1.38340   0.11741   0.13865   2.05400  
 20 12662.5932  10396.330961  x:  0.77050   0.00281   0.00963   0.01707   0.00656   0.00188   0.00000   0.00069   0.00000   0.00000   0.00542   0.00113   0.00265   0.00800   0.00537   0.00000   0.00000   0.00307   0.00548   0.00671   0.01127   0.00608   0.00219   0.01212   0.00055   0.01653   0.00377   0.00000   0.00000   0.00000   0.00000   0.00069   0.00000   0.02186   0.00000   0.00044   0.00435   0.00000   0.00409   0.00678   0.01039   0.01426   0.00324   0.00137   0.00182   0.00083   0.00782   0.74318   1.30303   1.72021   1.07041   1.00000   1.38482   0.11689   0.09246   2.05344  
 21 13982.4000  10386.339284  x:  0.77446   0.00314   0.00967   0.01698   0.00664   0.00189   0.00000   0.00055   0.00000   0.00000   0.00377   0.00132   0.00292   0.00711   0.00292   0.00000   0.00000   0.00253   0.00283   0.00575   0.01046   0.00786   0.00224   0.01243   0.00012   0.01602   0.00449   0.00000   0.00000   0.00000   0.00000   0.00067   0.00000   0.02281   0.00000   0.00055   0.00432   0.00000   0.00393   0.00738   0.00709   0.01346   0.00351   0.00155   0.00170   0.00365   0.00656   0.74713   1.30504   1.71463   1.06723   1.00000   1.38549   0.11676   0.06678   2.05312  
 22 6352.7673  10378.368816  x:  0.77713   0.00422   0.00957   0.01688   0.00681   0.00165   0.00000   0.00048   0.00000   0.00000   0.00306   0.00093   0.00315   0.00562   0.00495   0.00000   0.00000   0.00035   0.00516   0.00640   0.00976   0.00650   0.00230   0.01229   0.00017   0.01491   0.00389   0.00000   0.00000   0.00000   0.00000   0.00076   0.00000   0.02297   0.00000   0.00079   0.00429   0.00000   0.00318   0.00759   0.00561   0.01277   0.00427   0.00160   0.00188   0.00301   0.00504   0.74981   1.30618   1.71181   1.06535   1.00000   1.38564   0.11692   0.05423   2.05294  
 23 2650.2582  10376.103993  x:  0.77806   0.00513   0.00950   0.01687   0.00670   0.00179   0.00000   0.00048   0.00000   0.00000   0.00327   0.00133   0.00351   0.00515   0.00492   0.00000   0.00000   0.00103   0.00559   0.00652   0.00934   0.00566   0.00240   0.01258   0.00024   0.01359   0.00347   0.00000   0.00000   0.00000   0.00000   0.00078   0.00000   0.02338   0.00000   0.00088   0.00520   0.00000   0.00136   0.00771   0.00560   0.01246   0.00463   0.00164   0.00166   0.00280   0.00479   0.75074   1.30654   1.71094   1.06473   1.00000   1.38560   0.11706   0.05156   2.05288  
 24 1809.0823  10367.550333  x:  0.78151   0.00939   0.00911   0.01698   0.00473   0.00206   0.00000   0.00040   0.00000   0.00000   0.00536   0.00237   0.00441   0.00523   0.00314   0.00000   0.00000   0.00033   0.00439   0.00611   0.00742   0.00165   0.00298   0.01124   0.00047   0.00532   0.00138   0.00000   0.00000   0.00000   0.00000   0.00073   0.00000   0.02629   0.00000   0.00094   0.00998   0.00000   0.00235   0.00811   0.00763   0.01154   0.00489   0.00157   0.00131   0.00195   0.00500   0.75419   1.30778   1.70789   1.06249   1.00000   1.38516   0.11787   0.04763   2.05266  
 25 1678.3539  10366.987696  x:  0.78190   0.00980   0.00909   0.01698   0.00445   0.00199   0.00073   0.00039   0.00000   0.00000   0.00537   0.00225   0.00435   0.00532   0.00293   0.00000   0.00000   0.00031   0.00431   0.00608   0.00724   0.00128   0.00303   0.01114   0.00050   0.00446   0.00119   0.00000   0.00000   0.00000   0.00000   0.00073   0.00000   0.02665   0.00000   0.00095   0.01032   0.00000   0.00239   0.00806   0.00784   0.01141   0.00493   0.00157   0.00141   0.00189   0.00504   0.75458   1.30792   1.70751   1.06223   1.00000   1.38511   0.11796   0.04724   2.05264  
 26 3462.4731  10365.493317  x:  0.78282   0.01049   0.00912   0.01698   0.00351   0.00142   0.00055   0.00038   0.00000   0.00000   0.00453   0.00112   0.00359   0.00559   0.00239   0.00000   0.00000   0.00055   0.00448   0.00614   0.00689   0.00090   0.00312   0.01116   0.00054   0.00288   0.00099   0.00000   0.00000   0.00000   0.00000   0.00077   0.00000   0.02757   0.00000   0.00097   0.01030   0.00000   0.00231   0.00755   0.00823   0.01099   0.00503   0.00157   0.00210   0.00187   0.00520   0.75549   1.30830   1.70645   1.06157   1.00000   1.38500   0.11818   0.04643   2.05257  
 27 1494.8320  10363.599855  x:  0.78475   0.01116   0.00923   0.01698   0.00105   0.00176   0.00041   0.00041   0.00000   0.00000   0.00327   0.00177   0.00395   0.00672   0.00261   0.00000   0.00000   0.00053   0.00463   0.00615   0.00610   0.00141   0.00303   0.01065   0.00055   0.00216   0.00055   0.00000   0.00000   0.00000   0.00000   0.00076   0.00000   0.02877   0.00000   0.00101   0.00870   0.00000   0.00218   0.00611   0.00941   0.00970   0.00500   0.00160   0.00168   0.00188   0.00529   0.75743   1.30920   1.70377   1.06005   1.00000   1.38481   0.11862   0.04437   2.05242  
 28 944.9335  10362.929106  x:  0.78578   0.01138   0.00926   0.01701   0.00000   0.00185   0.00036   0.00041   0.00000   0.00000   0.00321   0.00192   0.00401   0.00715   0.00271   0.00000   0.00000   0.00053   0.00457   0.00607   0.00563   0.00085   0.00298   0.01046   0.00059   0.00226   0.00133   0.00000   0.00000   0.00000   0.00000   0.00079   0.00000   0.02917   0.00000   0.00102   0.00799   0.00000   0.00215   0.00576   0.00980   0.00890   0.00494   0.00159   0.00158   0.00189   0.00519   0.75845   1.30969   1.70227   1.05921   1.00000   1.38471   0.11884   0.04319   2.05234  
 29 2023.0273  10362.929106  x:  0.78578   0.01138   0.00926   0.01701   0.00000   0.00185   0.00036   0.00041   0.00000   0.00000   0.00321   0.00192   0.00401   0.00715   0.00271   0.00000   0.00000   0.00053   0.00457   0.00607   0.00563   0.00085   0.00298   0.01046   0.00059   0.00226   0.00133   0.00000   0.00000   0.00000   0.00000   0.00079   0.00000   0.02917   0.00000   0.00102   0.00799   0.00000   0.00215   0.00576   0.00980   0.00890   0.00494   0.00159   0.00158   0.00189   0.00519   0.75845   1.30969   1.70227   1.05921   1.00000   1.38471   0.11884   0.04319   2.05234  
 30 1319.8624  10355.687770  x:  0.78593   0.01076   0.00933   0.01705   0.00018   0.00288   0.00024   0.00512   0.00000   0.00000   0.00303   0.00078   0.00292   0.00643   0.00306   0.00000   0.00000   0.00118   0.00402   0.00605   0.00501   0.00064   0.00213   0.00977   0.00098   0.00220   0.00050   0.00000   0.00000   0.00000   0.00000   0.00064   0.00000   0.02763   0.00000   0.00059   0.00707   0.00000   0.00218   0.00601   0.00906   0.00805   0.00449   0.00059   0.00067   0.00154   0.00446   0.75860   1.30974   1.70212   1.05908   1.00000   1.38466   0.11891   0.04364   2.05233  
 31 4620.5229  10348.612925  x:  0.78619   0.00967   0.00941   0.01710   0.00047   0.00331   0.00048   0.00521   0.00000   0.00000   0.00285   0.00014   0.00131   0.00532   0.00340   0.00000   0.00000   0.00047   0.00324   0.00602   0.00411   0.00097   0.00109   0.00863   0.00051   0.00215   0.00133   0.00000   0.00000   0.00000   0.00000   0.00091   0.00000   0.02489   0.00000   0.00113   0.00557   0.00000   0.00220   0.00634   0.00787   0.00664   0.00387   0.00072   0.00062   0.00135   0.00339   0.75887   1.30982   1.70185   1.05886   1.00000   1.38457   0.11904   0.04442   2.05231  
 32 2846.9706  10346.539967  x:  0.78632   0.00916   0.00945   0.01713   0.00062   0.00350   0.00054   0.00527   0.00000   0.00000   0.00277   0.00059   0.00064   0.00480   0.00353   0.00000   0.00000   0.00029   0.00290   0.00600   0.00370   0.00106   0.00070   0.00810   0.00040   0.00214   0.00156   0.00000   0.00000   0.00000   0.00000   0.00098   0.00000   0.02358   0.00000   0.00128   0.00487   0.00000   0.00222   0.00649   0.00731   0.00599   0.00359   0.00074   0.00061   0.00128   0.00291   0.75900   1.30986   1.70172   1.05875   1.00000   1.38452   0.11910   0.04479   2.05230  
 33 18679.3015  10340.896226  x:  0.78674   0.00753   0.00956   0.01720   0.00111   0.00382   0.00051   0.00466   0.00000   0.00000   0.00262   0.00066   0.00049   0.00328   0.00380   0.00000   0.00000   0.00156   0.00204   0.00596   0.00261   0.00102   0.00097   0.00648   0.00098   0.00212   0.00167   0.00000   0.00000   0.00000   0.00000   0.00089   0.00000   0.01921   0.00000   0.00131   0.00278   0.00000   0.00223   0.00689   0.00560   0.00399   0.00287   0.00078   0.00081   0.00127   0.00168   0.75942   1.30999   1.70129   1.05838   1.00000   1.38437   0.11930   0.04596   2.05227  
 34 7187.6226  10337.743719  x:  0.78708   0.00635   0.00963   0.01724   0.00154   0.00399   0.00047   0.00450   0.00000   0.00000   0.00258   0.00072   0.00164   0.00251   0.00389   0.00000   0.00000   0.00099   0.00188   0.00594   0.00226   0.00085   0.00095   0.00544   0.00070   0.00212   0.00133   0.00000   0.00000   0.00000   0.00000   0.00077   0.00000   0.01580   0.00000   0.00105   0.00179   0.00000   0.00225   0.00713   0.00456   0.00283   0.00262   0.00062   0.00062   0.00131   0.00159   0.75975   1.31010   1.70094   1.05809   1.00000   1.38426   0.11945   0.04684   2.05224  
 35 5933.5584  10332.512295  x:  0.78764   0.00458   0.00971   0.01730   0.00232   0.00405   0.00044   0.00418   0.00000   0.00000   0.00265   0.00055   0.00106   0.00228   0.00385   0.00000   0.00000   0.00042   0.00228   0.00591   0.00252   0.00057   0.00150   0.00427   0.00085   0.00215   0.00034   0.00000   0.00000   0.00000   0.00000   0.00062   0.00000   0.01011   0.00000   0.00047   0.00204   0.00000   0.00227   0.00737   0.00350   0.00207   0.00273   0.00066   0.00072   0.00143   0.00233   0.76032   1.31028   1.70034   1.05759   1.00000   1.38408   0.11971   0.04821   2.05220  
 36 4675.3002  10328.425591  x:  0.78822   0.00299   0.00977   0.01734   0.00318   0.00407   0.00037   0.00429   0.00000   0.00000   0.00273   0.00064   0.00117   0.00257   0.00375   0.00000   0.00000   0.00078   0.00264   0.00589   0.00288   0.00071   0.00142   0.00364   0.00081   0.00216   0.00097   0.00000   0.00000   0.00000   0.00000   0.00071   0.00000   0.00450   0.00000   0.00076   0.00251   0.00000   0.00231   0.00753   0.00312   0.00229   0.00296   0.00052   0.00051   0.00145   0.00280   0.76090   1.31047   1.69972   1.05708   1.00000   1.38389   0.11997   0.04954   2.05216  
 37 6924.8977  10327.554063  x:  0.78843   0.00265   0.00978   0.01736   0.00354   0.00404   0.00025   0.00430   0.00000   0.00000   0.00273   0.00062   0.00125   0.00272   0.00374   0.00000   0.00000   0.00074   0.00252   0.00589   0.00283   0.00074   0.00120   0.00391   0.00085   0.00215   0.00069   0.00000   0.00000   0.00000   0.00000   0.00072   0.00000   0.00312   0.00000   0.00073   0.00238   0.00000   0.00232   0.00753   0.00348   0.00259   0.00297   0.00075   0.00079   0.00140   0.00251   0.76110   1.31053   1.69949   1.05690   1.00000   1.38383   0.12006   0.04996   2.05214  
 38 2446.8784  10327.326885  x:  0.78857   0.00248   0.00979   0.01736   0.00377   0.00399   0.00025   0.00419   0.00000   0.00000   0.00272   0.00060   0.00119   0.00279   0.00377   0.00000   0.00000   0.00069   0.00245   0.00589   0.00279   0.00070   0.00127   0.00411   0.00084   0.00215   0.00063   0.00000   0.00000   0.00000   0.00000   0.00070   0.00000   0.00287   0.00000   0.00068   0.00233   0.00000   0.00231   0.00752   0.00366   0.00263   0.00297   0.00053   0.00055   0.00141   0.00235   0.76125   1.31058   1.69933   1.05677   1.00000   1.38378   0.12012   0.05021   2.05213  
 39 877.3443  10326.748603  x:  0.78951   0.00140   0.00981   0.01740   0.00508   0.00385   0.00023   0.00437   0.00000   0.00000   0.00271   0.00063   0.00120   0.00288   0.00394   0.00000   0.00000   0.00064   0.00239   0.00589   0.00276   0.00058   0.00165   0.00470   0.00066   0.00215   0.00090   0.00000   0.00000   0.00000   0.00000   0.00064   0.00000   0.00297   0.00000   0.00058   0.00248   0.00000   0.00223   0.00742   0.00390   0.00225   0.00296   0.00079   0.00056   0.00146   0.00228   0.76219   1.31089   1.69829   1.05595   1.00000   1.38351   0.12051   0.05184   2.05205  
 40 651.2513  10326.037332  x:  0.79083   0.00000   0.00984   0.01746   0.00675   0.00369   0.00004   0.00439   0.00000   0.00000   0.00271   0.00065   0.00125   0.00290   0.00414   0.00000   0.00000   0.00060   0.00244   0.00590   0.00279   0.00090   0.00163   0.00505   0.00079   0.00216   0.00074   0.00000   0.00000   0.00000   0.00000   0.00079   0.00000   0.00332   0.00000   0.00089   0.00256   0.00000   0.00217   0.00731   0.00392   0.00221   0.00297   0.00052   0.00077   0.00148   0.00239   0.76350   1.31132   1.69682   1.05479   1.00000   1.38313   0.12106   0.05407   2.05195  
 41 2835.9203  10326.037332  x:  0.79083   0.00000   0.00984   0.01746   0.00675   0.00369   0.00004   0.00439   0.00000   0.00000   0.00271   0.00065   0.00125   0.00290   0.00414   0.00000   0.00000   0.00060   0.00244   0.00590   0.00279   0.00090   0.00163   0.00505   0.00079   0.00216   0.00074   0.00000   0.00000   0.00000   0.00000   0.00079   0.00000   0.00332   0.00000   0.00089   0.00256   0.00000   0.00217   0.00731   0.00392   0.00221   0.00297   0.00052   0.00077   0.00148   0.00239   0.76350   1.31132   1.69682   1.05479   1.00000   1.38313   0.12106   0.05407   2.05195  
 42 2660.5807  10324.712335  x:  0.79085   0.00014   0.00983   0.01745   0.00676   0.00362   0.00000   0.00416   0.00000   0.00000   0.00274   0.00069   0.00132   0.00308   0.00409   0.00000   0.00000   0.00067   0.00252   0.00591   0.00290   0.00084   0.00160   0.00515   0.00080   0.00216   0.00073   0.00000   0.00000   0.00000   0.00000   0.00077   0.00000   0.00343   0.00000   0.00084   0.00271   0.00000   0.00219   0.00728   0.00409   0.00254   0.00305   0.00065   0.00076   0.00148   0.00248   0.76353   1.31133   1.69679   1.05477   1.00000   1.38313   0.12107   0.05406   2.05195  
 43 2441.9482  10323.852521  x:  0.79091   0.00027   0.00981   0.01745   0.00671   0.00349   0.00000   0.00365   0.00000   0.00000   0.00278   0.00062   0.00133   0.00332   0.00402   0.00000   0.00000   0.00053   0.00263   0.00591   0.00305   0.00084   0.00158   0.00532   0.00076   0.00217   0.00074   0.00000   0.00000   0.00000   0.00000   0.00078   0.00000   0.00359   0.00000   0.00084   0.00288   0.00000   0.00220   0.00721   0.00435   0.00272   0.00318   0.00024   0.00077   0.00149   0.00258   0.76359   1.31135   1.69671   1.05471   1.00000   1.38311   0.12109   0.05404   2.05194  
 44 2388.3577  10323.158380  x:  0.79103   0.00031   0.00978   0.01743   0.00655   0.00330   0.00000   0.00279   0.00000   0.00000   0.00282   0.00044   0.00124   0.00354   0.00393   0.00000   0.00000   0.00025   0.00272   0.00592   0.00318   0.00095   0.00157   0.00557   0.00066   0.00217   0.00076   0.00000   0.00000   0.00000   0.00000   0.00086   0.00000   0.00376   0.00000   0.00095   0.00298   0.00000   0.00219   0.00709   0.00463   0.00248   0.00331   0.00036   0.00080   0.00149   0.00265   0.76370   1.31139   1.69657   1.05461   1.00000   1.38309   0.12113   0.05401   2.05193  
 45 2123.3885  10322.551680  x:  0.79117   0.00031   0.00974   0.01741   0.00634   0.00309   0.00000   0.00177   0.00000   0.00000   0.00285   0.00040   0.00113   0.00374   0.00384   0.00000   0.00000   0.00050   0.00279   0.00593   0.00329   0.00107   0.00158   0.00583   0.00059   0.00218   0.00077   0.00000   0.00000   0.00000   0.00000   0.00094   0.00000   0.00392   0.00000   0.00106   0.00304   0.00000   0.00216   0.00696   0.00491   0.00212   0.00343   0.00038   0.00082   0.00149   0.00270   0.76385   1.31144   1.69640   1.05448   1.00000   1.38306   0.12117   0.05398   2.05192  
 46 4589.7077  10322.430625  x:  0.79124   0.00031   0.00972   0.01741   0.00625   0.00305   0.00000   0.00150   0.00000   0.00000   0.00285   0.00061   0.00114   0.00373   0.00382   0.00000   0.00000   0.00046   0.00278   0.00593   0.00329   0.00106   0.00159   0.00590   0.00067   0.00218   0.00076   0.00000   0.00000   0.00000   0.00000   0.00092   0.00000   0.00393   0.00000   0.00106   0.00300   0.00000   0.00215   0.00691   0.00495   0.00206   0.00343   0.00038   0.00081   0.00149   0.00269   0.76391   1.31146   1.69632   1.05443   1.00000   1.38305   0.12119   0.05397   2.05191  
 47 1216.1004  10322.315653  x:  0.79141   0.00031   0.00969   0.01739   0.00605   0.00302   0.00000   0.00125   0.00000   0.00000   0.00283   0.00051   0.00124   0.00360   0.00380   0.00000   0.00000   0.00045   0.00272   0.00594   0.00321   0.00098   0.00161   0.00599   0.00080   0.00217   0.00074   0.00000   0.00000   0.00000   0.00000   0.00082   0.00000   0.00389   0.00000   0.00098   0.00287   0.00000   0.00214   0.00682   0.00493   0.00214   0.00339   0.00037   0.00077   0.00149   0.00262   0.76408   1.31152   1.69611   1.05428   1.00000   1.38302   0.12125   0.05393   2.05190  
 48 541.4484  10322.123149  x:  0.79191   0.00049   0.00961   0.01734   0.00559   0.00296   0.00000   0.00118   0.00000   0.00000   0.00281   0.00055   0.00121   0.00343   0.00375   0.00000   0.00000   0.00044   0.00264   0.00594   0.00311   0.00091   0.00161   0.00621   0.00051   0.00217   0.00078   0.00000   0.00000   0.00000   0.00000   0.00084   0.00000   0.00384   0.00000   0.00090   0.00273   0.00000   0.00215   0.00659   0.00494   0.00227   0.00334   0.00037   0.00081   0.00148   0.00253   0.76458   1.31169   1.69549   1.05383   1.00000   1.38292   0.12142   0.05381   2.05185  
 49 570.2015  10321.570224  x:  0.79378   0.00133   0.00934   0.01717   0.00409   0.00276   0.00000   0.00150   0.00000   0.00000   0.00278   0.00054   0.00099   0.00321   0.00360   0.00000   0.00000   0.00046   0.00254   0.00597   0.00297   0.00097   0.00159   0.00695   0.00078   0.00216   0.00083   0.00000   0.00000   0.00000   0.00000   0.00107   0.00000   0.00379   0.00000   0.00098   0.00264   0.00000   0.00215   0.00584   0.00506   0.00231   0.00326   0.00037   0.00090   0.00148   0.00247   0.76646   1.31234   1.69318   1.05217   1.00000   1.38256   0.12204   0.05337   2.05169  
 50 1747.8915  10321.068507  x:  0.79565   0.00210   0.00916   0.01703   0.00308   0.00286   0.00000   0.00169   0.00000   0.00000   0.00278   0.00055   0.00147   0.00327   0.00363   0.00000   0.00000   0.00046   0.00258   0.00598   0.00300   0.00104   0.00159   0.00723   0.00070   0.00216   0.00063   0.00000   0.00000   0.00000   0.00000   0.00080   0.00000   0.00374   0.00000   0.00103   0.00278   0.00000   0.00213   0.00554   0.00499   0.00198   0.00323   0.00037   0.00068   0.00148   0.00253   0.76833   1.31299   1.69087   1.05051   1.00000   1.38219   0.12266   0.05295   2.05153  
 51 2243.5895  10319.767484  x:  0.80087   0.00369   0.00898   0.01673   0.00170   0.00360   0.00000   0.00137   0.00000   0.00000   0.00280   0.00052   0.00126   0.00352   0.00405   0.00000   0.00000   0.00044   0.00271   0.00596   0.00314   0.00098   0.00169   0.00679   0.00074   0.00217   0.00121   0.00000   0.00000   0.00000   0.00000   0.00039   0.00000   0.00354   0.00000   0.00092   0.00291   0.00000   0.00207   0.00595   0.00427   0.00177   0.00316   0.00036   0.00103   0.00147   0.00264   0.77355   1.31481   1.68443   1.04588   1.00000   1.38117   0.12440   0.05184   2.05108  
 52 2574.9473  10318.594159  x:  0.80650   0.00506   0.00886   0.01646   0.00064   0.00420   0.00000   0.00094   0.00000   0.00000   0.00281   0.00048   0.00128   0.00364   0.00445   0.00000   0.00000   0.00042   0.00275   0.00594   0.00320   0.00094   0.00176   0.00613   0.00077   0.00217   0.00110   0.00000   0.00000   0.00000   0.00000   0.00119   0.00000   0.00338   0.00000   0.00087   0.00288   0.00000   0.00204   0.00654   0.00362   0.00177   0.00311   0.00036   0.00088   0.00146   0.00265   0.77918   1.31677   1.67748   1.04088   1.00000   1.38007   0.12628   0.05068   2.05058  
 53 11586.0431  10316.212006  x:  0.81476   0.00614   0.00886   0.01617   0.00041   0.00413   0.00000   0.00078   0.00000   0.00000   0.00279   0.00048   0.00069   0.00345   0.00456   0.00000   0.00000   0.00041   0.00259   0.00591   0.00306   0.00117   0.00170   0.00541   0.00070   0.00215   0.00032   0.00000   0.00000   0.00000   0.00000   0.00090   0.00000   0.00353   0.00000   0.00124   0.00241   0.00000   0.00208   0.00722   0.00393   0.00189   0.00321   0.00035   0.00063   0.00147   0.00241   0.78744   1.31966   1.66728   1.03355   1.00000   1.37844   0.12905   0.04908   2.04986  
 54 7432.9608  10311.831150  x:  0.83438   0.00758   0.00899   0.01562   0.00055   0.00323   0.00000   0.00077   0.00000   0.00000   0.00276   0.00048   0.00124   0.00284   0.00444   0.00000   0.00000   0.00042   0.00216   0.00583   0.00267   0.00161   0.00150   0.00408   0.00075   0.00209   0.00111   0.00000   0.00000   0.00000   0.00000   0.00092   0.00000   0.00406   0.00000   0.00190   0.00140   0.00000   0.00219   0.00857   0.00524   0.00183   0.00351   0.00034   0.00032   0.00150   0.00184   0.80705   1.32653   1.64307   1.01612   1.00000   1.37456   0.13565   0.04540   2.04815  
 55 26372.3556  10307.549956  x:  0.85828   0.00757   0.00927   0.01512   0.00077   0.00207   0.00000   0.00083   0.00000   0.00000   0.00265   0.00046   0.00212   0.00202   0.00410   0.00000   0.00000   0.00042   0.00181   0.00574   0.00218   0.00146   0.00153   0.00326   0.00083   0.00205   0.00061   0.00000   0.00000   0.00000   0.00000   0.00108   0.00000   0.00425   0.00000   0.00186   0.00200   0.00000   0.00221   0.00987   0.00619   0.00158   0.00351   0.00034   0.00216   0.00146   0.00163   0.83096   1.33491   1.61356   0.99488   1.00000   1.36981   0.14372   0.04118   2.04605  
 56 34305.4790  10292.990692  x:  0.91547   0.00316   0.01009   0.01455   0.00147   0.00146   0.00000   0.00156   0.00000   0.00000   0.00245   0.00050   0.00144   0.00296   0.00309   0.00000   0.00000   0.00043   0.00260   0.00560   0.00245   0.00031   0.00197   0.00488   0.00080   0.00210   0.00072   0.00000   0.00000   0.00000   0.00000   0.00105   0.00000   0.00355   0.00000   0.00046   0.00261   0.00000   0.00210   0.01170   0.00655   0.00152   0.00277   0.00036   0.00112   0.00138   0.00306   0.88814   1.35501   1.54300   0.94409   1.00000   1.35837   0.16310   0.03210   2.04103  
 57 31196.4772  10289.608700  x:  0.93572   0.00137   0.01026   0.01455   0.00212   0.00241   0.00000   0.00146   0.00000   0.00000   0.00249   0.00054   0.00160   0.00298   0.00292   0.00000   0.00000   0.00046   0.00263   0.00560   0.00264   0.00190   0.00193   0.00582   0.00071   0.00211   0.00082   0.00000   0.00000   0.00000   0.00000   0.00097   0.00000   0.00322   0.00000   0.00088   0.00305   0.00000   0.00205   0.01152   0.00608   0.00233   0.00263   0.00036   0.00111   0.00140   0.00306   0.90839   1.36214   1.51803   0.92611   1.00000   1.35429   0.17000   0.02947   2.03925  
 58 42433.3432  10284.322637  x:  0.96032   0.00124   0.01000   0.01519   0.00552   0.00367   0.00000   0.00119   0.00000   0.00000   0.00286   0.00051   0.00156   0.00293   0.00354   0.00000   0.00000   0.00044   0.00228   0.00575   0.00316   0.00128   0.00119   0.00760   0.00074   0.00208   0.00080   0.00000   0.00000   0.00000   0.00000   0.00121   0.00000   0.00339   0.00000   0.00103   0.00339   0.00000   0.00197   0.00861   0.00430   0.00205   0.00335   0.00036   0.00115   0.00154   0.00196   0.93300   1.37088   1.48777   0.90433   1.00000   1.34921   0.17854   0.02855   2.03706  
 59 15762.0125  10280.657115  x:  0.97655   0.00032   0.00929   0.01612   0.00626   0.00357   0.00000   0.00115   0.00000   0.00000   0.00282   0.00052   0.00160   0.00350   0.00454   0.00000   0.00000   0.00045   0.00267   0.00588   0.00297   0.00113   0.00254   0.00593   0.00073   0.00211   0.00078   0.00000   0.00000   0.00000   0.00000   0.00121   0.00000   0.00433   0.00000   0.00143   0.00300   0.00000   0.00220   0.00541   0.00360   0.00229   0.00371   0.00037   0.00132   0.00122   0.00288   0.94923   1.37675   1.46799   0.89011   1.00000   1.34568   0.18440   0.03144   2.03559  
 60 7258.0408  10278.745358  x:  0.98241   0.00000   0.00902   0.01657   0.00612   0.00363   0.00000   0.00114   0.00000   0.00000   0.00281   0.00052   0.00146   0.00358   0.00461   0.00000   0.00000   0.00045   0.00269   0.00590   0.00315   0.00125   0.00190   0.00520   0.00072   0.00214   0.00084   0.00000   0.00000   0.00000   0.00000   0.00121   0.00000   0.00415   0.00000   0.00096   0.00330   0.00000   0.00209   0.00487   0.00394   0.00225   0.00354   0.00037   0.00117   0.00168   0.00264   0.95508   1.37891   1.46092   0.88505   1.00000   1.34434   0.18660   0.03365   2.03505  
 61 6155.3752  10277.145427  x:  0.98856   0.00006   0.00889   0.01708   0.00599   0.00364   0.00000   0.00114   0.00000   0.00000   0.00283   0.00053   0.00149   0.00355   0.00428   0.00000   0.00000   0.00045   0.00269   0.00589   0.00323   0.00110   0.00142   0.00543   0.00073   0.00214   0.00085   0.00000   0.00000   0.00000   0.00000   0.00119   0.00000   0.00374   0.00000   0.00128   0.00336   0.00000   0.00216   0.00552   0.00411   0.00228   0.00334   0.00037   0.00118   0.00072   0.00260   0.96123   1.38125   1.45361   0.87985   1.00000   1.34286   0.18900   0.03695   2.03446  
 62 5312.1429  10275.749530  x:  0.99560   0.00039   0.00893   0.01763   0.00594   0.00357   0.00000   0.00118   0.00000   0.00000   0.00289   0.00053   0.00166   0.00344   0.00374   0.00000   0.00000   0.00046   0.00267   0.00587   0.00312   0.00095   0.00179   0.00638   0.00073   0.00213   0.00082   0.00000   0.00000   0.00000   0.00000   0.00119   0.00000   0.00343   0.00000   0.00185   0.00313   0.00000   0.00234   0.00689   0.00404   0.00233   0.00327   0.00037   0.00133   0.00148   0.00282   0.96827   1.38398   1.44530   0.87398   1.00000   1.34113   0.19182   0.04112   2.03378  
 63 8224.5720  10275.463051  x:  0.99692   0.00051   0.00922   0.01758   0.00591   0.00352   0.00000   0.00126   0.00000   0.00000   0.00288   0.00053   0.00163   0.00334   0.00382   0.00000   0.00000   0.00046   0.00260   0.00587   0.00304   0.00129   0.00211   0.00673   0.00074   0.00217   0.00080   0.00000   0.00000   0.00000   0.00000   0.00120   0.00000   0.00388   0.00000   0.00127   0.00313   0.00000   0.00217   0.00726   0.00397   0.00227   0.00351   0.00037   0.00129   0.00137   0.00269   0.96959   1.38456   1.44384   0.87300   1.00000   1.34076   0.19241   0.04198   2.03363  
 64 1278.3047  10275.398939  x:  0.99731   0.00041   0.00970   0.01722   0.00579   0.00358   0.00000   0.00128   0.00000   0.00000   0.00286   0.00054   0.00164   0.00329   0.00413   0.00000   0.00000   0.00046   0.00260   0.00590   0.00302   0.00119   0.00198   0.00681   0.00074   0.00213   0.00080   0.00000   0.00000   0.00000   0.00000   0.00120   0.00000   0.00408   0.00000   0.00137   0.00314   0.00000   0.00226   0.00729   0.00399   0.00228   0.00359   0.00037   0.00129   0.00141   0.00266   0.96999   1.38488   1.44362   0.87298   1.00000   1.34058   0.19272   0.04219   2.03355  
 65 200.5289  10275.334922  x:  0.99780   0.00051   0.01024   0.01665   0.00588   0.00354   0.00000   0.00126   0.00000   0.00000   0.00287   0.00053   0.00164   0.00334   0.00412   0.00000   0.00000   0.00046   0.00260   0.00592   0.00303   0.00125   0.00202   0.00680   0.00074   0.00220   0.00079   0.00000   0.00000   0.00000   0.00000   0.00121   0.00000   0.00386   0.00000   0.00135   0.00310   0.00000   0.00215   0.00713   0.00403   0.00228   0.00345   0.00037   0.00131   0.00139   0.00274   0.97048   1.38543   1.44356   0.87322   1.00000   1.34028   0.19325   0.04236   2.03341  
 66 209.1288  10275.268340  x:  0.99844   0.00048   0.01034   0.01613   0.00588   0.00354   0.00000   0.00125   0.00000   0.00000   0.00290   0.00053   0.00162   0.00335   0.00379   0.00000   0.00000   0.00046   0.00262   0.00591   0.00307   0.00124   0.00211   0.00670   0.00074   0.00205   0.00081   0.00000   0.00000   0.00000   0.00000   0.00120   0.00000   0.00384   0.00000   0.00134   0.00319   0.00000   0.00234   0.00706   0.00391   0.00227   0.00355   0.00037   0.00126   0.00138   0.00260   0.97111   1.38627   1.44366   0.87377   1.00000   1.33983   0.19404   0.04244   2.03319  
 67 222.6339  10275.048093  x:  1.00072   0.00031   0.00983   0.01510   0.00595   0.00376   0.00000   0.00128   0.00000   0.00000   0.00289   0.00054   0.00164   0.00329   0.00345   0.00000   0.00000   0.00046   0.00261   0.00582   0.00307   0.00112   0.00193   0.00665   0.00073   0.00242   0.00079   0.00000   0.00000   0.00000   0.00000   0.00120   0.00000   0.00410   0.00000   0.00140   0.00310   0.00000   0.00206   0.00709   0.00382   0.00228   0.00378   0.00037   0.00132   0.00140   0.00274   0.97340   1.38946   1.44429   0.87603   1.00000   1.33813   0.19705   0.04247   2.03236  
 68 527.1136  10274.399747  x:  1.00750   0.00019   0.00838   0.01346   0.00637   0.00389   0.00000   0.00129   0.00000   0.00000   0.00282   0.00054   0.00166   0.00331   0.00418   0.00000   0.00000   0.00046   0.00262   0.00571   0.00297   0.00124   0.00200   0.00697   0.00076   0.00196   0.00077   0.00000   0.00000   0.00000   0.00000   0.00127   0.00000   0.00402   0.00000   0.00119   0.00307   0.00000   0.00229   0.00727   0.00416   0.00225   0.00346   0.00038   0.00137   0.00139   0.00292   0.98018   1.39906   1.44632   0.88293   1.00000   1.33301   0.20608   0.04230   2.02987  
 69 1950.5321  10272.940420  x:  1.02059   0.00000   0.00799   0.01342   0.00639   0.00310   0.00000   0.00130   0.00000   0.00000   0.00299   0.00055   0.00159   0.00344   0.00486   0.00000   0.00000   0.00047   0.00258   0.00593   0.00320   0.00122   0.00241   0.00703   0.00072   0.00271   0.00087   0.00000   0.00000   0.00000   0.00000   0.00120   0.00000   0.00376   0.00000   0.00154   0.00360   0.00000   0.00220   0.00745   0.00384   0.00241   0.00328   0.00038   0.00109   0.00139   0.00216   0.99327   1.41774   1.45047   0.89638   1.00000   1.32308   0.22364   0.04153   2.02501  
 70 3451.0557  10267.645538  x:  1.07881   0.00011   0.00950   0.01670   0.00642   0.00302   0.00000   0.00129   0.00000   0.00000   0.00311   0.00055   0.00165   0.00314   0.00436   0.00000   0.00000   0.00047   0.00257   0.00671   0.00335   0.00155   0.00145   0.00686   0.00075   0.00184   0.00081   0.00000   0.00000   0.00000   0.00000   0.00120   0.00000   0.00366   0.00000   0.00117   0.00311   0.00000   0.00225   0.00729   0.00328   0.00238   0.00417   0.00038   0.00126   0.00146   0.00350   1.05148   1.50108   1.46925   0.95620   1.00000   1.27883   0.30195   0.03758   2.00334  
 71 14666.7448  10266.776798  x:  1.08875   0.00014   0.00994   0.01744   0.00642   0.00425   0.00000   0.00134   0.00000   0.00000   0.00290   0.00055   0.00167   0.00336   0.00400   0.00000   0.00000   0.00047   0.00269   0.00642   0.00308   0.00119   0.00202   0.00686   0.00079   0.00207   0.00078   0.00000   0.00000   0.00000   0.00000   0.00132   0.00000   0.00392   0.00000   0.00116   0.00308   0.00000   0.00237   0.00714   0.00418   0.00224   0.00384   0.00039   0.00141   0.00138   0.00300   1.06142   1.51540   1.47260   0.96625   1.00000   1.27124   0.31540   0.03689   1.99961  
 72 10415.4082  10266.695185  x:  1.08957   0.00017   0.01000   0.01750   0.00643   0.00420   0.00000   0.00132   0.00000   0.00000   0.00288   0.00055   0.00166   0.00340   0.00393   0.00000   0.00000   0.00047   0.00268   0.00592   0.00304   0.00118   0.00197   0.00685   0.00078   0.00195   0.00079   0.00000   0.00000   0.00000   0.00000   0.00131   0.00000   0.00416   0.00000   0.00124   0.00314   0.00000   0.00225   0.00712   0.00407   0.00226   0.00350   0.00039   0.00138   0.00139   0.00298   1.06225   1.51675   1.47314   0.96679   1.00000   1.27055   0.31665   0.03682   1.99925  
 73 584.6694  10266.613091  x:  1.09037   0.00019   0.01004   0.01753   0.00644   0.00416   0.00000   0.00132   0.00000   0.00000   0.00293   0.00055   0.00167   0.00337   0.00398   0.00000   0.00000   0.00047   0.00269   0.00538   0.00314   0.00125   0.00193   0.00687   0.00079   0.00215   0.00078   0.00000   0.00000   0.00000   0.00000   0.00131   0.00000   0.00411   0.00000   0.00115   0.00306   0.00000   0.00251   0.00710   0.00405   0.00224   0.00355   0.00039   0.00141   0.00139   0.00303   1.06305   1.51832   1.47412   0.96680   1.00000   1.26979   0.31809   0.03674   1.99882  
 74 398.8390  10266.169342  x:  1.09450   0.00011   0.01007   0.01758   0.00635   0.00418   0.00000   0.00136   0.00000   0.00000   0.00295   0.00055   0.00166   0.00334   0.00420   0.00000   0.00000   0.00048   0.00270   0.00457   0.00313   0.00114   0.00213   0.00685   0.00077   0.00184   0.00079   0.00000   0.00000   0.00000   0.00000   0.00131   0.00000   0.00361   0.00000   0.00127   0.00315   0.00000   0.00200   0.00709   0.00422   0.00229   0.00432   0.00039   0.00137   0.00137   0.00294   1.06717   1.52710   1.48030   0.96554   1.00000   1.26561   0.32608   0.03627   1.99636  
 75 886.6914  10260.310269  x:  1.14944   0.00033   0.01005   0.01778   0.00658   0.00420   0.00000   0.00131   0.00000   0.00000   0.00232   0.00056   0.00160   0.00374   0.00424   0.00000   0.00000   0.00048   0.00288   0.00570   0.00194   0.00130   0.00177   0.00688   0.00080   0.00230   0.00089   0.00000   0.00000   0.00000   0.00000   0.00133   0.00000   0.00382   0.00000   0.00123   0.00354   0.00000   0.00252   0.00726   0.00399   0.00229   0.00412   0.00039   0.00121   0.00144   0.00310   1.12212   1.64558   1.56508   0.94590   1.00000   1.20942   0.43391   0.02988   1.96314  
 76 5665.4686  10259.338807  x:  1.15976   0.00024   0.01004   0.01780   0.00649   0.00432   0.00000   0.00141   0.00000   0.00000   0.00280   0.00057   0.00169   0.00346   0.00424   0.00000   0.00000   0.00049   0.00272   0.00607   0.00326   0.00120   0.00202   0.00683   0.00081   0.00210   0.00080   0.00000   0.00000   0.00000   0.00000   0.00136   0.00000   0.00412   0.00000   0.00123   0.00316   0.00000   0.00238   0.00731   0.00411   0.00229   0.00375   0.00040   0.00141   0.00141   0.00305   1.13243   1.66791   1.58102   0.94218   1.00000   1.19886   0.45420   0.02868   1.95688  
 77 22984.3898  10259.324372  x:  1.15987   0.00024   0.01004   0.01780   0.00649   0.00433   0.00000   0.00141   0.00000   0.00000   0.00304   0.00057   0.00168   0.00344   0.00424   0.00000   0.00000   0.00049   0.00275   0.00608   0.00319   0.00120   0.00203   0.00683   0.00081   0.00211   0.00081   0.00000   0.00000   0.00000   0.00000   0.00136   0.00000   0.00412   0.00000   0.00122   0.00318   0.00000   0.00238   0.00731   0.00412   0.00229   0.00373   0.00040   0.00140   0.00141   0.00306   1.13254   1.66826   1.58121   0.94213   1.00000   1.19874   0.45449   0.02866   1.95677  
 78 254.7226  10259.152165  x:  1.15759   0.00022   0.01003   0.01778   0.00641   0.00435   0.00000   0.00143   0.00000   0.00000   0.00315   0.00057   0.00169   0.00375   0.00423   0.00000   0.00000   0.00049   0.00213   0.00606   0.00314   0.00118   0.00202   0.00681   0.00081   0.00209   0.00080   0.00000   0.00000   0.00000   0.00000   0.00135   0.00000   0.00413   0.00000   0.00121   0.00318   0.00000   0.00242   0.00733   0.00413   0.00229   0.00376   0.00040   0.00142   0.00141   0.00311   1.13026   1.67729   1.57927   0.94142   1.00000   1.19967   0.45884   0.02854   1.95319  
 79 41.6679  10253.977489  x:  1.08462   0.00090   0.00998   0.01716   0.00531   0.00387   0.00000   0.00154   0.00000   0.00000   0.00321   0.00057   0.00194   0.00457   0.00417   0.00000   0.00000   0.00050   0.00303   0.00597   0.00297   0.00132   0.00162   0.00667   0.00081   0.00192   0.00056   0.00000   0.00000   0.00000   0.00000   0.00131   0.00000   0.00410   0.00000   0.00113   0.00216   0.00000   0.00222   0.00764   0.00402   0.00228   0.00383   0.00040   0.00194   0.00146   0.00228   1.05729   1.96494   1.51714   0.91879   1.00000   1.22982   0.59716   0.02450   1.83900  
 80 6942.1097  10252.673086  x:  1.06601   0.00128   0.00999   0.01702   0.00520   0.00401   0.00000   0.00135   0.00000   0.00000   0.00296   0.00055   0.00165   0.00329   0.00413   0.00000   0.00000   0.00048   0.00269   0.00593   0.00310   0.00120   0.00195   0.00654   0.00079   0.00208   0.00079   0.00000   0.00000   0.00000   0.00000   0.00127   0.00000   0.00413   0.00000   0.00124   0.00305   0.00000   0.00233   0.00764   0.00423   0.00224   0.00376   0.00039   0.00135   0.00142   0.00293   1.03869   2.03828   1.50130   0.91303   1.00000   1.23754   0.63242   0.02348   1.80987  
 81 40463.1526  10249.881178  x:  1.09918   0.00107   0.01007   0.01733   0.00554   0.00413   0.00000   0.00135   0.00000   0.00000   0.00293   0.00056   0.00164   0.00325   0.00402   0.00000   0.00000   0.00048   0.00271   0.00597   0.00316   0.00119   0.00196   0.00680   0.00078   0.00205   0.00081   0.00000   0.00000   0.00000   0.00000   0.00128   0.00000   0.00415   0.00000   0.00121   0.00314   0.00000   0.00232   0.00735   0.00423   0.00229   0.00367   0.00040   0.00133   0.00141   0.00300   1.07186   2.20987   1.53259   0.91668   1.00000   1.46455   0.64480   0.03135   1.63403  
 82 24.7105  10237.533134  x:  1.11276   0.00144   0.00979   0.01699   0.00524   0.00392   0.00000   0.00140   0.00000   0.00000   0.00297   0.00060   0.00158   0.00346   0.00401   0.00000   0.00000   0.00052   0.00275   0.00590   0.00322   0.00115   0.00170   0.00661   0.00075   0.00212   0.00082   0.00000   0.00000   0.00000   0.00000   0.00120   0.00000   0.00429   0.00000   0.00106   0.00324   0.00000   0.00228   0.00742   0.00454   0.00256   0.00384   0.00045   0.00119   0.00141   0.00289   1.08543   1.99833   1.52767   0.91737   1.00000   2.43612   1.71623   0.02739   0.00010  
 83 18.7330  10234.149299  x:  1.17490   0.00334   0.00983   0.01751   0.00403   0.00281   0.00000   0.00153   0.00000   0.00000   0.00308   0.00077   0.00147   0.00462   0.00379   0.00000   0.00000   0.00070   0.00311   0.00602   0.00374   0.00104   0.00106   0.00586   0.00078   0.00236   0.00087   0.00000   0.00000   0.00000   0.00000   0.00073   0.00000   0.00485   0.00000   0.00074   0.00401   0.00000   0.00231   0.00737   0.00599   0.00387   0.00425   0.00068   0.00054   0.00153   0.00287   1.14751   2.13298   1.51320   0.91108   1.00000   2.21345   1.51481   0.02631   0.00010  
 84  0.2655  10233.414226  x:  1.20053   0.00344   0.00989   0.01794   0.00421   0.00303   0.00000   0.00153   0.00000   0.00000   0.00310   0.00081   0.00162   0.00474   0.00380   0.00000   0.00000   0.00076   0.00316   0.00620   0.00390   0.00066   0.00184   0.00652   0.00081   0.00238   0.00078   0.00000   0.00000   0.00000   0.00000   0.00070   0.00000   0.00479   0.00000   0.00087   0.00386   0.00000   0.00236   0.00690   0.00628   0.00437   0.00411   0.00076   0.00088   0.00148   0.00288   1.17312   2.19829   1.51296   0.90978   1.00000   2.05079   1.35954   0.02592   0.00010  
 85  0.2869  10232.863329  x:  1.22338   0.00349   0.01005   0.01806   0.00421   0.00321   0.00000   0.00156   0.00000   0.00000   0.00307   0.00081   0.00161   0.00465   0.00377   0.00000   0.00000   0.00081   0.00318   0.00621   0.00404   0.00080   0.00171   0.00726   0.00081   0.00230   0.00073   0.00000   0.00000   0.00000   0.00000   0.00079   0.00000   0.00464   0.00000   0.00039   0.00386   0.00000   0.00236   0.00676   0.00649   0.00476   0.00376   0.00083   0.00086   0.00154   0.00316   1.19594   2.25120   1.51826   0.90877   1.00000   1.65444   0.97443   0.02467   0.00010  
 86  0.3425  10231.546753  x:  1.25460   0.00382   0.01021   0.01812   0.00386   0.00322   0.00000   0.00160   0.00000   0.00000   0.00305   0.00081   0.00160   0.00464   0.00372   0.00000   0.00000   0.00088   0.00326   0.00622   0.00425   0.00089   0.00143   0.00817   0.00080   0.00223   0.00070   0.00000   0.00000   0.00000   0.00000   0.00087   0.00000   0.00448   0.00000   0.00052   0.00388   0.00000   0.00238   0.00656   0.00684   0.00530   0.00337   0.00091   0.00081   0.00166   0.00361   1.22714   2.32286   1.52566   0.90767   1.00000   1.00000   0.33547   0.02289   0.00010  
 87  2.5790  10231.467958  x:  1.24998   0.00382   0.01019   0.01808   0.00381   0.00321   0.00000   0.00160   0.00000   0.00000   0.00306   0.00081   0.00159   0.00465   0.00373   0.00000   0.00000   0.00087   0.00326   0.00622   0.00422   0.00088   0.00144   0.00803   0.00079   0.00224   0.00072   0.00000   0.00000   0.00000   0.00000   0.00086   0.00000   0.00449   0.00000   0.00056   0.00389   0.00000   0.00237   0.00664   0.00678   0.00525   0.00346   0.00090   0.00080   0.00165   0.00357   1.22253   2.31201   1.52484   0.90794   1.00000   1.00000   0.36099   0.02320   0.00010  
 88  0.1388  10231.091062  x:  1.22524   0.00388   0.01013   0.01784   0.00338   0.00313   0.00000   0.00161   0.00000   0.00000   0.00310   0.00078   0.00152   0.00470   0.00380   0.00000   0.00000   0.00082   0.00324   0.00617   0.00407   0.00085   0.00154   0.00724   0.00078   0.00229   0.00078   0.00000   0.00000   0.00000   0.00000   0.00081   0.00000   0.00457   0.00000   0.00081   0.00393   0.00000   0.00231   0.00715   0.00647   0.00501   0.00399   0.00084   0.00073   0.00163   0.00336   1.19780   2.25387   1.52027   0.90960   1.00000   1.07225   0.39035   0.02488   0.00010  
 89  3.0530  10230.863086  x:  1.22593   0.00392   0.01013   0.01784   0.00332   0.00314   0.00000   0.00161   0.00000   0.00000   0.00310   0.00078   0.00152   0.00470   0.00380   0.00000   0.00000   0.00082   0.00324   0.00617   0.00408   0.00085   0.00154   0.00725   0.00078   0.00229   0.00078   0.00000   0.00000   0.00000   0.00000   0.00081   0.00000   0.00456   0.00000   0.00080   0.00394   0.00000   0.00231   0.00716   0.00647   0.00505   0.00399   0.00084   0.00072   0.00163   0.00337   1.19849   2.25541   1.52030   0.90960   1.00000   1.00000   0.31952   0.02481   0.00010  
 90  2.0480  10230.863086  x:  1.22593   0.00392   0.01013   0.01784   0.00332   0.00314   0.00000   0.00161   0.00000   0.00000   0.00310   0.00078   0.00152   0.00470   0.00380   0.00000   0.00000   0.00082   0.00324   0.00617   0.00408   0.00085   0.00154   0.00725   0.00078   0.00229   0.00078   0.00000   0.00000   0.00000   0.00000   0.00081   0.00000   0.00456   0.00000   0.00080   0.00394   0.00000   0.00231   0.00716   0.00647   0.00505   0.00399   0.00084   0.00072   0.00163   0.00337   1.19849   2.25541   1.52030   0.90960   1.00000   1.00000   0.31952   0.02481   0.00010  
 91  1.0515  10230.822652  x:  1.22593   0.00392   0.01013   0.01785   0.00334   0.00312   0.00000   0.00156   0.00000   0.00000   0.00309   0.00077   0.00155   0.00470   0.00380   0.00000   0.00000   0.00074   0.00323   0.00618   0.00404   0.00075   0.00156   0.00719   0.00078   0.00231   0.00077   0.00000   0.00000   0.00000   0.00000   0.00076   0.00000   0.00458   0.00000   0.00077   0.00393   0.00000   0.00232   0.00713   0.00642   0.00497   0.00398   0.00074   0.00082   0.00158   0.00328   1.19849   2.25541   1.52030   0.90960   1.00000   1.00000   0.31952   0.02481   0.00010  
 92 295.0661  10230.791787  x:  1.22592   0.00394   0.01011   0.01788   0.00338   0.00309   0.00000   0.00149   0.00000   0.00000   0.00309   0.00077   0.00160   0.00469   0.00379   0.00000   0.00000   0.00076   0.00321   0.00620   0.00396   0.00077   0.00159   0.00703   0.00079   0.00233   0.00077   0.00000   0.00000   0.00000   0.00000   0.00078   0.00000   0.00464   0.00000   0.00078   0.00391   0.00000   0.00235   0.00705   0.00629   0.00475   0.00394   0.00077   0.00077   0.00151   0.00309   1.19849   2.25540   1.52030   0.90960   1.00000   1.00000   0.31952   0.02480   0.00010  
 93 194.3374  10230.785854  x:  1.22592   0.00394   0.01011   0.01790   0.00340   0.00309   0.00000   0.00155   0.00000   0.00000   0.00309   0.00077   0.00156   0.00469   0.00379   0.00000   0.00000   0.00076   0.00321   0.00621   0.00394   0.00079   0.00157   0.00695   0.00079   0.00233   0.00077   0.00000   0.00000   0.00000   0.00000   0.00077   0.00000   0.00465   0.00000   0.00078   0.00391   0.00000   0.00235   0.00702   0.00623   0.00468   0.00393   0.00077   0.00079   0.00157   0.00308   1.19849   2.25540   1.52030   0.90960   1.00000   1.00000   0.31952   0.02479   0.00010  
 94 100.9831  10230.784713  x:  1.22592   0.00393   0.01010   0.01791   0.00340   0.00309   0.00000   0.00155   0.00000   0.00000   0.00309   0.00077   0.00156   0.00469   0.00379   0.00000   0.00000   0.00076   0.00321   0.00621   0.00394   0.00077   0.00156   0.00692   0.00079   0.00232   0.00077   0.00000   0.00000   0.00000   0.00000   0.00077   0.00000   0.00465   0.00000   0.00078   0.00391   0.00000   0.00234   0.00700   0.00621   0.00466   0.00393   0.00077   0.00077   0.00157   0.00310   1.19848   2.25540   1.52030   0.90960   1.00000   1.00000   0.31951   0.02478   0.00010  
 95 50.7693  10230.783758  x:  1.22591   0.00392   0.01009   0.01794   0.00341   0.00310   0.00000   0.00154   0.00000   0.00000   0.00309   0.00077   0.00156   0.00469   0.00379   0.00000   0.00000   0.00076   0.00321   0.00621   0.00395   0.00078   0.00157   0.00688   0.00079   0.00232   0.00077   0.00000   0.00000   0.00000   0.00000   0.00077   0.00000   0.00465   0.00000   0.00078   0.00391   0.00000   0.00234   0.00698   0.00619   0.00466   0.00394   0.00077   0.00078   0.00156   0.00314   1.19848   2.25540   1.52030   0.90960   1.00000   1.00000   0.31951   0.02476   0.00010  
 96 40.6302  10230.783369  x:  1.22590   0.00389   0.01008   0.01797   0.00343   0.00310   0.00000   0.00155   0.00000   0.00000   0.00309   0.00077   0.00157   0.00469   0.00379   0.00000   0.00000   0.00076   0.00322   0.00621   0.00396   0.00078   0.00157   0.00686   0.00079   0.00233   0.00077   0.00000   0.00000   0.00000   0.00000   0.00078   0.00000   0.00464   0.00000   0.00078   0.00391   0.00000   0.00235   0.00697   0.00619   0.00468   0.00394   0.00077   0.00078   0.00156   0.00313   1.19847   2.25539   1.52030   0.90960   1.00000   1.00000   0.31950   0.02474   0.00010  
 97 13.6863  10230.783237  x:  1.22590   0.00388   0.01008   0.01799   0.00344   0.00310   0.00000   0.00155   0.00000   0.00000   0.00309   0.00077   0.00156   0.00469   0.00379   0.00000   0.00000   0.00076   0.00321   0.00621   0.00396   0.00078   0.00157   0.00685   0.00079   0.00233   0.00077   0.00000   0.00000   0.00000   0.00000   0.00077   0.00000   0.00464   0.00000   0.00078   0.00391   0.00000   0.00235   0.00697   0.00619   0.00469   0.00394   0.00077   0.00078   0.00156   0.00312   1.19846   2.25539   1.52030   0.90961   1.00000   1.00000   0.31950   0.02472   0.00010  
 98 23.5148  10230.783026  x:  1.22588   0.00386   0.01008   0.01802   0.00346   0.00310   0.00000   0.00154   0.00000   0.00000   0.00309   0.00077   0.00156   0.00469   0.00379   0.00000   0.00000   0.00076   0.00321   0.00621   0.00396   0.00078   0.00156   0.00686   0.00079   0.00232   0.00077   0.00000   0.00000   0.00000   0.00000   0.00077   0.00000   0.00464   0.00000   0.00078   0.00391   0.00000   0.00234   0.00697   0.00620   0.00469   0.00394   0.00077   0.00078   0.00156   0.00312   1.19845   2.25538   1.52030   0.90961   1.00000   1.00000   0.31948   0.02470   0.00010  
 99 23.3478  10230.782829  x:  1.22587   0.00383   0.01007   0.01804   0.00349   0.00310   0.00000   0.00155   0.00000   0.00000   0.00309   0.00077   0.00157   0.00469   0.00379   0.00000   0.00000   0.00076   0.00321   0.00620   0.00395   0.00078   0.00157   0.00687   0.00079   0.00231   0.00077   0.00000   0.00000   0.00000   0.00000   0.00077   0.00000   0.00464   0.00000   0.00078   0.00391   0.00000   0.00234   0.00698   0.00620   0.00468   0.00394   0.00077   0.00078   0.00156   0.00313   1.19843   2.25538   1.52030   0.90961   1.00000   1.00000   0.31947   0.02467   0.00010  
100 20.4693  10230.782744  x:  1.22586   0.00382   0.01008   0.01804   0.00350   0.00310   0.00000   0.00154   0.00000   0.00000   0.00309   0.00077   0.00156   0.00469   0.00379   0.00000   0.00000   0.00076   0.00321   0.00621   0.00395   0.00078   0.00157   0.00688   0.00079   0.00232   0.00077   0.00000   0.00000   0.00000   0.00000   0.00077   0.00000   0.00464   0.00000   0.00078   0.00391   0.00000   0.00234   0.00698   0.00620   0.00467   0.00394   0.00077   0.00078   0.00156   0.00313   1.19842   2.25537   1.52031   0.90961   1.00000   1.00000   0.31946   0.02465   0.00010  
101 11.3238  10230.782711  x:  1.22585   0.00381   0.01008   0.01804   0.00351   0.00310   0.00000   0.00154   0.00000   0.00000   0.00309   0.00077   0.00156   0.00469   0.00379   0.00000   0.00000   0.00076   0.00321   0.00621   0.00395   0.00078   0.00157   0.00688   0.00079   0.00232   0.00077   0.00000   0.00000   0.00000   0.00000   0.00077   0.00000   0.00464   0.00000   0.00078   0.00391   0.00000   0.00235   0.00698   0.00620   0.00467   0.00394   0.00077   0.00078   0.00156   0.00313   1.19841   2.25537   1.52031   0.90961   1.00000   1.00000   0.31945   0.02465   0.00010  
102  9.5506  10230.782528  x:  1.22580   0.00377   0.01009   0.01801   0.00354   0.00310   0.00000   0.00154   0.00000   0.00000   0.00309   0.00077   0.00156   0.00469   0.00379   0.00000   0.00000   0.00076   0.00321   0.00621   0.00396   0.00078   0.00157   0.00688   0.00079   0.00232   0.00077   0.00000   0.00000   0.00000   0.00000   0.00077   0.00000   0.00464   0.00000   0.00078   0.00391   0.00000   0.00234   0.00698   0.00619   0.00467   0.00394   0.00077   0.00078   0.00156   0.00312   1.19837   2.25534   1.52031   0.90961   1.00000   1.00000   0.31941   0.02464   0.00010  
103 23.6325  10230.782388  x:  1.22575   0.00375   0.01009   0.01798   0.00357   0.00310   0.00000   0.00154   0.00000   0.00000   0.00309   0.00077   0.00156   0.00469   0.00379   0.00000   0.00000   0.00076   0.00321   0.00621   0.00395   0.00078   0.00157   0.00687   0.00079   0.00232   0.00077   0.00000   0.00000   0.00000   0.00000   0.00077   0.00000   0.00464   0.00000   0.00078   0.00391   0.00000   0.00234   0.00698   0.00619   0.00468   0.00394   0.00077   0.00078   0.00156   0.00313   1.19832   2.25532   1.52032   0.90961   1.00000   1.00000   0.31938   0.02464   0.00010  
104 16.3578  10230.782314  x:  1.22573   0.00374   0.01009   0.01797   0.00359   0.00310   0.00000   0.00154   0.00000   0.00000   0.00309   0.00077   0.00156   0.00469   0.00378   0.00000   0.00000   0.00076   0.00321   0.00621   0.00395   0.00078   0.00157   0.00687   0.00078   0.00232   0.00077   0.00000   0.00000   0.00000   0.00000   0.00077   0.00000   0.00464   0.00000   0.00078   0.00391   0.00000   0.00234   0.00698   0.00619   0.00468   0.00394   0.00077   0.00078   0.00156   0.00313   1.19829   2.25531   1.52032   0.90961   1.00000   1.00000   0.31935   0.02464   0.00010  
105 41.0321  10230.782195  x:  1.22568   0.00373   0.01009   0.01796   0.00360   0.00310   0.00000   0.00155   0.00000   0.00000   0.00309   0.00077   0.00156   0.00469   0.00379   0.00000   0.00000   0.00076   0.00321   0.00620   0.00395   0.00078   0.00156   0.00687   0.00079   0.00232   0.00077   0.00000   0.00000   0.00000   0.00000   0.00077   0.00000   0.00464   0.00000   0.00078   0.00391   0.00000   0.00234   0.00697   0.00620   0.00468   0.00394   0.00077   0.00078   0.00155   0.00313   1.19824   2.25528   1.52033   0.90962   1.00000   1.00000   0.31931   0.02465   0.00010  
106 20.9725  10230.781802  x:  1.22551   0.00369   0.01006   0.01795   0.00362   0.00309   0.00000   0.00154   0.00000   0.00000   0.00309   0.00077   0.00156   0.00469   0.00379   0.00000   0.00000   0.00076   0.00322   0.00619   0.00396   0.00078   0.00157   0.00686   0.00079   0.00231   0.00078   0.00000   0.00000   0.00000   0.00000   0.00077   0.00000   0.00465   0.00000   0.00078   0.00391   0.00000   0.00235   0.00697   0.00623   0.00467   0.00394   0.00077   0.00078   0.00156   0.00313   1.19808   2.25520   1.52035   0.90962   1.00000   1.00000   0.31918   0.02468   0.00010  
107 46.4831  10230.781517  x:  1.22539   0.00368   0.01004   0.01795   0.00363   0.00309   0.00000   0.00154   0.00000   0.00000   0.00309   0.00077   0.00156   0.00469   0.00379   0.00000   0.00000   0.00076   0.00322   0.00619   0.00396   0.00078   0.00157   0.00686   0.00078   0.00232   0.00077   0.00000   0.00000   0.00000   0.00000   0.00078   0.00000   0.00465   0.00000   0.00078   0.00391   0.00000   0.00235   0.00697   0.00623   0.00466   0.00394   0.00077   0.00078   0.00157   0.00313   1.19795   2.25514   1.52036   0.90963   1.00000   1.00000   0.31908   0.02471   0.00010  
108 133.8059  10230.780067  x:  1.22475   0.00363   0.01000   0.01798   0.00369   0.00310   0.00000   0.00155   0.00000   0.00000   0.00309   0.00077   0.00156   0.00469   0.00378   0.00000   0.00000   0.00076   0.00321   0.00620   0.00397   0.00078   0.00156   0.00687   0.00079   0.00235   0.00077   0.00000   0.00000   0.00000   0.00000   0.00077   0.00000   0.00464   0.00000   0.00078   0.00391   0.00000   0.00231   0.00698   0.00622   0.00466   0.00395   0.00077   0.00078   0.00156   0.00312   1.19731   2.25481   1.52044   0.90966   1.00000   1.00000   0.31856   0.02484   0.00010  
109 144.9921  10230.777368  x:  1.22354   0.00358   0.00998   0.01804   0.00377   0.00311   0.00000   0.00154   0.00000   0.00000   0.00309   0.00077   0.00157   0.00469   0.00377   0.00000   0.00000   0.00076   0.00321   0.00623   0.00395   0.00078   0.00157   0.00690   0.00079   0.00231   0.00077   0.00000   0.00000   0.00000   0.00000   0.00077   0.00000   0.00463   0.00000   0.00079   0.00391   0.00000   0.00236   0.00699   0.00616   0.00469   0.00394   0.00077   0.00078   0.00156   0.00313   1.19611   2.25421   1.52059   0.90971   1.00000   1.00000   0.31759   0.02505   0.00010  
110 321.1130  10230.775738  x:  1.22281   0.00355   0.01003   0.01806   0.00378   0.00309   0.00000   0.00154   0.00000   0.00000   0.00309   0.00079   0.00156   0.00469   0.00379   0.00000   0.00000   0.00077   0.00322   0.00623   0.00394   0.00078   0.00157   0.00690   0.00078   0.00231   0.00077   0.00000   0.00000   0.00000   0.00000   0.00077   0.00000   0.00464   0.00000   0.00076   0.00391   0.00000   0.00235   0.00699   0.00616   0.00469   0.00394   0.00077   0.00078   0.00156   0.00313   1.19538   2.25384   1.52068   0.90975   1.00000   1.00000   0.31699   0.02512   0.00010  
111 295.4975  10230.771831  x:  1.22104   0.00350   0.01015   0.01812   0.00378   0.00307   0.00000   0.00155   0.00000   0.00000   0.00308   0.00077   0.00155   0.00469   0.00383   0.00000   0.00000   0.00076   0.00323   0.00622   0.00393   0.00078   0.00158   0.00688   0.00079   0.00233   0.00077   0.00000   0.00000   0.00000   0.00000   0.00077   0.00000   0.00467   0.00000   0.00079   0.00391   0.00000   0.00234   0.00698   0.00618   0.00470   0.00392   0.00077   0.00078   0.00156   0.00313   1.19361   2.25294   1.52088   0.90983   1.00000   1.00000   0.31555   0.02528   0.00010  
112 1257.8923  10230.767666  x:  1.21916   0.00353   0.01024   0.01814   0.00377   0.00311   0.00000   0.00154   0.00000   0.00000   0.00309   0.00077   0.00159   0.00469   0.00380   0.00000   0.00000   0.00076   0.00321   0.00620   0.00396   0.00078   0.00153   0.00686   0.00079   0.00232   0.00077   0.00000   0.00000   0.00000   0.00000   0.00077   0.00000   0.00466   0.00000   0.00078   0.00391   0.00000   0.00234   0.00697   0.00622   0.00468   0.00394   0.00077   0.00078   0.00157   0.00313   1.19173   2.25199   1.52110   0.90992   1.00000   1.00000   0.31402   0.02536   0.00010  
113 589.7458  10230.762725  x:  1.21693   0.00359   0.01027   0.01813   0.00375   0.00314   0.00000   0.00155   0.00000   0.00000   0.00310   0.00078   0.00155   0.00469   0.00375   0.00000   0.00000   0.00076   0.00319   0.00619   0.00399   0.00078   0.00158   0.00684   0.00079   0.00231   0.00077   0.00000   0.00000   0.00000   0.00000   0.00077   0.00000   0.00463   0.00000   0.00079   0.00391   0.00000   0.00235   0.00696   0.00625   0.00465   0.00396   0.00077   0.00078   0.00156   0.00312   1.18949   2.25086   1.52135   0.91003   1.00000   1.00000   0.31219   0.02539   0.00010  
114 1000.8037  10230.756951  x:  1.21432   0.00367   0.01021   0.01808   0.00369   0.00310   0.00000   0.00155   0.00000   0.00000   0.00309   0.00073   0.00154   0.00468   0.00374   0.00000   0.00000   0.00076   0.00321   0.00618   0.00398   0.00078   0.00159   0.00684   0.00078   0.00231   0.00079   0.00000   0.00000   0.00000   0.00000   0.00077   0.00000   0.00461   0.00000   0.00076   0.00391   0.00000   0.00235   0.00696   0.00624   0.00465   0.00396   0.00077   0.00078   0.00155   0.00312   1.18689   2.24953   1.52164   0.91016   1.00000   1.00000   0.31006   0.02537   0.00010  
115 1118.7128  10230.748454  x:  1.21047   0.00378   0.01010   0.01800   0.00357   0.00304   0.00000   0.00154   0.00000   0.00000   0.00307   0.00077   0.00156   0.00468   0.00374   0.00000   0.00000   0.00076   0.00324   0.00618   0.00395   0.00078   0.00156   0.00685   0.00079   0.00232   0.00077   0.00000   0.00000   0.00000   0.00000   0.00077   0.00000   0.00459   0.00000   0.00078   0.00390   0.00000   0.00234   0.00696   0.00620   0.00465   0.00395   0.00077   0.00078   0.00156   0.00313   1.18303   2.24757   1.52206   0.91034   1.00000   1.00000   0.30690   0.02533   0.00010  
116 3963.4625  10230.746811  x:  1.20972   0.00378   0.01007   0.01798   0.00352   0.00309   0.00000   0.00154   0.00000   0.00000   0.00308   0.00077   0.00156   0.00468   0.00378   0.00000   0.00000   0.00076   0.00321   0.00619   0.00394   0.00078   0.00156   0.00686   0.00079   0.00232   0.00077   0.00000   0.00000   0.00000   0.00000   0.00077   0.00000   0.00463   0.00000   0.00078   0.00390   0.00000   0.00234   0.00697   0.00618   0.00467   0.00393   0.00077   0.00078   0.00156   0.00312   1.18229   2.24719   1.52213   0.91038   1.00000   1.00000   0.30629   0.02531   0.00010  
117 415.4023  10230.746783  x:  1.20971   0.00378   0.01007   0.01798   0.00352   0.00309   0.00000   0.00154   0.00000   0.00000   0.00308   0.00077   0.00156   0.00468   0.00378   0.00000   0.00000   0.00076   0.00321   0.00619   0.00394   0.00078   0.00156   0.00686   0.00079   0.00232   0.00077   0.00000   0.00000   0.00000   0.00000   0.00077   0.00000   0.00463   0.00000   0.00078   0.00390   0.00000   0.00234   0.00696   0.00618   0.00467   0.00393   0.00077   0.00078   0.00156   0.00312   1.18228   2.24718   1.52213   0.91038   1.00000   1.00000   0.30628   0.02531   0.00010  
118 11.7898  10230.746740  x:  1.20969   0.00378   0.01006   0.01798   0.00353   0.00309   0.00000   0.00154   0.00000   0.00000   0.00308   0.00077   0.00156   0.00468   0.00378   0.00000   0.00000   0.00076   0.00320   0.00620   0.00395   0.00078   0.00156   0.00686   0.00079   0.00232   0.00077   0.00000   0.00000   0.00000   0.00000   0.00077   0.00000   0.00464   0.00000   0.00078   0.00390   0.00000   0.00234   0.00696   0.00618   0.00467   0.00393   0.00077   0.00078   0.00156   0.00312   1.18226   2.24716   1.52212   0.91038   1.00000   1.00000   0.30627   0.02531   0.00010  
119 18.2080  10230.746306  x:  1.20951   0.00378   0.01006   0.01797   0.00353   0.00310   0.00000   0.00154   0.00000   0.00000   0.00309   0.00077   0.00156   0.00468   0.00377   0.00000   0.00000   0.00076   0.00323   0.00623   0.00395   0.00078   0.00156   0.00686   0.00079   0.00232   0.00077   0.00000   0.00000   0.00000   0.00000   0.00077   0.00000   0.00465   0.00000   0.00078   0.00390   0.00000   0.00234   0.00695   0.00619   0.00467   0.00393   0.00077   0.00078   0.00156   0.00312   1.18208   2.24694   1.52188   0.91042   1.00000   1.00000   0.30611   0.02532   0.00010  
120  9.8728  10230.742609  x:  1.20796   0.00376   0.01006   0.01797   0.00353   0.00308   0.00000   0.00154   0.00000   0.00000   0.00308   0.00077   0.00156   0.00468   0.00379   0.00000   0.00000   0.00076   0.00318   0.00629   0.00392   0.00078   0.00156   0.00687   0.00078   0.00231   0.00077   0.00000   0.00000   0.00000   0.00000   0.00077   0.00000   0.00459   0.00000   0.00078   0.00389   0.00000   0.00234   0.00691   0.00622   0.00466   0.00393   0.00077   0.00078   0.00156   0.00312   1.18053   2.24505   1.51974   0.91070   1.00000   1.00000   0.30476   0.02542   0.00010  
121 121.9577  10230.739422  x:  1.20663   0.00376   0.01006   0.01796   0.00354   0.00309   0.00000   0.00154   0.00000   0.00000   0.00308   0.00077   0.00156   0.00467   0.00377   0.00000   0.00000   0.00076   0.00321   0.00619   0.00395   0.00077   0.00156   0.00685   0.00078   0.00231   0.00077   0.00000   0.00000   0.00000   0.00000   0.00077   0.00000   0.00463   0.00000   0.00078   0.00391   0.00000   0.00233   0.00695   0.00618   0.00466   0.00391   0.00077   0.00078   0.00156   0.00312   1.17920   2.24341   1.51790   0.91093   1.00000   1.00000   0.30361   0.02550   0.00010  
122 427.8044  10230.739345  x:  1.20660   0.00376   0.01006   0.01796   0.00354   0.00309   0.00000   0.00154   0.00000   0.00000   0.00308   0.00077   0.00156   0.00468   0.00378   0.00000   0.00000   0.00076   0.00321   0.00619   0.00394   0.00077   0.00156   0.00685   0.00078   0.00231   0.00077   0.00000   0.00000   0.00000   0.00000   0.00077   0.00000   0.00463   0.00000   0.00078   0.00390   0.00000   0.00233   0.00695   0.00618   0.00466   0.00393   0.00077   0.00078   0.00156   0.00312   1.17917   2.24336   1.51785   0.91093   1.00000   1.00000   0.30358   0.02550   0.00010  
123 22.0097  10230.739201  x:  1.20655   0.00376   0.01006   0.01796   0.00354   0.00308   0.00000   0.00154   0.00000   0.00000   0.00309   0.00077   0.00156   0.00468   0.00377   0.00000   0.00000   0.00076   0.00320   0.00620   0.00394   0.00077   0.00156   0.00684   0.00078   0.00231   0.00077   0.00000   0.00000   0.00000   0.00000   0.00077   0.00000   0.00463   0.00000   0.00078   0.00390   0.00000   0.00233   0.00698   0.00618   0.00466   0.00393   0.00077   0.00078   0.00156   0.00312   1.17911   2.24324   1.51779   0.91085   1.00000   1.00000   0.30354   0.02550   0.00010  
124  5.4478  10230.738542  x:  1.20630   0.00376   0.01006   0.01796   0.00354   0.00309   0.00000   0.00154   0.00000   0.00000   0.00306   0.00077   0.00156   0.00468   0.00377   0.00000   0.00000   0.00076   0.00321   0.00622   0.00394   0.00077   0.00156   0.00682   0.00078   0.00231   0.00077   0.00000   0.00000   0.00000   0.00000   0.00077   0.00000   0.00462   0.00000   0.00078   0.00391   0.00000   0.00233   0.00701   0.00618   0.00466   0.00391   0.00077   0.00078   0.00156   0.00312   1.17887   2.24266   1.51748   0.91045   1.00000   1.00000   0.30336   0.02551   0.00010  
125 45.4180  10230.734934  x:  1.20496   0.00375   0.01005   0.01796   0.00355   0.00309   0.00000   0.00154   0.00000   0.00000   0.00308   0.00077   0.00156   0.00467   0.00378   0.00000   0.00000   0.00076   0.00320   0.00619   0.00394   0.00077   0.00156   0.00685   0.00078   0.00231   0.00077   0.00000   0.00000   0.00000   0.00000   0.00077   0.00000   0.00463   0.00000   0.00078   0.00390   0.00000   0.00233   0.00695   0.00618   0.00466   0.00393   0.00077   0.00078   0.00156   0.00312   1.17752   2.23946   1.51581   0.90823   1.00000   1.00000   0.30240   0.02558   0.00010  
126 206.3113  10230.734912  x:  1.20495   0.00375   0.01005   0.01796   0.00354   0.00309   0.00000   0.00154   0.00000   0.00000   0.00308   0.00077   0.00156   0.00468   0.00377   0.00000   0.00000   0.00076   0.00320   0.00619   0.00394   0.00077   0.00156   0.00685   0.00078   0.00231   0.00077   0.00000   0.00000   0.00000   0.00000   0.00077   0.00000   0.00463   0.00000   0.00078   0.00390   0.00000   0.00233   0.00695   0.00618   0.00466   0.00392   0.00077   0.00078   0.00156   0.00312   1.17751   2.23944   1.51580   0.90822   1.00000   1.00000   0.30239   0.02558   0.00010  
127  7.0150  10230.734738  x:  1.20491   0.00376   0.01005   0.01796   0.00356   0.00309   0.00000   0.00154   0.00000   0.00000   0.00308   0.00077   0.00156   0.00469   0.00379   0.00000   0.00000   0.00076   0.00320   0.00619   0.00394   0.00077   0.00156   0.00685   0.00078   0.00231   0.00077   0.00000   0.00000   0.00000   0.00000   0.00077   0.00000   0.00463   0.00000   0.00078   0.00391   0.00000   0.00233   0.00695   0.00618   0.00466   0.00393   0.00077   0.00078   0.00156   0.00312   1.17748   2.23913   1.51580   0.90823   1.00000   1.00000   0.30240   0.02558   0.00010  
128  2.9280  10230.709228  x:  1.19952   0.00368   0.01006   0.01796   0.00361   0.00309   0.00000   0.00154   0.00000   0.00000   0.00308   0.00077   0.00156   0.00468   0.00376   0.00000   0.00000   0.00076   0.00321   0.00619   0.00392   0.00077   0.00156   0.00685   0.00078   0.00231   0.00077   0.00000   0.00000   0.00000   0.00000   0.00077   0.00000   0.00463   0.00000   0.00078   0.00395   0.00000   0.00234   0.00696   0.00618   0.00466   0.00394   0.00077   0.00078   0.00156   0.00312   1.17209   2.19305   1.51676   0.90929   1.00000   1.00000   0.30338   0.02570   0.00010  
129 94.1668  10230.708658  x:  1.19940   0.00369   0.01006   0.01796   0.00362   0.00309   0.00000   0.00154   0.00000   0.00000   0.00308   0.00077   0.00156   0.00468   0.00378   0.00000   0.00000   0.00076   0.00321   0.00619   0.00394   0.00077   0.00156   0.00685   0.00078   0.00231   0.00077   0.00000   0.00000   0.00000   0.00000   0.00077   0.00000   0.00463   0.00000   0.00078   0.00390   0.00000   0.00234   0.00696   0.00618   0.00466   0.00393   0.00077   0.00078   0.00156   0.00312   1.17197   2.19202   1.51678   0.90931   1.00000   1.00000   0.30340   0.02570   0.00010  
130 339.1598  10230.708653  x:  1.19927   0.00369   0.01006   0.01796   0.00361   0.00309   0.00000   0.00154   0.00000   0.00000   0.00308   0.00077   0.00156   0.00468   0.00378   0.00000   0.00000   0.00076   0.00321   0.00619   0.00394   0.00077   0.00156   0.00685   0.00078   0.00231   0.00077   0.00000   0.00000   0.00000   0.00000   0.00077   0.00000   0.00463   0.00000   0.00078   0.00390   0.00000   0.00234   0.00696   0.00618   0.00466   0.00393   0.00077   0.00078   0.00156   0.00312   1.17183   2.19205   1.51675   0.90931   1.00000   1.00000   0.30372   0.02569   0.00010  
131  0.0252  10230.708653  x:  1.19924   0.00369   0.01006   0.01796   0.00361   0.00309   0.00000   0.00154   0.00000   0.00000   0.00308   0.00077   0.00156   0.00468   0.00378   0.00000   0.00000   0.00076   0.00321   0.00619   0.00394   0.00078   0.00156   0.00685   0.00078   0.00231   0.00077   0.00000   0.00000   0.00000   0.00000   0.00077   0.00000   0.00463   0.00000   0.00078   0.00390   0.00000   0.00234   0.00696   0.00618   0.00466   0.00393   0.00077   0.00078   0.00156   0.00312   1.17180   2.19206   1.51675   0.90932   1.00000   1.00000   0.30382   0.02568   0.00010  
132  0.0103  10230.708620  x:  1.19964   0.00370   0.01005   0.01796   0.00360   0.00309   0.00000   0.00154   0.00000   0.00000   0.00308   0.00077   0.00156   0.00468   0.00378   0.00000   0.00000   0.00076   0.00321   0.00619   0.00394   0.00078   0.00156   0.00685   0.00078   0.00231   0.00077   0.00000   0.00000   0.00000   0.00000   0.00077   0.00000   0.00463   0.00000   0.00078   0.00390   0.00000   0.00233   0.00696   0.00618   0.00467   0.00393   0.00077   0.00078   0.00156   0.00312   1.17220   2.19224   1.51677   0.90934   1.00000   1.00000   0.30427   0.02566   0.00010  