Supplemental results for CODEML (seqf: aln.phy  treef: tree.tre)


MLEs of dN/dS (w) for site classes (K=4)

site class             0        1       2a       2b
proportion       0.85077  0.07462  0.06859  0.00602
background w     0.00010  1.00000  0.00010  1.00000
foreground w     0.00010  1.00000  1.00000  1.00000

Naive Empirical Bayes (NEB) probabilities for 4 classes
(amino acids refer to 1st sequence: KY581700.1)

   1 M   0.92438 0.00896 0.06594 0.00072 ( 1)
   2 S   0.91319 0.01853 0.06679 0.00149 ( 1)
   3 N   0.92099 0.01146 0.06663 0.00092 ( 1)
   4 M   0.92438 0.00896 0.06594 0.00072 ( 1)
   5 T   0.90808 0.02170 0.06847 0.00175 ( 1)
   6 Q   0.90312 0.02609 0.06869 0.00210 ( 1)
   7 L   0.90698 0.02269 0.06849 0.00183 ( 1)
   8 T   0.00110 0.17676 0.80789 0.01425 ( 3)
   9 E   0.91098 0.01927 0.06820 0.00155 ( 1)
  10 A   0.00000 0.92539 0.00000 0.07461 ( 2)
  11 Q   0.90445 0.02477 0.06879 0.00200 ( 1)
  12 I   0.92083 0.01201 0.06619 0.00097 ( 1)
  13 I   0.92083 0.01201 0.06619 0.00097 ( 1)
  14 A   0.00000 0.92539 0.00000 0.07461 ( 2)
  15 I   0.91791 0.01491 0.06598 0.00120 ( 1)
  16 I   0.92083 0.01201 0.06619 0.00097 ( 1)
  17 K   0.91092 0.01933 0.06819 0.00156 ( 1)
  18 D   0.91375 0.01640 0.06852 0.00132 ( 1)
  19 W   0.91206 0.01834 0.06812 0.00148 ( 1)
  20 N   0.91084 0.01930 0.06830 0.00156 ( 1)
  21 F   0.92450 0.00992 0.06478 0.00080 ( 1)
  22 A   0.90804 0.02173 0.06847 0.00175 ( 1)
  23 W   0.91206 0.01834 0.06812 0.00148 ( 1)
  24 S   0.91148 0.01821 0.06883 0.00147 ( 1)
  25 L   0.89605 0.03235 0.06899 0.00261 ( 1)
  26 I   0.91070 0.01957 0.06815 0.00158 ( 1)
  27 F   0.92450 0.00992 0.06478 0.00080 ( 1)
  28 L   0.91142 0.01828 0.06883 0.00147 ( 1)
  29 L   0.90750 0.02264 0.06803 0.00183 ( 1)
  30 I   0.92083 0.01201 0.06619 0.00097 ( 1)
  31 T   0.91670 0.01470 0.06742 0.00119 ( 1)
  32 I   0.91070 0.01957 0.06815 0.00158 ( 1)
  33 V   0.91023 0.02013 0.06802 0.00162 ( 1)
  34 L   0.89583 0.03257 0.06898 0.00263 ( 1)
  35 Q   0.90312 0.02609 0.06869 0.00210 ( 1)
  36 Y   0.91842 0.01376 0.06672 0.00111 ( 1)
  37 G   0.90806 0.02109 0.06915 0.00170 ( 1)
  38 Y   0.90619 0.02340 0.06853 0.00189 ( 1)
  39 P   0.90739 0.02224 0.06857 0.00179 ( 1)
  40 S   0.91148 0.01821 0.06883 0.00147 ( 1)
  41 R   0.91656 0.01483 0.06741 0.00120 ( 1)
  42 S   0.91725 0.01517 0.06636 0.00122 ( 1)
  43 M   0.92438 0.00896 0.06594 0.00072 ( 1)
  44 T   0.91670 0.01470 0.06742 0.00119 ( 1)
  45 V   0.90585 0.02373 0.06851 0.00191 ( 1)
  46 Y   0.91842 0.01376 0.06672 0.00111 ( 1)
  47 V   0.90585 0.02373 0.06851 0.00191 ( 1)
  48 F   0.92450 0.00992 0.06478 0.00080 ( 1)
  49 K   0.91092 0.01933 0.06819 0.00156 ( 1)
  50 M   0.92438 0.00896 0.06594 0.00072 ( 1)
  51 F   0.92450 0.00992 0.06478 0.00080 ( 1)
  52 V   0.91771 0.01446 0.06666 0.00117 ( 1)
  53 L   0.90750 0.02264 0.06803 0.00183 ( 1)
  54 W   0.91206 0.01834 0.06812 0.00148 ( 1)
  55 L   0.91142 0.01828 0.06883 0.00147 ( 1)
  56 L   0.89922 0.02943 0.06898 0.00237 ( 1)
  57 W   0.91206 0.01834 0.06812 0.00148 ( 1)
  58 P   0.91021 0.01944 0.06878 0.00157 ( 1)
  59 S   0.91392 0.01837 0.06623 0.00148 ( 1)
  60 S   0.90551 0.02416 0.06838 0.00195 ( 1)
  61 M   0.92438 0.00896 0.06594 0.00072 ( 1)
  62 A   0.90783 0.02195 0.06845 0.00177 ( 1)
  63 L   0.90070 0.02772 0.06935 0.00223 ( 1)
  64 S   0.90155 0.02753 0.06870 0.00222 ( 1)
  65 I   0.91642 0.01542 0.06693 0.00124 ( 1)
  66 F   0.92254 0.01186 0.06465 0.00096 ( 1)
  67 S   0.91381 0.01634 0.06853 0.00132 ( 1)
  68 A   0.90333 0.02576 0.06884 0.00208 ( 1)
  69 V   0.00000 0.92539 0.00000 0.07461 ( 2)
  70 Y   0.91842 0.01376 0.06672 0.00111 ( 1)
  71 P   0.90739 0.02224 0.06857 0.00179 ( 1)
  72 I   0.92083 0.01201 0.06619 0.00097 ( 1)
  73 D   0.91719 0.01523 0.06636 0.00123 ( 1)
  74 L   0.89583 0.03257 0.06898 0.00263 ( 1)
  75 A   0.00110 0.17628 0.80841 0.01421 ( 3)
  76 S   0.90698 0.02270 0.06849 0.00183 ( 1)
  77 Q   0.90445 0.02477 0.06879 0.00200 ( 1)
  78 I   0.91642 0.01542 0.06693 0.00124 ( 1)
  79 I   0.00106 0.18830 0.79546 0.01518 ( 3)
  80 S   0.91917 0.01316 0.06662 0.00106 ( 1)
  81 G   0.90323 0.02590 0.06879 0.00209 ( 1)
  82 I   0.91791 0.01491 0.06598 0.00120 ( 1)
  83 V   0.00474 0.92067 0.00035 0.07423 ( 2)
  84 A   0.00000 0.92508 0.00033 0.07459 ( 2)
  85 A   0.00393 0.92149 0.00029 0.07430 ( 2)
  86 V   0.91472 0.01742 0.06645 0.00140 ( 1)
  87 S   0.90874 0.02037 0.06925 0.00164 ( 1)
  88 A   0.91335 0.01803 0.06717 0.00145 ( 1)
  89 M   0.00173 0.92367 0.00012 0.07447 ( 2)
  90 M   0.92438 0.00896 0.06594 0.00072 ( 1)
  91 W   0.91206 0.01834 0.06812 0.00148 ( 1)
  92 I   0.92083 0.01201 0.06619 0.00097 ( 1)
  93 S   0.90698 0.02270 0.06849 0.00183 ( 1)
  94 Y   0.90619 0.02340 0.06853 0.00189 ( 1)
  95 F   0.92254 0.01186 0.06465 0.00096 ( 1)
  96 V   0.90999 0.02036 0.06800 0.00164 ( 1)
  97 Q   0.90445 0.02477 0.06879 0.00200 ( 1)
  98 S   0.91725 0.01517 0.06636 0.00122 ( 1)
  99 I   0.91403 0.01627 0.06840 0.00131 ( 1)
 100 R   0.89792 0.03132 0.06823 0.00253 ( 1)
 101 L   0.90078 0.02764 0.06936 0.00223 ( 1)
 102 F   0.92450 0.00992 0.06478 0.00080 ( 1)
 103 M   0.92438 0.00896 0.06594 0.00072 ( 1)
 104 R   0.89782 0.03195 0.06765 0.00258 ( 1)
 105 T   0.91333 0.01804 0.06717 0.00145 ( 1)
 106 G   0.90363 0.02550 0.06881 0.00206 ( 1)
 107 S   0.90874 0.02037 0.06925 0.00164 ( 1)
 108 W   0.91206 0.01834 0.06812 0.00148 ( 1)
 109 W   0.91206 0.01834 0.06812 0.00148 ( 1)
 110 S   0.90155 0.02753 0.06870 0.00222 ( 1)
 111 F   0.91723 0.01451 0.06709 0.00117 ( 1)
 112 N   0.92099 0.01146 0.06663 0.00092 ( 1)
 113 P   0.91638 0.01483 0.06760 0.00120 ( 1)
 114 E   0.90975 0.02050 0.06811 0.00165 ( 1)
 115 T   0.91670 0.01470 0.06742 0.00119 ( 1)
 116 N   0.92099 0.01146 0.06663 0.00092 ( 1)
 117 C   0.91073 0.01954 0.06815 0.00158 ( 1)
 118 L   0.91923 0.01310 0.06662 0.00106 ( 1)
 119 L   0.91128 0.01954 0.06760 0.00158 ( 1)
 120 N   0.91088 0.01926 0.06831 0.00155 ( 1)
 121 V   0.91771 0.01446 0.06666 0.00117 ( 1)
 122 P   0.90739 0.02224 0.06857 0.00179 ( 1)
 123 F   0.00000 0.92539 0.00000 0.07461 ( 2)
 124 G   0.91621 0.01525 0.06732 0.00123 ( 1)
 125 G   0.91226 0.01917 0.06703 0.00155 ( 1)
 126 T   0.90804 0.02173 0.06847 0.00175 ( 1)
 127 T   0.91670 0.01470 0.06742 0.00119 ( 1)
 128 V   0.90812 0.02147 0.06868 0.00173 ( 1)
 129 V   0.91023 0.02013 0.06802 0.00162 ( 1)
 130 R   0.91656 0.01483 0.06741 0.00120 ( 1)
 131 P   0.90739 0.02224 0.06857 0.00179 ( 1)
 132 L   0.90302 0.02664 0.06820 0.00215 ( 1)
 133 V   0.90940 0.02095 0.06796 0.00169 ( 1)
 134 E   0.90975 0.02050 0.06811 0.00165 ( 1)
 135 D   0.91375 0.01640 0.06852 0.00132 ( 1)
 136 S   0.91557 0.01673 0.06635 0.00135 ( 1)
 137 T   0.90864 0.02047 0.06924 0.00165 ( 1)
 138 S   0.92102 0.01142 0.06663 0.00092 ( 1)
 139 V   0.91272 0.01765 0.06821 0.00142 ( 1)
 140 T   0.91670 0.01470 0.06742 0.00119 ( 1)
 141 A   0.91670 0.01470 0.06742 0.00119 ( 1)
 142 V   0.91771 0.01446 0.06666 0.00117 ( 1)
 143 V   0.91272 0.01765 0.06821 0.00142 ( 1)
 144 T   0.00311 0.92229 0.00024 0.07436 ( 2)
 145 N   0.92099 0.01146 0.06663 0.00092 ( 1)
 146 G   0.90649 0.02316 0.06849 0.00187 ( 1)
 147 H   0.00382 0.92159 0.00029 0.07430 ( 2)
 148 L   0.90698 0.02269 0.06849 0.00183 ( 1)
 149 K   0.90975 0.02050 0.06811 0.00165 ( 1)
 150 M   0.92438 0.00896 0.06594 0.00072 ( 1)
 151 A   0.91670 0.01470 0.06742 0.00119 ( 1)
 152 G   0.90850 0.02065 0.06919 0.00166 ( 1)
 153 M   0.92438 0.00896 0.06594 0.00072 ( 1)
 154 H   0.91638 0.01582 0.06652 0.00128 ( 1)
 155 F   0.91881 0.01294 0.06720 0.00104 ( 1)
 156 G   0.91621 0.01525 0.06732 0.00123 ( 1)
 157 A   0.91335 0.01803 0.06717 0.00145 ( 1)
 158 C   0.92099 0.01186 0.06620 0.00096 ( 1)
 159 D   0.91084 0.01930 0.06830 0.00156 ( 1)
 160 Y   0.90619 0.02340 0.06853 0.00189 ( 1)
 161 D   0.91375 0.01640 0.06852 0.00132 ( 1)
 162 R   0.89782 0.03195 0.06765 0.00258 ( 1)
 163 L   0.91551 0.01679 0.06635 0.00135 ( 1)
 164 P   0.91638 0.01483 0.06760 0.00120 ( 1)
 165 N   0.00728 0.91817 0.00053 0.07403 ( 2)
 166 E   0.90975 0.02050 0.06811 0.00165 ( 1)
 167 V   0.90814 0.02145 0.06868 0.00173 ( 1)
 168 T   0.90333 0.02576 0.06884 0.00208 ( 1)
 169 V   0.90999 0.02036 0.06800 0.00164 ( 1)
 170 A   0.90864 0.02047 0.06924 0.00165 ( 1)
 171 K   0.91092 0.01933 0.06819 0.00156 ( 1)
 172 P   0.90263 0.02634 0.06891 0.00212 ( 1)
 173 N   0.91719 0.01523 0.06636 0.00123 ( 1)
 174 V   0.90999 0.02036 0.06800 0.00164 ( 1)
 175 L   0.90549 0.02294 0.06972 0.00185 ( 1)
 176 I   0.91786 0.01496 0.06597 0.00121 ( 1)
 177 A   0.91333 0.01804 0.06717 0.00145 ( 1)
 178 L   0.90758 0.02256 0.06804 0.00182 ( 1)
 179 K   0.91092 0.01933 0.06819 0.00156 ( 1)
 180 M   0.92438 0.00896 0.06594 0.00072 ( 1)
 181 V   0.91023 0.02013 0.06802 0.00162 ( 1)
 182 K   0.91098 0.01927 0.06820 0.00155 ( 1)
 183 R   0.89792 0.03132 0.06823 0.00253 ( 1)
 184 Q   0.90434 0.02488 0.06878 0.00201 ( 1)
 185 S   0.91087 0.01927 0.06831 0.00155 ( 1)
 186 Y   0.91128 0.01833 0.06892 0.00148 ( 1)
 187 G   0.90245 0.02667 0.06872 0.00215 ( 1)
 188 T   0.91670 0.01470 0.06742 0.00119 ( 1)
 189 N   0.92099 0.01146 0.06663 0.00092 ( 1)
 190 S   0.91148 0.01821 0.06883 0.00147 ( 1)
 191 G   0.90850 0.02065 0.06919 0.00166 ( 1)
 192 V   0.91771 0.01446 0.06666 0.00117 ( 1)
 193 A   0.90864 0.02047 0.06924 0.00165 ( 1)
 194 I   0.92083 0.01201 0.06619 0.00097 ( 1)
 195 Y   0.90619 0.02340 0.06853 0.00189 ( 1)
 196 H   0.92060 0.01164 0.06683 0.00094 ( 1)
 197 R   0.90793 0.02189 0.06841 0.00176 ( 1)
 198 Y   0.91842 0.01376 0.06672 0.00111 ( 1)
 199 K   0.91098 0.01927 0.06820 0.00155 ( 1)
 200 A   0.90804 0.02173 0.06847 0.00175 ( 1)
 201 G   0.91621 0.01525 0.06732 0.00123 ( 1)
 202 N   0.92099 0.01146 0.06663 0.00092 ( 1)
 203 Y   0.90619 0.02340 0.06853 0.00189 ( 1)
 204 R   0.90955 0.02095 0.06781 0.00169 ( 1)
 205 S   0.92102 0.01142 0.06663 0.00092 ( 1)
 206 P   0.90747 0.02217 0.06858 0.00179 ( 1)
 207 P   0.91168 0.01950 0.06725 0.00157 ( 1)
 208 I   0.91791 0.01491 0.06598 0.00120 ( 1)
 209 T   0.90808 0.02170 0.06847 0.00175 ( 1)
 210 A   0.90808 0.02170 0.06847 0.00175 ( 1)
 211 D   0.92099 0.01146 0.06663 0.00092 ( 1)
 212 I   0.00544 0.91999 0.00039 0.07418 ( 2)
 213 E   0.91092 0.01933 0.06819 0.00156 ( 1)
 214 L   0.91923 0.01310 0.06662 0.00106 ( 1)
 215 A   0.90804 0.02173 0.06847 0.00175 ( 1)
 216 L   0.91128 0.01954 0.06760 0.00158 ( 1)
 217 L   0.91195 0.02032 0.06609 0.00164 ( 1)
 218 R   0.88987 0.03788 0.06919 0.00305 ( 1)
 219 A   0.91333 0.01804 0.06717 0.00145 ( 1)


lnL = -1289.031260

