

TREE # 1

  0  0.0000   1383.501199  x:  0.33368   0.00000   0.00638   0.02454   0.01354   0.00809   0.00363   0.00382   0.00942   0.00971   0.00734   0.00974   0.00847   0.00660   0.00321   0.00851   0.00651   0.00550   0.00406   0.00455   0.00620   0.00851   0.00259   0.00885   0.00940   0.01450   0.00751   0.00488   0.00897   0.00761   0.00309   0.00930   0.00888   0.01275   0.00382   0.00431   0.00512   0.01001   0.00501   0.01082   0.00375   0.01054   0.00833   0.00901   0.00272   0.00467   0.01352   0.29018   1.28869   1.48370   1.01924   0.95238   1.39985   0.04032   0.20967  
  1 99.0000   1383.495494  x:  0.33368   0.00000   0.00638   0.02454   0.01354   0.00809   0.00363   0.00382   0.00942   0.00971   0.00734   0.00974   0.00847   0.00660   0.00321   0.00851   0.00651   0.00549   0.00406   0.00454   0.00620   0.00851   0.00259   0.00885   0.00940   0.01450   0.00751   0.00488   0.00897   0.00761   0.00309   0.00930   0.00888   0.01275   0.00382   0.00431   0.00512   0.01001   0.00501   0.01082   0.00375   0.01054   0.00833   0.00901   0.00272   0.00467   0.01352   0.29018   1.28869   1.48370   1.01924   0.95238   1.39985   0.04032   0.20967  
  2 1130.0892   1366.679721  x:  0.33361   0.00000   0.00574   0.02411   0.01150   0.00605   0.00110   0.00129   0.00689   0.00719   0.00481   0.00721   0.00724   0.00401   0.00069   0.00647   0.00400   0.00298   0.00146   0.00195   0.00568   0.00592   0.00000   0.00957   0.00689   0.01279   0.00499   0.00235   0.00644   0.00508   0.00056   0.00678   0.00637   0.01115   0.00131   0.00173   0.00518   0.00750   0.00249   0.01079   0.00123   0.00904   0.00656   0.00649   0.00012   0.00207   0.01179   0.29011   1.28886   1.48369   1.01902   0.95277   1.39999   0.04019   0.20744  
  3 752386.9196   1365.898227  x:  0.33363   0.00000   0.00581   0.02408   0.01131   0.00591   0.00099   0.00118   0.00678   0.00707   0.00470   0.00710   0.00724   0.00389   0.00057   0.00631   0.00389   0.00286   0.00135   0.00183   0.00573   0.00580   0.00000   0.00963   0.00678   0.01267   0.00488   0.00224   0.00633   0.00497   0.00045   0.00667   0.00625   0.01103   0.00119   0.00161   0.00514   0.00739   0.00238   0.01079   0.00112   0.00896   0.00664   0.00637   0.00000   0.00196   0.01167   0.29013   1.28887   1.48374   1.01900   0.95274   1.39998   0.04020   0.20715  
  4 4470.2042   1362.969330  x:  0.33373   0.00000   0.00568   0.02396   0.01084   0.00519   0.00054   0.00073   0.00633   0.00663   0.00425   0.00665   0.00724   0.00344   0.00013   0.00556   0.00347   0.00243   0.00089   0.00138   0.00563   0.00537   0.00000   0.00965   0.00635   0.01226   0.00444   0.00179   0.00588   0.00452   0.00000   0.00622   0.00581   0.01071   0.00076   0.00117   0.00524   0.00696   0.00195   0.01077   0.00069   0.00881   0.00713   0.00593   0.00000   0.00150   0.01130   0.29022   1.28891   1.48395   1.01895   0.95260   1.39993   0.04026   0.20584  
  5 13920.1431   1362.177141  x:  0.33375   0.00000   0.00564   0.02393   0.01069   0.00499   0.00042   0.00061   0.00621   0.00651   0.00413   0.00653   0.00724   0.00331   0.00000   0.00536   0.00335   0.00231   0.00077   0.00125   0.00559   0.00524   0.00000   0.00965   0.00623   0.01215   0.00431   0.00167   0.00576   0.00440   0.00000   0.00610   0.00569   0.01062   0.00064   0.00104   0.00528   0.00685   0.00183   0.01077   0.00056   0.00876   0.00727   0.00581   0.00000   0.00138   0.01120   0.29025   1.28892   1.48401   1.01893   0.95256   1.39992   0.04027   0.20547  
  6 1787244.3641   1359.679626  x:  0.33388   0.00000   0.00555   0.02383   0.01012   0.00456   0.00000   0.00020   0.00580   0.00609   0.00372   0.00611   0.00728   0.00289   0.00000   0.00490   0.00297   0.00191   0.00034   0.00083   0.00554   0.00484   0.00000   0.00944   0.00584   0.01192   0.00390   0.00126   0.00535   0.00398   0.00000   0.00569   0.00528   0.01055   0.00024   0.00063   0.00514   0.00645   0.00143   0.01076   0.00016   0.00890   0.00714   0.00540   0.00000   0.00095   0.01107   0.29037   1.28895   1.48427   1.01888   0.95237   1.39986   0.04035   0.20399  
  7 6166.2015   1358.763663  x:  0.33392   0.00000   0.00557   0.02380   0.00999   0.00445   0.00000   0.00003   0.00563   0.00593   0.00355   0.00595   0.00727   0.00272   0.00000   0.00478   0.00282   0.00175   0.00018   0.00066   0.00555   0.00467   0.00000   0.00947   0.00568   0.01188   0.00374   0.00109   0.00518   0.00382   0.00000   0.00552   0.00511   0.01054   0.00008   0.00047   0.00522   0.00630   0.00127   0.01076   0.00000   0.00891   0.00711   0.00523   0.00000   0.00079   0.01105   0.29042   1.28897   1.48437   1.01886   0.95230   1.39983   0.04038   0.20341  
  8 16103.0018   1358.596768  x:  0.33393   0.00000   0.00556   0.02380   0.00997   0.00444   0.00000   0.00000   0.00560   0.00590   0.00352   0.00592   0.00726   0.00269   0.00000   0.00476   0.00279   0.00172   0.00015   0.00063   0.00554   0.00464   0.00000   0.00948   0.00566   0.01187   0.00371   0.00106   0.00515   0.00379   0.00000   0.00549   0.00508   0.01053   0.00005   0.00044   0.00522   0.00627   0.00124   0.01076   0.00000   0.00891   0.00712   0.00520   0.00000   0.00075   0.01104   0.29043   1.28897   1.48439   1.01886   0.95228   1.39983   0.04039   0.20330  
  9 51502.0099   1358.359100  x:  0.33395   0.00000   0.00556   0.02379   0.00995   0.00442   0.00000   0.00000   0.00556   0.00585   0.00348   0.00588   0.00726   0.00265   0.00000   0.00474   0.00275   0.00167   0.00010   0.00058   0.00554   0.00460   0.00000   0.00948   0.00561   0.01185   0.00366   0.00102   0.00511   0.00374   0.00000   0.00545   0.00504   0.01052   0.00000   0.00039   0.00522   0.00622   0.00120   0.01076   0.00000   0.00890   0.00711   0.00516   0.00000   0.00071   0.01103   0.29044   1.28897   1.48441   1.01885   0.95227   1.39982   0.04040   0.20313  
 10 186110.9074   1357.904414  x:  0.33397   0.00000   0.00555   0.02378   0.00992   0.00438   0.00000   0.00000   0.00547   0.00577   0.00339   0.00579   0.00726   0.00255   0.00000   0.00471   0.00266   0.00159   0.00000   0.00048   0.00552   0.00451   0.00000   0.00950   0.00553   0.01182   0.00357   0.00093   0.00502   0.00365   0.00000   0.00536   0.00495   0.01049   0.00000   0.00030   0.00523   0.00614   0.00111   0.01075   0.00000   0.00889   0.00711   0.00507   0.00000   0.00061   0.01099   0.29047   1.28898   1.48446   1.01884   0.95224   1.39981   0.04041   0.20281  
 11 99643.6640   1356.543011  x:  0.33406   0.00000   0.00547   0.02375   0.00980   0.00427   0.00000   0.00000   0.00519   0.00549   0.00311   0.00551   0.00721   0.00225   0.00000   0.00459   0.00240   0.00131   0.00000   0.00018   0.00555   0.00422   0.00000   0.00954   0.00526   0.01171   0.00330   0.00065   0.00474   0.00338   0.00000   0.00508   0.00467   0.01041   0.00000   0.00000   0.00524   0.00587   0.00085   0.01075   0.00000   0.00889   0.00712   0.00479   0.00000   0.00031   0.01088   0.29056   1.28899   1.48456   1.01879   0.95222   1.39980   0.04043   0.20180  
 12 70183.1147   1355.789911  x:  0.33412   0.00000   0.00547   0.02374   0.00971   0.00420   0.00000   0.00000   0.00503   0.00533   0.00295   0.00535   0.00717   0.00208   0.00000   0.00451   0.00225   0.00115   0.00000   0.00000   0.00552   0.00405   0.00000   0.00955   0.00510   0.01165   0.00314   0.00049   0.00458   0.00322   0.00000   0.00492   0.00451   0.01038   0.00000   0.00000   0.00525   0.00571   0.00070   0.01075   0.00000   0.00886   0.00713   0.00463   0.00000   0.00013   0.01084   0.29061   1.28900   1.48461   1.01876   0.95222   1.39980   0.04043   0.20122  
 13 99117.3106   1355.264888  x:  0.33416   0.00000   0.00545   0.02372   0.00964   0.00415   0.00000   0.00000   0.00491   0.00521   0.00284   0.00523   0.00719   0.00195   0.00000   0.00445   0.00213   0.00103   0.00000   0.00000   0.00552   0.00393   0.00000   0.00957   0.00498   0.01163   0.00302   0.00038   0.00447   0.00310   0.00000   0.00480   0.00440   0.01036   0.00000   0.00000   0.00526   0.00559   0.00059   0.01075   0.00000   0.00880   0.00712   0.00452   0.00000   0.00000   0.01083   0.29065   1.28900   1.48465   1.01874   0.95223   1.39980   0.04043   0.20080  
 14 53416.5787   1353.692576  x:  0.33426   0.00000   0.00542   0.02367   0.00949   0.00402   0.00000   0.00000   0.00454   0.00483   0.00246   0.00486   0.00715   0.00155   0.00000   0.00434   0.00176   0.00064   0.00000   0.00000   0.00549   0.00354   0.00000   0.00960   0.00460   0.01166   0.00264   0.00000   0.00409   0.00273   0.00000   0.00442   0.00402   0.01016   0.00000   0.00000   0.00527   0.00521   0.00023   0.01073   0.00000   0.00878   0.00712   0.00414   0.00000   0.00000   0.01079   0.29075   1.28902   1.48478   1.01868   0.95217   1.39981   0.04043   0.19951  
 15 8974.5478   1352.757265  x:  0.33432   0.00000   0.00540   0.02365   0.00942   0.00395   0.00000   0.00000   0.00430   0.00459   0.00223   0.00462   0.00712   0.00131   0.00000   0.00426   0.00153   0.00039   0.00000   0.00000   0.00548   0.00330   0.00000   0.00962   0.00437   0.01161   0.00240   0.00000   0.00386   0.00249   0.00000   0.00419   0.00379   0.01011   0.00000   0.00000   0.00528   0.00498   0.00000   0.01074   0.00000   0.00876   0.00712   0.00391   0.00000   0.00000   0.01073   0.29082   1.28903   1.48487   1.01865   0.95213   1.39981   0.04044   0.19872  
 16 73249.6668   1351.338130  x:  0.33442   0.00000   0.00537   0.02362   0.00930   0.00384   0.00000   0.00000   0.00392   0.00422   0.00185   0.00425   0.00709   0.00092   0.00000   0.00416   0.00116   0.00000   0.00000   0.00000   0.00546   0.00293   0.00000   0.00965   0.00399   0.01150   0.00202   0.00000   0.00348   0.00212   0.00000   0.00381   0.00342   0.01004   0.00000   0.00000   0.00529   0.00460   0.00000   0.01067   0.00000   0.00872   0.00711   0.00353   0.00000   0.00000   0.01066   0.29092   1.28904   1.48500   1.01859   0.95207   1.39983   0.04043   0.19747  
 17 242444.5547   1348.035410  x:  0.33468   0.00000   0.00530   0.02357   0.00899   0.00355   0.00000   0.00000   0.00298   0.00328   0.00092   0.00332   0.00701   0.00000   0.00000   0.00390   0.00022   0.00000   0.00000   0.00000   0.00540   0.00203   0.00000   0.00973   0.00303   0.01123   0.00109   0.00000   0.00256   0.00119   0.00000   0.00287   0.00250   0.00979   0.00000   0.00000   0.00532   0.00365   0.00000   0.01080   0.00000   0.00863   0.00711   0.00261   0.00000   0.00000   0.01060   0.29117   1.28907   1.48527   1.01843   0.95202   1.39989   0.04040   0.19447  
 18 61942.7991   1347.326840  x:  0.33474   0.00000   0.00529   0.02354   0.00892   0.00351   0.00000   0.00000   0.00277   0.00306   0.00071   0.00311   0.00700   0.00000   0.00000   0.00382   0.00000   0.00000   0.00000   0.00000   0.00539   0.00183   0.00000   0.00974   0.00281   0.01123   0.00087   0.00000   0.00235   0.00098   0.00000   0.00265   0.00229   0.00975   0.00000   0.00000   0.00533   0.00343   0.00000   0.01080   0.00000   0.00861   0.00711   0.00240   0.00000   0.00000   0.01052   0.29123   1.28908   1.48532   1.01839   0.95202   1.39991   0.04039   0.19380  
 19 58246.5554   1345.108583  x:  0.33492   0.00000   0.00524   0.02341   0.00872   0.00310   0.00000   0.00000   0.00205   0.00234   0.00000   0.00240   0.00695   0.00000   0.00000   0.00387   0.00000   0.00000   0.00000   0.00000   0.00535   0.00115   0.00000   0.00979   0.00207   0.01117   0.00015   0.00000   0.00165   0.00028   0.00000   0.00193   0.00159   0.00971   0.00000   0.00000   0.00535   0.00271   0.00000   0.01081   0.00000   0.00854   0.00714   0.00169   0.00000   0.00000   0.01032   0.29141   1.28910   1.48553   1.01828   0.95195   1.39996   0.04036   0.19156  
 20 11980.6411   1344.687739  x:  0.33496   0.00000   0.00523   0.02339   0.00868   0.00307   0.00000   0.00000   0.00191   0.00220   0.00000   0.00225   0.00694   0.00000   0.00000   0.00383   0.00000   0.00000   0.00000   0.00000   0.00534   0.00101   0.00000   0.00980   0.00192   0.01115   0.00000   0.00000   0.00151   0.00014   0.00000   0.00178   0.00144   0.00968   0.00000   0.00000   0.00536   0.00257   0.00000   0.01081   0.00000   0.00853   0.00714   0.00155   0.00000   0.00000   0.01029   0.29145   1.28910   1.48557   1.01826   0.95194   1.39997   0.04036   0.19111  
 21 44689.3056   1344.324935  x:  0.33499   0.00000   0.00523   0.02340   0.00865   0.00304   0.00000   0.00000   0.00177   0.00207   0.00000   0.00212   0.00693   0.00000   0.00000   0.00380   0.00000   0.00000   0.00000   0.00000   0.00533   0.00088   0.00000   0.00980   0.00178   0.01113   0.00000   0.00000   0.00138   0.00000   0.00000   0.00165   0.00131   0.00966   0.00000   0.00000   0.00536   0.00243   0.00000   0.01081   0.00000   0.00852   0.00714   0.00141   0.00000   0.00000   0.01027   0.29149   1.28911   1.48561   1.01824   0.95193   1.39999   0.04035   0.19069  
 22 202859.2824   1342.038440  x:  0.33526   0.00000   0.00518   0.02325   0.00844   0.00283   0.00000   0.00000   0.00087   0.00116   0.00000   0.00123   0.00688   0.00000   0.00000   0.00359   0.00000   0.00000   0.00000   0.00000   0.00529   0.00000   0.00000   0.00985   0.00083   0.01098   0.00000   0.00000   0.00049   0.00000   0.00000   0.00074   0.00042   0.00953   0.00000   0.00000   0.00539   0.00151   0.00000   0.01081   0.00000   0.00846   0.00716   0.00053   0.00000   0.00000   0.01014   0.29176   1.28913   1.48585   1.01809   0.95190   1.40009   0.04027   0.18780  
 23 67079.7509   1341.043706  x:  0.33541   0.00000   0.00516   0.02321   0.00835   0.00275   0.00000   0.00000   0.00044   0.00074   0.00000   0.00082   0.00686   0.00000   0.00000   0.00350   0.00000   0.00000   0.00000   0.00000   0.00528   0.00000   0.00000   0.00987   0.00038   0.01091   0.00000   0.00000   0.00008   0.00000   0.00000   0.00035   0.00000   0.00947   0.00000   0.00000   0.00540   0.00108   0.00000   0.01081   0.00000   0.00843   0.00717   0.00011   0.00000   0.00000   0.01008   0.29190   1.28913   1.48597   1.01802   0.95186   1.40015   0.04023   0.18630  
 24 22061.0080   1340.878330  x:  0.33542   0.00000   0.00515   0.02320   0.00834   0.00273   0.00000   0.00000   0.00036   0.00066   0.00000   0.00074   0.00686   0.00000   0.00000   0.00348   0.00000   0.00000   0.00000   0.00000   0.00527   0.00000   0.00000   0.00988   0.00029   0.01090   0.00000   0.00000   0.00000   0.00000   0.00000   0.00028   0.00000   0.00946   0.00000   0.00000   0.00540   0.00100   0.00000   0.01081   0.00000   0.00842   0.00718   0.00003   0.00000   0.00000   0.01007   0.29191   1.28914   1.48600   1.01801   0.95185   1.40015   0.04023   0.18609  
 25 6635.5854   1340.827693  x:  0.33543   0.00000   0.00515   0.02320   0.00833   0.00272   0.00000   0.00000   0.00033   0.00063   0.00000   0.00071   0.00686   0.00000   0.00000   0.00348   0.00000   0.00000   0.00000   0.00000   0.00527   0.00000   0.00000   0.00988   0.00026   0.01090   0.00000   0.00000   0.00000   0.00000   0.00000   0.00025   0.00000   0.00946   0.00000   0.00000   0.00540   0.00097   0.00000   0.01081   0.00000   0.00842   0.00718   0.00000   0.00000   0.00000   0.01006   0.29192   1.28914   1.48601   1.01801   0.95184   1.40015   0.04023   0.18603  
 26 6959.9236   1340.432656  x:  0.33550   0.00000   0.00514   0.02318   0.00828   0.00266   0.00000   0.00000   0.00008   0.00037   0.00000   0.00046   0.00685   0.00000   0.00000   0.00341   0.00000   0.00000   0.00000   0.00000   0.00526   0.00000   0.00000   0.00988   0.00000   0.01086   0.00000   0.00000   0.00000   0.00000   0.00000   0.00003   0.00000   0.00942   0.00000   0.00000   0.00541   0.00070   0.00000   0.01081   0.00000   0.00841   0.00720   0.00000   0.00000   0.00000   0.01003   0.29199   1.28915   1.48608   1.01798   0.95182   1.40014   0.04024   0.18551  
 27 2506527.1459   1340.395877  x:  0.33551   0.00000   0.00514   0.02318   0.00827   0.00265   0.00000   0.00000   0.00005   0.00034   0.00000   0.00043   0.00685   0.00000   0.00000   0.00340   0.00000   0.00000   0.00000   0.00000   0.00526   0.00000   0.00000   0.00988   0.00000   0.01086   0.00000   0.00000   0.00000   0.00000   0.00000   0.00000   0.00000   0.00942   0.00000   0.00000   0.00541   0.00067   0.00000   0.01081   0.00000   0.00841   0.00721   0.00000   0.00000   0.00000   0.01002   0.29200   1.28916   1.48609   1.01798   0.95182   1.40014   0.04024   0.18546  
 28 3913.2514   1340.341867  x:  0.33552   0.00000   0.00513   0.02318   0.00827   0.00264   0.00000   0.00000   0.00000   0.00030   0.00000   0.00039   0.00685   0.00000   0.00000   0.00339   0.00000   0.00000   0.00000   0.00000   0.00526   0.00000   0.00000   0.00989   0.00000   0.01085   0.00000   0.00000   0.00000   0.00000   0.00000   0.00000   0.00000   0.00942   0.00000   0.00000   0.00541   0.00062   0.00000   0.01081   0.00000   0.00841   0.00721   0.00000   0.00000   0.00000   0.01002   0.29201   1.28916   1.48610   1.01798   0.95181   1.40013   0.04025   0.18538  
 29 272234.9610   1340.059399  x:  0.33562   0.00000   0.00512   0.02316   0.00821   0.00257   0.00000   0.00000   0.00000   0.00000   0.00000   0.00010   0.00685   0.00000   0.00000   0.00332   0.00000   0.00000   0.00000   0.00000   0.00525   0.00000   0.00000   0.00989   0.00000   0.01081   0.00000   0.00000   0.00000   0.00000   0.00000   0.00000   0.00000   0.00938   0.00000   0.00000   0.00543   0.00029   0.00000   0.01081   0.00000   0.00839   0.00726   0.00000   0.00000   0.00000   0.00998   0.29211   1.28919   1.48623   1.01797   0.95175   1.40008   0.04030   0.18485  
 30 6724.1475   1340.007438  x:  0.33564   0.00000   0.00512   0.02315   0.00821   0.00256   0.00000   0.00000   0.00000   0.00000   0.00000   0.00000   0.00685   0.00000   0.00000   0.00331   0.00000   0.00000   0.00000   0.00000   0.00524   0.00000   0.00000   0.00989   0.00000   0.01081   0.00000   0.00000   0.00000   0.00000   0.00000   0.00000   0.00000   0.00938   0.00000   0.00000   0.00543   0.00021   0.00000   0.01081   0.00000   0.00839   0.00726   0.00000   0.00000   0.00000   0.00997   0.29213   1.28920   1.48624   1.01796   0.95174   1.40008   0.04030   0.18476  
 31 1033.4039   1339.945196  x:  0.33567   0.00000   0.00512   0.02315   0.00819   0.00254   0.00000   0.00000   0.00000   0.00000   0.00000   0.00000   0.00685   0.00000   0.00000   0.00329   0.00000   0.00000   0.00000   0.00000   0.00524   0.00000   0.00000   0.00989   0.00000   0.01080   0.00000   0.00000   0.00000   0.00000   0.00000   0.00000   0.00000   0.00937   0.00000   0.00000   0.00543   0.00000   0.00000   0.01081   0.00000   0.00839   0.00727   0.00000   0.00000   0.00000   0.00996   0.29216   1.28921   1.48626   1.01797   0.95172   1.40007   0.04031   0.18466  
 32 596.1545   1336.248746  x:  0.33621   0.00000   0.00464   0.02248   0.00630   0.00000   0.00000   0.00000   0.00000   0.00000   0.00000   0.00000   0.00681   0.00000   0.00000   0.00068   0.00000   0.00000   0.00000   0.00000   0.00483   0.00000   0.00000   0.01003   0.00000   0.00943   0.00000   0.00000   0.00000   0.00000   0.00000   0.00000   0.00000   0.00810   0.00000   0.00000   0.00585   0.00000   0.00000   0.01081   0.00000   0.00792   0.00864   0.00000   0.00000   0.00000   0.00859   0.29271   1.29179   1.49127   1.01392   0.95300   1.39834   0.04195   0.16842  
 33 379.4226   1334.719750  x:  0.33677   0.00000   0.00450   0.02226   0.00590   0.00000   0.00000   0.00000   0.00000   0.00000   0.00000   0.00000   0.00662   0.00000   0.00000   0.00000   0.00000   0.00000   0.00000   0.00000   0.00472   0.00000   0.00000   0.01019   0.00000   0.00902   0.00000   0.00000   0.00000   0.00000   0.00000   0.00000   0.00000   0.00767   0.00000   0.00000   0.00593   0.00000   0.00000   0.01084   0.00000   0.00761   0.00863   0.00000   0.00000   0.00000   0.00806   0.29327   1.29365   1.49464   1.01280   0.95266   1.39636   0.04384   0.15958  
 34 341.7330   1321.228207  x:  0.34328   0.00000   0.00272   0.01945   0.00000   0.00000   0.00000   0.00000   0.00000   0.00000   0.00000   0.00000   0.00408   0.00000   0.00000   0.00000   0.00000   0.00000   0.00000   0.00000   0.00322   0.00000   0.00000   0.01268   0.00000   0.00425   0.00000   0.00000   0.00000   0.00000   0.00000   0.00000   0.00000   0.00272   0.00000   0.00000   0.00679   0.00000   0.00000   0.01110   0.00000   0.00396   0.00813   0.00000   0.00000   0.00000   0.00260   0.29980   1.31971   1.54020   0.99974   0.95541   1.36289   0.07576   0.04035  
 35 2245.0509   1321.228207  x:  0.34328   0.00000   0.00272   0.01945   0.00000   0.00000   0.00000   0.00000   0.00000   0.00000   0.00000   0.00000   0.00408   0.00000   0.00000   0.00000   0.00000   0.00000   0.00000   0.00000   0.00322   0.00000   0.00000   0.01268   0.00000   0.00425   0.00000   0.00000   0.00000   0.00000   0.00000   0.00000   0.00000   0.00272   0.00000   0.00000   0.00679   0.00000   0.00000   0.01110   0.00000   0.00396   0.00813   0.00000   0.00000   0.00000   0.00260   0.29980   1.31971   1.54020   0.99974   0.95541   1.36289   0.07576   0.04035  
 36 8703.6114   1316.221371  x:  0.34328   0.00151   0.00274   0.01945   0.00418   0.00000   0.00000   0.00000   0.00000   0.00000   0.00000   0.00000   0.00408   0.00000   0.00000   0.00000   0.00000   0.00000   0.00000   0.00000   0.00323   0.00000   0.00000   0.01268   0.00000   0.00425   0.00000   0.00000   0.00000   0.00000   0.00000   0.00000   0.00000   0.00273   0.00000   0.00000   0.00678   0.00000   0.00000   0.01110   0.00000   0.00397   0.00813   0.00000   0.00000   0.00000   0.00261   0.29980   1.31971   1.54020   0.99974   0.95541   1.36289   0.07576   0.04034  
 37 87571.2464   1314.623587  x:  0.34344   0.00000   0.00533   0.01971   0.00472   0.00000   0.00000   0.00000   0.00000   0.00000   0.00000   0.00000   0.00490   0.00000   0.00000   0.00000   0.00000   0.00000   0.00000   0.00000   0.00516   0.00000   0.00000   0.01240   0.00000   0.00509   0.00000   0.00000   0.00000   0.00000   0.00000   0.00000   0.00000   0.00550   0.00000   0.00000   0.00617   0.00000   0.00000   0.01114   0.00000   0.00489   0.00732   0.00000   0.00000   0.00000   0.00546   0.29996   1.31985   1.53999   0.99949   0.95607   1.36319   0.07546   0.03764  
 38 431.2792   1310.078868  x:  0.34515   0.00000   0.00430   0.02199   0.00654   0.00000   0.00000   0.00000   0.00000   0.00000   0.00000   0.00000   0.00699   0.00000   0.00000   0.00000   0.00000   0.00000   0.00000   0.00000   0.00693   0.00000   0.00000   0.01011   0.00000   0.00776   0.00000   0.00000   0.00000   0.00000   0.00000   0.00000   0.00000   0.00517   0.00000   0.00000   0.00229   0.00000   0.00000   0.01155   0.00000   0.00705   0.00122   0.00000   0.00000   0.00000   0.00353   0.30167   1.32120   1.53782   0.99691   0.96279   1.36626   0.07242   0.00974  
 39 269.7247   1308.140872  x:  0.34576   0.00000   0.00410   0.02270   0.00711   0.00000   0.00000   0.00000   0.00000   0.00000   0.00000   0.00000   0.00748   0.00000   0.00000   0.00000   0.00000   0.00000   0.00000   0.00000   0.00735   0.00000   0.00000   0.00947   0.00000   0.00844   0.00000   0.00000   0.00000   0.00000   0.00000   0.00000   0.00000   0.00508   0.00000   0.00000   0.00198   0.00000   0.00000   0.01167   0.00000   0.00756   0.00167   0.00000   0.00000   0.00000   0.00322   0.30228   1.32166   1.53707   0.99602   0.96511   1.36732   0.07137   0.00010  
 40 2834.1499   1307.795952  x:  0.34799   0.00000   0.00358   0.02502   0.00898   0.00000   0.00000   0.00000   0.00000   0.00000   0.00000   0.00000   0.00868   0.00000   0.00000   0.00000   0.00000   0.00000   0.00000   0.00000   0.00826   0.00000   0.00000   0.00766   0.00000   0.01024   0.00000   0.00000   0.00000   0.00000   0.00000   0.00000   0.00000   0.00464   0.00000   0.00000   0.00382   0.00000   0.00000   0.01206   0.00000   0.00880   0.00169   0.00000   0.00000   0.00000   0.00292   0.30451   1.32331   1.53440   0.99281   0.97341   1.37114   0.06759   0.00010  
 41 768.7819   1306.521757  x:  0.35540   0.00000   0.00405   0.03022   0.01389   0.00000   0.00000   0.00000   0.00000   0.00000   0.00000   0.00000   0.00806   0.00000   0.00000   0.00000   0.00000   0.00000   0.00000   0.00000   0.00621   0.00000   0.00000   0.00807   0.00000   0.01123   0.00000   0.00000   0.00000   0.00000   0.00000   0.00000   0.00000   0.00237   0.00000   0.00000   0.00304   0.00000   0.00000   0.01264   0.00000   0.00814   0.00159   0.00000   0.00000   0.00000   0.00618   0.31192   1.32860   1.52591   0.98243   1.00000   1.38350   0.05535   0.00010  
 42 459.4132   1305.994343  x:  0.36334   0.00000   0.00415   0.03462   0.01872   0.00000   0.00000   0.00000   0.00000   0.00000   0.00000   0.00000   0.00670   0.00000   0.00000   0.00000   0.00000   0.00000   0.00000   0.00000   0.00398   0.00000   0.00000   0.00945   0.00000   0.01108   0.00000   0.00000   0.00000   0.00000   0.00000   0.00000   0.00000   0.00500   0.00000   0.00000   0.00261   0.00000   0.00000   0.01292   0.00000   0.00671   0.00144   0.00000   0.00000   0.00000   0.00595   0.31986   1.33428   1.51686   0.97133   1.00000   1.39676   0.04222   0.00010  
 43 748.3606   1305.448261  x:  0.37159   0.00000   0.00626   0.03589   0.02281   0.00000   0.00000   0.00000   0.00000   0.00000   0.00000   0.00000   0.00522   0.00000   0.00000   0.00000   0.00000   0.00000   0.00000   0.00000   0.00738   0.00000   0.00000   0.01187   0.00000   0.00853   0.00000   0.00000   0.00000   0.00000   0.00000   0.00000   0.00000   0.00466   0.00000   0.00000   0.00240   0.00000   0.00000   0.01229   0.00000   0.00523   0.00132   0.00000   0.00000   0.00000   0.00399   0.32811   1.34021   1.50752   0.95978   1.00000   1.41068   0.02843   0.00010  
 44 481.4016   1304.784754  x:  0.38046   0.00000   0.00412   0.03142   0.02577   0.00000   0.00000   0.00000   0.00000   0.00000   0.00000   0.00000   0.00722   0.00000   0.00000   0.00000   0.00000   0.00000   0.00000   0.00000   0.00872   0.00000   0.00000   0.01280   0.00000   0.00434   0.00000   0.00000   0.00000   0.00000   0.00000   0.00000   0.00000   0.00521   0.00000   0.00000   0.00199   0.00000   0.00000   0.01079   0.00000   0.00733   0.00125   0.00000   0.00000   0.00000   0.00492   0.33698   1.34680   1.49741   0.94713   1.00000   1.42619   0.01308   0.00010  
 45 339.6919   1304.010532  x:  0.38767   0.00000   0.00499   0.02495   0.02731   0.00000   0.00000   0.00000   0.00000   0.00000   0.00000   0.00000   0.00782   0.00000   0.00000   0.00000   0.00000   0.00000   0.00000   0.00000   0.00801   0.00000   0.00000   0.01271   0.00000   0.00583   0.00000   0.00000   0.00000   0.00000   0.00000   0.00000   0.00000   0.00504   0.00000   0.00000   0.00179   0.00000   0.00000   0.01014   0.00000   0.00798   0.00122   0.00000   0.00000   0.00000   0.00449   0.34419   1.35237   1.48904   0.93661   1.00000   1.43929   0.00010   0.00010  
 46 494.5223   1303.821012  x:  0.39076   0.00000   0.00387   0.02315   0.02700   0.00000   0.00000   0.00000   0.00000   0.00000   0.00000   0.00000   0.00658   0.00000   0.00000   0.00000   0.00000   0.00000   0.00000   0.00000   0.00898   0.00000   0.00000   0.01088   0.00000   0.00619   0.00000   0.00000   0.00000   0.00000   0.00000   0.00000   0.00000   0.00538   0.00000   0.00000   0.00143   0.00000   0.00000   0.01229   0.00000   0.00675   0.00114   0.00000   0.00000   0.00000   0.00515   0.34728   1.35532   1.48487   0.93141   1.00000   1.44616   0.00010   0.00010  
 47 144.0074   1303.448980  x:  0.39566   0.00000   0.00584   0.02514   0.02392   0.00000   0.00000   0.00000   0.00000   0.00000   0.00000   0.00000   0.00773   0.00000   0.00000   0.00000   0.00000   0.00000   0.00000   0.00000   0.00785   0.00000   0.00000   0.00858   0.00000   0.00457   0.00000   0.00000   0.00000   0.00000   0.00000   0.00000   0.00000   0.00511   0.00000   0.00000   0.00109   0.00000   0.00000   0.01560   0.00000   0.00764   0.00103   0.00000   0.00000   0.00000   0.00421   0.35218   1.36194   1.47615   0.92086   1.00000   1.46119   0.00010   0.00010  
 48 118.4587   1302.401169  x:  0.40861   0.00000   0.00415   0.03402   0.01350   0.00000   0.00000   0.00000   0.00000   0.00000   0.00000   0.00000   0.01047   0.00000   0.00000   0.00000   0.00000   0.00000   0.00000   0.00000   0.00904   0.00000   0.00000   0.01290   0.00000   0.00823   0.00000   0.00000   0.00000   0.00000   0.00000   0.00000   0.00000   0.00491   0.00000   0.00000   0.00081   0.00000   0.00000   0.01912   0.00000   0.01034   0.00103   0.00000   0.00000   0.00000   0.00366   0.36513   1.38176   1.45052   0.89021   1.00000   1.50588   0.00010   0.00010  
 49 432.1822   1302.162314  x:  0.40999   0.00000   0.00392   0.03613   0.01147   0.00000   0.00000   0.00000   0.00000   0.00000   0.00000   0.00000   0.00955   0.00000   0.00000   0.00000   0.00000   0.00000   0.00000   0.00000   0.00917   0.00000   0.00000   0.01068   0.00000   0.00852   0.00000   0.00000   0.00000   0.00000   0.00000   0.00000   0.00000   0.00502   0.00000   0.00000   0.00054   0.00000   0.00000   0.01489   0.00000   0.00976   0.00096   0.00000   0.00000   0.00000   0.00391   0.36651   1.38631   1.44500   0.88418   1.00000   1.51569   0.00010   0.00010  
 50 147.7494   1298.308826  x:  0.34696   0.00000   0.00391   0.03478   0.00350   0.00000   0.00000   0.00000   0.00000   0.00000   0.00000   0.00000   0.00483   0.00000   0.00000   0.00000   0.00000   0.00000   0.00000   0.00000   0.00830   0.00000   0.00000   0.00801   0.00000   0.00741   0.00000   0.00000   0.00000   0.00000   0.00000   0.00000   0.00000   0.00500   0.00000   0.00000   0.00112   0.00000   0.00000   0.01149   0.00000   0.01086   0.00068   0.00000   0.00000   0.00000   0.00433   0.30348   1.49667   1.32936   0.79640   1.00000   1.72185   0.00010   0.00010  
 51 47.4024   1298.131397  x:  0.34382   0.00000   0.00386   0.03470   0.00308   0.00000   0.00000   0.00000   0.00000   0.00000   0.00000   0.00000   0.00775   0.00000   0.00000   0.00000   0.00000   0.00000   0.00000   0.00000   0.00835   0.00000   0.00000   0.00782   0.00000   0.00741   0.00000   0.00000   0.00000   0.00000   0.00000   0.00000   0.00000   0.00503   0.00000   0.00000   0.00115   0.00000   0.00000   0.01113   0.00000   0.00772   0.00067   0.00000   0.00000   0.00000   0.00441   0.30034   1.50286   1.32335   0.79236   1.00000   1.73356   0.00010   0.00010  
 52 283.0983   1296.486695  x:  0.36090   0.00000   0.00352   0.03639   0.00110   0.00000   0.00000   0.00000   0.00000   0.00000   0.00000   0.00000   0.00698   0.00000   0.00000   0.00000   0.00000   0.00000   0.00000   0.00000   0.00815   0.00000   0.00000   0.00604   0.00000   0.00739   0.00000   0.00000   0.00000   0.00000   0.00000   0.00000   0.00000   0.00484   0.00000   0.00000   0.00131   0.00000   0.00000   0.00986   0.00000   0.00746   0.00089   0.00000   0.00000   0.00000   0.00437   0.31742   1.56556   1.31963   0.85058   1.00000   1.87148   0.00010   0.00010  
 53 24.8030   1296.007033  x:  0.36910   0.00539   0.00335   0.03721   0.00016   0.00000   0.00000   0.00000   0.00000   0.00000   0.00000   0.00000   0.00661   0.00000   0.00000   0.00000   0.00000   0.00000   0.00000   0.00000   0.00805   0.00000   0.00000   0.00517   0.00000   0.00737   0.00000   0.00000   0.00000   0.00000   0.00000   0.00000   0.00000   0.00475   0.00000   0.00000   0.00140   0.00000   0.00000   0.00924   0.00000   0.00733   0.00100   0.00000   0.00000   0.00000   0.00435   0.32562   1.59589   1.31823   0.87847   1.00000   1.93840   0.00010   0.00010  
 54 3167.3778   1294.053219  x:  0.37239   0.00280   0.00319   0.03871   0.00149   0.00000   0.00000   0.00000   0.00000   0.00000   0.00000   0.00000   0.00661   0.00000   0.00000   0.00000   0.00000   0.00000   0.00000   0.00000   0.00770   0.00000   0.00000   0.00423   0.00000   0.00703   0.00000   0.00000   0.00000   0.00000   0.00000   0.00000   0.00000   0.00443   0.00000   0.00000   0.00151   0.00000   0.00000   0.00819   0.00000   0.00596   0.00129   0.00000   0.00000   0.00000   0.00459   0.32891   1.69122   1.46721   0.86107   1.00000   2.16679   0.00010   0.00010  
 55 29.3779   1293.261253  x:  0.34520   0.00086   0.00388   0.03511   0.00237   0.00000   0.00000   0.00000   0.00000   0.00000   0.00000   0.00000   0.00675   0.00000   0.00000   0.00000   0.00000   0.00000   0.00000   0.00000   0.00711   0.00000   0.00000   0.00742   0.00000   0.00613   0.00000   0.00000   0.00000   0.00000   0.00000   0.00000   0.00000   0.00421   0.00000   0.00000   0.00119   0.00000   0.00000   0.01019   0.00000   0.00567   0.00098   0.00000   0.00000   0.00000   0.00515   0.30173   1.74026   1.47944   0.89173   1.00000   2.29325   0.00010   0.00010  
 56  8.7887   1292.936586  x:  0.34615   0.00000   0.00390   0.03465   0.00277   0.00000   0.00000   0.00000   0.00000   0.00000   0.00000   0.00000   0.00671   0.00000   0.00000   0.00000   0.00000   0.00000   0.00000   0.00000   0.00700   0.00000   0.00000   0.00764   0.00000   0.00585   0.00000   0.00000   0.00000   0.00000   0.00000   0.00000   0.00000   0.00421   0.00000   0.00000   0.00120   0.00000   0.00000   0.01007   0.00000   0.00530   0.00104   0.00000   0.00000   0.00000   0.00517   0.30267   1.74425   1.47303   0.88703   1.00000   2.29944   0.00010   0.00010  
 57  1.8995   1292.553964  x:  0.33891   0.00000   0.00394   0.03329   0.00658   0.00000   0.00000   0.00000   0.00000   0.00000   0.00000   0.00000   0.00729   0.00000   0.00000   0.00000   0.00000   0.00000   0.00000   0.00000   0.00722   0.00000   0.00000   0.00773   0.00000   0.00547   0.00000   0.00000   0.00000   0.00000   0.00000   0.00000   0.00000   0.00452   0.00000   0.00000   0.00123   0.00000   0.00000   0.00952   0.00000   0.00446   0.00095   0.00000   0.00000   0.00000   0.00531   0.29543   1.76483   1.44211   0.87263   1.00000   2.33851   0.00010   0.00010  
 58  2.5848   1290.722863  x:  0.36817   0.00000   0.00462   0.02140   0.00702   0.00000   0.00000   0.00000   0.00000   0.00000   0.00000   0.00000   0.00521   0.00000   0.00000   0.00000   0.00000   0.00000   0.00000   0.00000   0.00480   0.00000   0.00000   0.00898   0.00000   0.00412   0.00000   0.00000   0.00000   0.00000   0.00000   0.00000   0.00000   0.00437   0.00000   0.00000   0.00152   0.00000   0.00000   0.01134   0.00000   0.00755   0.00149   0.00000   0.00000   0.00000   0.00528   0.32470   2.36275   1.40648   0.85648   1.00000   2.23728   0.00010   0.00010  
 59  1.5414   1290.117829  x:  0.36702   0.00000   0.00460   0.01680   0.00677   0.00000   0.00000   0.00000   0.00000   0.00000   0.00000   0.00000   0.00432   0.00000   0.00000   0.00000   0.00000   0.00000   0.00000   0.00000   0.00388   0.00000   0.00000   0.00924   0.00000   0.00433   0.00000   0.00000   0.00000   0.00000   0.00000   0.00000   0.00000   0.00418   0.00000   0.00000   0.00162   0.00000   0.00000   0.01204   0.00000   0.00809   0.00209   0.00000   0.00000   0.00000   0.00470   0.32355   2.08469   1.37560   0.83937   1.00000   2.39989   0.00010   0.00010  
 60  0.8718   1289.560472  x:  0.38417   0.00000   0.00442   0.02001   0.00560   0.00000   0.00000   0.00000   0.00000   0.00000   0.00000   0.00000   0.00426   0.00000   0.00000   0.00000   0.00000   0.00000   0.00000   0.00000   0.00550   0.00000   0.00000   0.00991   0.00000   0.00588   0.00000   0.00000   0.00000   0.00000   0.00000   0.00000   0.00000   0.00473   0.00000   0.00000   0.00215   0.00000   0.00000   0.00899   0.00000   0.00514   0.00241   0.00000   0.00000   0.00000   0.00476   0.34071   2.13089   1.36295   0.84269   1.00000   2.45134   0.00010   0.00010  
 61  0.0951   1289.560355  x:  0.38422   0.00000   0.00442   0.02002   0.00559   0.00000   0.00000   0.00000   0.00000   0.00000   0.00000   0.00000   0.00426   0.00000   0.00000   0.00000   0.00000   0.00000   0.00000   0.00000   0.00550   0.00000   0.00000   0.00991   0.00000   0.00589   0.00000   0.00000   0.00000   0.00000   0.00000   0.00000   0.00000   0.00473   0.00000   0.00000   0.00215   0.00000   0.00000   0.00899   0.00000   0.00513   0.00241   0.00000   0.00000   0.00000   0.00476   0.34076   2.13101   1.36292   0.84270   1.00000   2.45147   0.00010   0.00021  
 62  3.8576   1289.499920  x:  0.38269   0.00000   0.00448   0.01970   0.00543   0.00000   0.00000   0.00000   0.00000   0.00000   0.00000   0.00000   0.00437   0.00000   0.00000   0.00000   0.00000   0.00000   0.00000   0.00000   0.00535   0.00000   0.00000   0.00981   0.00000   0.00583   0.00000   0.00000   0.00000   0.00000   0.00000   0.00000   0.00000   0.00472   0.00000   0.00000   0.00220   0.00000   0.00000   0.00910   0.00000   0.00471   0.00250   0.00000   0.00000   0.00000   0.00474   0.33923   2.13979   1.36411   0.84350   1.00000   2.45144   0.00010   0.00010  
 63  0.0649   1289.499920  x:  0.38269   0.00000   0.00448   0.01970   0.00543   0.00000   0.00000   0.00000   0.00000   0.00000   0.00000   0.00000   0.00437   0.00000   0.00000   0.00000   0.00000   0.00000   0.00000   0.00000   0.00535   0.00000   0.00000   0.00981   0.00000   0.00583   0.00000   0.00000   0.00000   0.00000   0.00000   0.00000   0.00000   0.00472   0.00000   0.00000   0.00220   0.00000   0.00000   0.00910   0.00000   0.00471   0.00250   0.00000   0.00000   0.00000   0.00474   0.33923   2.13979   1.36411   0.84350   1.00000   2.45144   0.00010   0.00010  
 64  0.0416   1289.072551  x:  0.38267   0.00000   0.00462   0.01961   0.00515   0.00000   0.00000   0.00000   0.00000   0.00000   0.00000   0.00000   0.00455   0.00000   0.00000   0.00000   0.00000   0.00000   0.00000   0.00000   0.00510   0.00000   0.00000   0.00977   0.00000   0.00541   0.00000   0.00000   0.00000   0.00000   0.00000   0.00000   0.00000   0.00477   0.00000   0.00000   0.00498   0.00000   0.00000   0.00924   0.00000   0.00471   0.00470   0.00000   0.00000   0.00000   0.00472   0.33921   2.13979   1.36413   0.84349   1.00000   2.45144   0.00010   0.00011  
 65 313.6228   1289.055083  x:  0.38263   0.00000   0.00477   0.01942   0.00475   0.00000   0.00000   0.00000   0.00000   0.00000   0.00000   0.00000   0.00474   0.00000   0.00000   0.00000   0.00000   0.00000   0.00000   0.00000   0.00476   0.00000   0.00000   0.00970   0.00000   0.00479   0.00000   0.00000   0.00000   0.00000   0.00000   0.00000   0.00000   0.00482   0.00000   0.00000   0.00478   0.00000   0.00000   0.00948   0.00000   0.00472   0.00487   0.00000   0.00000   0.00000   0.00470   0.33917   2.13979   1.36417   0.84346   1.00000   2.45143   0.00010   0.00020  
 66 36.2408   1289.053226  x:  0.38252   0.00000   0.00471   0.01907   0.00478   0.00000   0.00000   0.00000   0.00000   0.00000   0.00000   0.00000   0.00465   0.00000   0.00000   0.00000   0.00000   0.00000   0.00000   0.00000   0.00481   0.00000   0.00000   0.00963   0.00000   0.00476   0.00000   0.00000   0.00000   0.00000   0.00000   0.00000   0.00000   0.00481   0.00000   0.00000   0.00481   0.00000   0.00000   0.00974   0.00000   0.00472   0.00483   0.00000   0.00000   0.00000   0.00471   0.33906   2.13981   1.36427   0.84340   1.00000   2.45141   0.00010   0.00026  
 67  7.7415   1289.052511  x:  0.38240   0.00000   0.00476   0.01886   0.00479   0.00000   0.00000   0.00000   0.00000   0.00000   0.00000   0.00000   0.00474   0.00000   0.00000   0.00000   0.00000   0.00000   0.00000   0.00000   0.00479   0.00000   0.00000   0.00963   0.00000   0.00485   0.00000   0.00000   0.00000   0.00000   0.00000   0.00000   0.00000   0.00482   0.00000   0.00000   0.00479   0.00000   0.00000   0.00973   0.00000   0.00472   0.00486   0.00000   0.00000   0.00000   0.00470   0.33894   2.13982   1.36439   0.84332   1.00000   2.45139   0.00010   0.00025  
 68  6.1364   1289.051260  x:  0.38201   0.00000   0.00473   0.01861   0.00477   0.00000   0.00000   0.00000   0.00000   0.00000   0.00000   0.00000   0.00467   0.00000   0.00000   0.00000   0.00000   0.00000   0.00000   0.00000   0.00478   0.00000   0.00000   0.00970   0.00000   0.00479   0.00000   0.00000   0.00000   0.00000   0.00000   0.00000   0.00000   0.00481   0.00000   0.00000   0.00479   0.00000   0.00000   0.00951   0.00000   0.00472   0.00485   0.00000   0.00000   0.00000   0.00471   0.33855   2.13987   1.36476   0.84309   1.00000   2.45132   0.00010   0.00018  
 69  6.9121   1289.047129  x:  0.38108   0.00000   0.00473   0.01865   0.00478   0.00000   0.00000   0.00000   0.00000   0.00000   0.00000   0.00000   0.00472   0.00000   0.00000   0.00000   0.00000   0.00000   0.00000   0.00000   0.00480   0.00000   0.00000   0.00968   0.00000   0.00476   0.00000   0.00000   0.00000   0.00000   0.00000   0.00000   0.00000   0.00480   0.00000   0.00000   0.00482   0.00000   0.00000   0.00953   0.00000   0.00471   0.00482   0.00000   0.00000   0.00000   0.00470   0.33762   2.13997   1.36565   0.84254   1.00000   2.45115   0.00010   0.00010  
 70 12.0637   1289.042953  x:  0.37939   0.00000   0.00474   0.01877   0.00471   0.00000   0.00000   0.00000   0.00000   0.00000   0.00000   0.00000   0.00450   0.00000   0.00000   0.00000   0.00000   0.00000   0.00000   0.00000   0.00470   0.00000   0.00000   0.00967   0.00000   0.00490   0.00000   0.00000   0.00000   0.00000   0.00000   0.00000   0.00000   0.00484   0.00000   0.00000   0.00470   0.00000   0.00000   0.00959   0.00000   0.00473   0.00499   0.00000   0.00000   0.00000   0.00474   0.33593   2.14017   1.36726   0.84156   1.00000   2.45085   0.00010   0.00015  
 71 91.2240   1289.042469  x:  0.37919   0.00000   0.00473   0.01878   0.00472   0.00000   0.00000   0.00000   0.00000   0.00000   0.00000   0.00000   0.00453   0.00000   0.00000   0.00000   0.00000   0.00000   0.00000   0.00000   0.00473   0.00000   0.00000   0.00972   0.00000   0.00490   0.00000   0.00000   0.00000   0.00000   0.00000   0.00000   0.00000   0.00485   0.00000   0.00000   0.00471   0.00000   0.00000   0.00956   0.00000   0.00473   0.00498   0.00000   0.00000   0.00000   0.00474   0.33573   2.14020   1.36746   0.84147   1.00000   2.45080   0.00010   0.00035  
 72  8.4308   1289.042454  x:  0.37918   0.00000   0.00475   0.01878   0.00472   0.00000   0.00000   0.00000   0.00000   0.00000   0.00000   0.00000   0.00452   0.00000   0.00000   0.00000   0.00000   0.00000   0.00000   0.00000   0.00472   0.00000   0.00000   0.00973   0.00000   0.00490   0.00000   0.00000   0.00000   0.00000   0.00000   0.00000   0.00000   0.00485   0.00000   0.00000   0.00472   0.00000   0.00000   0.00956   0.00000   0.00473   0.00497   0.00000   0.00000   0.00000   0.00474   0.33572   2.14021   1.36747   0.84148   1.00000   2.45078   0.00010   0.00035  
 73  0.8555   1289.042272  x:  0.37909   0.00000   0.00476   0.01878   0.00473   0.00000   0.00000   0.00000   0.00000   0.00000   0.00000   0.00000   0.00453   0.00000   0.00000   0.00000   0.00000   0.00000   0.00000   0.00000   0.00474   0.00000   0.00000   0.00981   0.00000   0.00489   0.00000   0.00000   0.00000   0.00000   0.00000   0.00000   0.00000   0.00487   0.00000   0.00000   0.00471   0.00000   0.00000   0.00959   0.00000   0.00476   0.00497   0.00000   0.00000   0.00000   0.00477   0.33563   2.14034   1.36777   0.84196   1.00000   2.45053   0.00010   0.00032  
 74  1.1507   1289.041670  x:  0.37878   0.00000   0.00472   0.01879   0.00472   0.00000   0.00000   0.00000   0.00000   0.00000   0.00000   0.00000   0.00453   0.00000   0.00000   0.00000   0.00000   0.00000   0.00000   0.00000   0.00471   0.00000   0.00000   0.00988   0.00000   0.00490   0.00000   0.00000   0.00000   0.00000   0.00000   0.00000   0.00000   0.00483   0.00000   0.00000   0.00471   0.00000   0.00000   0.00961   0.00000   0.00470   0.00498   0.00000   0.00000   0.00000   0.00471   0.33532   2.14078   1.36874   0.84355   1.00000   2.44965   0.00010   0.00028  
 75 18.4194   1289.041069  x:  0.37848   0.00000   0.00474   0.01878   0.00473   0.00000   0.00000   0.00000   0.00000   0.00000   0.00000   0.00000   0.00453   0.00000   0.00000   0.00000   0.00000   0.00000   0.00000   0.00000   0.00473   0.00000   0.00000   0.00973   0.00000   0.00490   0.00000   0.00000   0.00000   0.00000   0.00000   0.00000   0.00000   0.00484   0.00000   0.00000   0.00471   0.00000   0.00000   0.00956   0.00000   0.00473   0.00498   0.00000   0.00000   0.00000   0.00474   0.33502   2.14123   1.36971   0.84513   1.00000   2.44878   0.00010   0.00028  
 76 31.0532   1289.041062  x:  0.37848   0.00000   0.00474   0.01878   0.00472   0.00000   0.00000   0.00000   0.00000   0.00000   0.00000   0.00000   0.00453   0.00000   0.00000   0.00000   0.00000   0.00000   0.00000   0.00000   0.00472   0.00000   0.00000   0.00973   0.00000   0.00490   0.00000   0.00000   0.00000   0.00000   0.00000   0.00000   0.00000   0.00486   0.00000   0.00000   0.00471   0.00000   0.00000   0.00956   0.00000   0.00473   0.00497   0.00000   0.00000   0.00000   0.00474   0.33502   2.14124   1.36973   0.84514   1.00000   2.44875   0.00010   0.00028  
 77  0.7379   1289.040157  x:  0.37962   0.00000   0.00478   0.01880   0.00479   0.00000   0.00000   0.00000   0.00000   0.00000   0.00000   0.00000   0.00451   0.00000   0.00000   0.00000   0.00000   0.00000   0.00000   0.00000   0.00476   0.00000   0.00000   0.00973   0.00000   0.00487   0.00000   0.00000   0.00000   0.00000   0.00000   0.00000   0.00000   0.00488   0.00000   0.00000   0.00469   0.00000   0.00000   0.00957   0.00000   0.00473   0.00501   0.00000   0.00000   0.00000   0.00469   0.33616   2.14305   1.37263   0.84531   1.00000   2.44509   0.00010   0.00022  
 78  0.9986   1289.039706  x:  0.38018   0.00000   0.00474   0.01881   0.00473   0.00000   0.00000   0.00000   0.00000   0.00000   0.00000   0.00000   0.00454   0.00000   0.00000   0.00000   0.00000   0.00000   0.00000   0.00000   0.00473   0.00000   0.00000   0.00974   0.00000   0.00490   0.00000   0.00000   0.00000   0.00000   0.00000   0.00000   0.00000   0.00485   0.00000   0.00000   0.00472   0.00000   0.00000   0.00957   0.00000   0.00473   0.00497   0.00000   0.00000   0.00000   0.00474   0.33672   2.14395   1.37407   0.84539   1.00000   2.44327   0.00010   0.00019  
 79 75.9530   1289.039679  x:  0.38018   0.00000   0.00475   0.01881   0.00471   0.00000   0.00000   0.00000   0.00000   0.00000   0.00000   0.00000   0.00453   0.00000   0.00000   0.00000   0.00000   0.00000   0.00000   0.00000   0.00475   0.00000   0.00000   0.00974   0.00000   0.00490   0.00000   0.00000   0.00000   0.00000   0.00000   0.00000   0.00000   0.00486   0.00000   0.00000   0.00472   0.00000   0.00000   0.00957   0.00000   0.00475   0.00497   0.00000   0.00000   0.00000   0.00473   0.33672   2.14404   1.37406   0.84539   1.00000   2.44310   0.00010   0.00019  
 80  0.6060   1289.038401  x:  0.38013   0.00000   0.00475   0.01881   0.00471   0.00000   0.00000   0.00000   0.00000   0.00000   0.00000   0.00000   0.00454   0.00000   0.00000   0.00000   0.00000   0.00000   0.00000   0.00000   0.00475   0.00000   0.00000   0.00974   0.00000   0.00490   0.00000   0.00000   0.00000   0.00000   0.00000   0.00000   0.00000   0.00485   0.00000   0.00000   0.00472   0.00000   0.00000   0.00958   0.00000   0.00474   0.00497   0.00000   0.00000   0.00000   0.00473   0.33667   2.14622   1.37382   0.84529   1.00000   2.43888   0.00010   0.00010  
 81  7.9375   1289.038392  x:  0.38013   0.00000   0.00474   0.01881   0.00472   0.00000   0.00000   0.00000   0.00000   0.00000   0.00000   0.00000   0.00454   0.00000   0.00000   0.00000   0.00000   0.00000   0.00000   0.00000   0.00474   0.00000   0.00000   0.00974   0.00000   0.00490   0.00000   0.00000   0.00000   0.00000   0.00000   0.00000   0.00000   0.00485   0.00000   0.00000   0.00472   0.00000   0.00000   0.00958   0.00000   0.00476   0.00497   0.00000   0.00000   0.00000   0.00472   0.33667   2.14626   1.37381   0.84529   1.00000   2.43881   0.00010   0.00010  
 82  3.8126   1289.032895  x:  0.37866   0.00000   0.00475   0.01890   0.00475   0.00000   0.00000   0.00000   0.00000   0.00000   0.00000   0.00000   0.00464   0.00000   0.00000   0.00000   0.00000   0.00000   0.00000   0.00000   0.00477   0.00000   0.00000   0.00969   0.00000   0.00485   0.00000   0.00000   0.00000   0.00000   0.00000   0.00000   0.00000   0.00483   0.00000   0.00000   0.00475   0.00000   0.00000   0.00962   0.00000   0.00473   0.00487   0.00000   0.00000   0.00000   0.00471   0.33521   2.18972   1.37416   0.84366   1.00000   2.43915   0.00010   0.00010  
 83  0.0886   1289.031506  x:  0.37750   0.00000   0.00475   0.01895   0.00477   0.00000   0.00000   0.00000   0.00000   0.00000   0.00000   0.00000   0.00468   0.00000   0.00000   0.00000   0.00000   0.00000   0.00000   0.00000   0.00479   0.00000   0.00000   0.00967   0.00000   0.00482   0.00000   0.00000   0.00000   0.00000   0.00000   0.00000   0.00000   0.00482   0.00000   0.00000   0.00475   0.00000   0.00000   0.00965   0.00000   0.00472   0.00483   0.00000   0.00000   0.00000   0.00471   0.33406   2.17699   1.37419   0.84292   1.00000   2.42975   0.00010   0.00010  
 84  0.0502   1289.031279  x:  0.37704   0.00000   0.00475   0.01898   0.00478   0.00000   0.00000   0.00000   0.00000   0.00000   0.00000   0.00000   0.00471   0.00000   0.00000   0.00000   0.00000   0.00000   0.00000   0.00000   0.00480   0.00000   0.00000   0.00967   0.00000   0.00482   0.00000   0.00000   0.00000   0.00000   0.00000   0.00000   0.00000   0.00483   0.00000   0.00000   0.00475   0.00000   0.00000   0.00966   0.00000   0.00472   0.00481   0.00000   0.00000   0.00000   0.00471   0.33360   2.17202   1.37407   0.84249   1.00000   2.43403   0.00010   0.00010  
 85  0.0118   1289.031262  x:  0.37710   0.00000   0.00475   0.01899   0.00479   0.00000   0.00000   0.00000   0.00000   0.00000   0.00000   0.00000   0.00471   0.00000   0.00000   0.00000   0.00000   0.00000   0.00000   0.00000   0.00480   0.00000   0.00000   0.00968   0.00000   0.00482   0.00000   0.00000   0.00000   0.00000   0.00000   0.00000   0.00000   0.00482   0.00000   0.00000   0.00473   0.00000   0.00000   0.00967   0.00000   0.00473   0.00481   0.00000   0.00000   0.00000   0.00472   0.33366   2.17213   1.37380   0.84244   1.00000   2.43381   0.00010   0.00010  
 86  0.0003   1289.031260  x:  0.37710   0.00000   0.00475   0.01898   0.00479   0.00000   0.00000   0.00000   0.00000   0.00000   0.00000   0.00000   0.00471   0.00000   0.00000   0.00000   0.00000   0.00000   0.00000   0.00000   0.00480   0.00000   0.00000   0.00968   0.00000   0.00482   0.00000   0.00000   0.00000   0.00000   0.00000   0.00000   0.00000   0.00482   0.00000   0.00000   0.00473   0.00000   0.00000   0.00967   0.00000   0.00473   0.00480   0.00000   0.00000   0.00000   0.00472   0.33365   2.17218   1.37390   0.84248   1.00000   2.43383   0.00010   0.00010  
 87  0.0001   1289.031260  x:  0.37710   0.00000   0.00475   0.01898   0.00479   0.00000   0.00000   0.00000   0.00000   0.00000   0.00000   0.00000   0.00471   0.00000   0.00000   0.00000   0.00000   0.00000   0.00000   0.00000   0.00480   0.00000   0.00000   0.00967   0.00000   0.00482   0.00000   0.00000   0.00000   0.00000   0.00000   0.00000   0.00000   0.00482   0.00000   0.00000   0.00473   0.00000   0.00000   0.00967   0.00000   0.00473   0.00480   0.00000   0.00000   0.00000   0.00471   0.33365   2.17214   1.37388   0.84247   1.00000   2.43386   0.00010   0.00010  
 88  0.0000   1289.031260  x:  0.37710   0.00000   0.00475   0.01898   0.00479   0.00000   0.00000   0.00000   0.00000   0.00000   0.00000   0.00000   0.00471   0.00000   0.00000   0.00000   0.00000   0.00000   0.00000   0.00000   0.00480   0.00000   0.00000   0.00967   0.00000   0.00482   0.00000   0.00000   0.00000   0.00000   0.00000   0.00000   0.00000   0.00482   0.00000   0.00000   0.00473   0.00000   0.00000   0.00967   0.00000   0.00473   0.00480   0.00000   0.00000   0.00000   0.00471   0.33365   2.17214   1.37388   0.84247   1.00000   2.43386   0.00010   0.00010  
 89  0.0000   1289.031260  x:  0.37710   0.00000   0.00475   0.01898   0.00479   0.00000   0.00000   0.00000   0.00000   0.00000   0.00000   0.00000   0.00471   0.00000   0.00000   0.00000   0.00000   0.00000   0.00000   0.00000   0.00480   0.00000   0.00000   0.00967   0.00000   0.00482   0.00000   0.00000   0.00000   0.00000   0.00000   0.00000   0.00000   0.00482   0.00000   0.00000   0.00473   0.00000   0.00000   0.00967   0.00000   0.00473   0.00480   0.00000   0.00000   0.00000   0.00471   0.33365   2.17214   1.37388   0.84247   1.00000   2.43386   0.00010   0.00010  
 90  0.0000   1289.031260  x:  0.37710   0.00000   0.00475   0.01898   0.00479   0.00000   0.00000   0.00000   0.00000   0.00000   0.00000   0.00000   0.00471   0.00000   0.00000   0.00000   0.00000   0.00000   0.00000   0.00000   0.00480   0.00000   0.00000   0.00967   0.00000   0.00482   0.00000   0.00000   0.00000   0.00000   0.00000   0.00000   0.00000   0.00482   0.00000   0.00000   0.00473   0.00000   0.00000   0.00967   0.00000   0.00473   0.00480   0.00000   0.00000   0.00000   0.00471   0.33365   2.17214   1.37388   0.84247   1.00000   2.43386   0.00010   0.00010  
 91  0.0000   1289.031260  x:  0.37710   0.00000   0.00475   0.01898   0.00479   0.00000   0.00000   0.00000   0.00000   0.00000   0.00000   0.00000   0.00471   0.00000   0.00000   0.00000   0.00000   0.00000   0.00000   0.00000   0.00480   0.00000   0.00000   0.00967   0.00000   0.00482   0.00000   0.00000   0.00000   0.00000   0.00000   0.00000   0.00000   0.00482   0.00000   0.00000   0.00473   0.00000   0.00000   0.00967   0.00000   0.00473   0.00480   0.00000   0.00000   0.00000   0.00471   0.33365   2.17214   1.37388   0.84247   1.00000   2.43386   0.00010   0.00010  
check convergence!
