Supplemental results for CODEML (seqf: aln.phy  treef: tree.tre)


MLEs of dN/dS (w) for site classes (K=4)

site class             0        1       2a       2b
proportion       0.97573  0.01214  0.01199  0.00015
background w     0.24147  1.00000  0.24147  1.00000
foreground w     0.24147  1.00000 17.45737 17.45737

Naive Empirical Bayes (NEB) probabilities for 4 classes
(amino acids refer to 1st sequence: JF915746.1)

   1 M   0.99163 0.00793 0.00044 0.00000 ( 1)
   2 E   0.98999 0.00891 0.00108 0.00001 ( 1)
   3 M   0.99163 0.00793 0.00044 0.00000 ( 1)
   4 P   0.98991 0.00844 0.00164 0.00002 ( 1)
   5 P   0.98858 0.00930 0.00210 0.00002 ( 1)
   6 C   0.99301 0.00660 0.00039 0.00000 ( 1)
   7 A   0.99017 0.00844 0.00138 0.00001 ( 1)
   8 L   0.99481 0.00501 0.00017 0.00000 ( 1)
   9 G   0.98821 0.00951 0.00226 0.00002 ( 1)
  10 L   0.97451 0.02062 0.00483 0.00004 ( 1)
  11 F   0.99438 0.00545 0.00017 0.00000 ( 1)
  12 C   0.99120 0.00800 0.00080 0.00001 ( 1)
  13 F   0.99409 0.00573 0.00018 0.00000 ( 1)
  14 C   0.99278 0.00677 0.00045 0.00000 ( 1)
  15 S   0.99439 0.00541 0.00019 0.00000 ( 1)
  16 S   0.99312 0.00644 0.00043 0.00000 ( 1)
  17 C   0.99295 0.00666 0.00039 0.00000 ( 1)
  18 F   0.99464 0.00524 0.00012 0.00000 ( 1)
  19 C   0.99301 0.00660 0.00039 0.00000 ( 1)
  20 L   0.98736 0.00997 0.00264 0.00003 ( 1)
  21 C   0.99301 0.00660 0.00039 0.00000 ( 1)
  22 C   0.99301 0.00660 0.00039 0.00000 ( 1)
  23 P   0.99272 0.00663 0.00064 0.00001 ( 1)
  24 R   0.99213 0.00713 0.00074 0.00001 ( 1)
  25 H   0.99320 0.00655 0.00024 0.00000 ( 1)
  26 R   0.99036 0.00827 0.00136 0.00001 ( 1)
  27 P   0.89857 0.02781 0.07298 0.00064 ( 1)
  28 V   0.92748 0.02633 0.04580 0.00039 ( 1)
  29 S   0.05492 0.00868 0.92753 0.00887 ( 3)
  30 R   0.99019 0.00844 0.00136 0.00001 ( 1)
  31 L   0.99147 0.00773 0.00079 0.00001 ( 1)
  32 A   0.99212 0.00713 0.00075 0.00001 ( 1)
  33 V   0.97244 0.02714 0.00041 0.00001 ( 1)
  34 A   0.99212 0.00713 0.00075 0.00001 ( 1)
  35 A   0.99053 0.00823 0.00123 0.00001 ( 1)
  36 G   0.98982 0.00867 0.00149 0.00002 ( 1)
  37 G   0.98982 0.00867 0.00149 0.00002 ( 1)
  38 A   0.98674 0.01020 0.00303 0.00003 ( 1)
  39 A   0.99053 0.00823 0.00123 0.00001 ( 1)
  40 A   0.99053 0.00823 0.00123 0.00001 ( 1)
  41 V   0.98769 0.00974 0.00254 0.00003 ( 1)
  42 P   0.95539 0.02690 0.01755 0.00015 ( 1)
  43 A   0.86570 0.03093 0.10237 0.00100 ( 1)
  44 V   0.99138 0.00786 0.00076 0.00001 ( 1)
  45 V   0.99104 0.00809 0.00087 0.00001 ( 1)
  46 S   0.99297 0.00663 0.00040 0.00000 ( 1)
  47 G   0.98821 0.00951 0.00226 0.00002 ( 1)
  48 V   0.99138 0.00786 0.00076 0.00001 ( 1)
  49 T   0.99312 0.00662 0.00026 0.00000 ( 1)
  50 G   0.98814 0.00952 0.00231 0.00002 ( 1)
  51 L   0.99022 0.00872 0.00105 0.00001 ( 1)
  52 I   0.99076 0.00853 0.00070 0.00001 ( 1)
  53 L   0.99481 0.00501 0.00017 0.00000 ( 1)
  54 S   0.99147 0.00794 0.00058 0.00001 ( 1)
  55 P   0.99240 0.00690 0.00070 0.00001 ( 1)
  56 S   0.97348 0.02615 0.00036 0.00001 ( 1)
  57 P   0.99432 0.00534 0.00033 0.00000 ( 1)
  58 S   0.99481 0.00501 0.00017 0.00000 ( 1)
  59 P   0.99240 0.00690 0.00070 0.00001 ( 1)
  60 I   0.98929 0.00943 0.00127 0.00001 ( 1)
  61 F   0.99464 0.00524 0.00012 0.00000 ( 1)
  62 I   0.99237 0.00733 0.00029 0.00000 ( 1)
  63 Q   0.98684 0.01028 0.00285 0.00003 ( 1)
  64 P   0.98858 0.00930 0.00210 0.00002 ( 1)
  65 T   0.96930 0.03017 0.00051 0.00002 ( 1)
  66 P   0.99240 0.00690 0.00070 0.00001 ( 1)
  67 S   0.96835 0.03072 0.00089 0.00004 ( 1)
  68 H   0.99150 0.00793 0.00057 0.00001 ( 1)
  69 P   0.99272 0.00663 0.00064 0.00001 ( 1)
  70 T   0.98760 0.01004 0.00233 0.00003 ( 1)
  71 F   0.99447 0.00540 0.00014 0.00000 ( 1)
  72 Q   0.98684 0.01028 0.00285 0.00003 ( 1)
  73 P   0.99272 0.00663 0.00064 0.00001 ( 1)
  74 Q   0.98724 0.01021 0.00252 0.00003 ( 1)
  75 P   0.99272 0.00663 0.00064 0.00001 ( 1)
  76 G   0.98821 0.00951 0.00226 0.00002 ( 1)
  77 L   0.99147 0.00773 0.00079 0.00001 ( 1)
  78 E   0.98999 0.00891 0.00108 0.00001 ( 1)
  79 L   0.97937 0.02046 0.00017 0.00000 ( 1)
  80 A   0.99203 0.00727 0.00070 0.00001 ( 1)
  81 L   0.99481 0.00501 0.00017 0.00000 ( 1)
  82 G   0.87372 0.03169 0.09365 0.00094 ( 1)
  83 S   0.99147 0.00794 0.00058 0.00001 ( 1)
  84 Q   0.99076 0.00843 0.00079 0.00001 ( 1)
  85 P   0.99432 0.00534 0.00033 0.00000 ( 1)
  86 V   0.97247 0.02711 0.00041 0.00001 ( 1)
  87 H   0.99320 0.00655 0.00024 0.00000 ( 1)
  88 S   0.99324 0.00639 0.00037 0.00000 ( 1)
  89 A   0.99017 0.00844 0.00138 0.00001 ( 1)
  90 P   0.92993 0.02581 0.04388 0.00038 ( 1)
  91 L   0.97199 0.02753 0.00047 0.00002 ( 1)
  92 G   0.98982 0.00867 0.00149 0.00002 ( 1)
  93 A   0.87149 0.12695 0.00134 0.00022 ( 1)
  94 T   0.99312 0.00662 0.00026 0.00000 ( 1)
  95 N   0.98819 0.00990 0.00189 0.00002 ( 1)
  96 P   0.99432 0.00534 0.00033 0.00000 ( 1)
  97 S   0.99147 0.00794 0.00058 0.00001 ( 1)
  98 A   0.99212 0.00713 0.00075 0.00001 ( 1)
  99 P   0.99272 0.00663 0.00064 0.00001 ( 1)
 100 P   0.99272 0.00663 0.00064 0.00001 ( 1)
 101 L   0.97406 0.02544 0.00048 0.00002 ( 1)
 102 L   0.96991 0.02929 0.00077 0.00003 ( 1)
 103 P   0.95679 0.02126 0.02180 0.00016 ( 1)
 104 V   0.99290 0.00668 0.00042 0.00000 ( 1)
 105 V   0.99290 0.00668 0.00042 0.00000 ( 1)
 106 D   0.99142 0.00799 0.00058 0.00001 ( 1)
 107 L   0.99147 0.00773 0.00079 0.00001 ( 1)
 108 P   0.99432 0.00534 0.00033 0.00000 ( 1)
 109 Q   0.99076 0.00843 0.00079 0.00001 ( 1)
 110 L   0.96801 0.03119 0.00077 0.00003 ( 1)
 111 G   0.98821 0.00951 0.00226 0.00002 ( 1)
 112 L   0.99297 0.00663 0.00040 0.00000 ( 1)
 113 R   0.99213 0.00713 0.00074 0.00001 ( 1)
 114 R   0.99100 0.00782 0.00117 0.00001 ( 1)


lnL =  -765.859219

Bayes Empirical Bayes (BEB) probabilities for 4 classes (class)
(amino acids refer to 1st sequence: JF915746.1)

   1 M   0.90613 0.06571 0.02574 0.00242 ( 1)
   2 E   0.89321 0.07328 0.03045 0.00306 ( 1)
   3 M   0.90613 0.06571 0.02574 0.00242 ( 1)
   4 P   0.89729 0.06953 0.03024 0.00293 ( 1)
   5 P   0.88699 0.07619 0.03339 0.00343 ( 1)
   6 C   0.92125 0.05505 0.02187 0.00183 ( 1)
   7 A   0.89790 0.06958 0.02964 0.00288 ( 1)
   8 L   0.94002 0.04186 0.01693 0.00119 ( 1)
   9 G   0.88428 0.07770 0.03444 0.00359 ( 1)
  10 L   0.67658 0.16953 0.14390 0.00999 ( 1)
  11 F   0.93470 0.04553 0.01843 0.00134 ( 1)
  12 C   0.90437 0.06618 0.02691 0.00254 ( 1)
  13 F   0.93223 0.04787 0.01848 0.00142 ( 1)
  14 C   0.91842 0.05632 0.02331 0.00195 ( 1)
  15 S   0.93471 0.04519 0.01874 0.00136 ( 1)
  16 S   0.92272 0.05369 0.02180 0.00179 ( 1)
  17 C   0.92069 0.05552 0.02193 0.00185 ( 1)
  18 F   0.93808 0.04383 0.01686 0.00123 ( 1)
  19 C   0.92125 0.05505 0.02187 0.00183 ( 1)
  20 L   0.87836 0.08116 0.03656 0.00392 ( 1)
  21 C   0.92125 0.05505 0.02187 0.00183 ( 1)
  22 C   0.92125 0.05505 0.02187 0.00183 ( 1)
  23 P   0.91977 0.05521 0.02309 0.00193 ( 1)
  24 R   0.91392 0.05920 0.02472 0.00216 ( 1)
  25 H   0.92262 0.05469 0.02094 0.00175 ( 1)
  26 R   0.89984 0.06825 0.02912 0.00279 ( 1)
  27 P   0.51789 0.18063 0.27936 0.02212 ( 1)
  28 V   0.56485 0.18274 0.23394 0.01847 ( 1)
  29 S   0.05582 0.10079 0.77893 0.06446 ( 3)
  30 R   0.89792 0.06959 0.02962 0.00287 ( 1)
  31 L   0.90720 0.06404 0.02634 0.00243 ( 1)
  32 A   0.91390 0.05920 0.02474 0.00216 ( 1)
  33 V   0.73386 0.24059 0.01705 0.00850 ( 1)
  34 A   0.91390 0.05920 0.02474 0.00216 ( 1)
  35 A   0.90058 0.06792 0.02875 0.00275 ( 1)
  36 G   0.89498 0.07137 0.03063 0.00302 ( 1)
  37 G   0.89498 0.07137 0.03063 0.00302 ( 1)
  38 A   0.87554 0.08286 0.03752 0.00408 ( 1)
  39 A   0.90058 0.06792 0.02875 0.00275 ( 1)
  40 A   0.90058 0.06792 0.02875 0.00275 ( 1)
  41 V   0.88330 0.07964 0.03344 0.00361 ( 1)
  42 P   0.59166 0.19024 0.20209 0.01601 ( 1)
  43 A   0.48163 0.19110 0.30090 0.02637 ( 1)
  44 V   0.90603 0.06507 0.02644 0.00246 ( 1)
  45 V   0.90316 0.06689 0.02736 0.00259 ( 1)
  46 S   0.92097 0.05528 0.02191 0.00184 ( 1)
  47 G   0.88428 0.07770 0.03444 0.00359 ( 1)
  48 V   0.90603 0.06507 0.02644 0.00246 ( 1)
  49 T   0.92175 0.05525 0.02121 0.00179 ( 1)
  50 G   0.88405 0.07776 0.03459 0.00360 ( 1)
  51 L   0.89529 0.07176 0.02997 0.00297 ( 1)
  52 I   0.89844 0.07035 0.02841 0.00279 ( 1)
  53 L   0.94002 0.04186 0.01693 0.00119 ( 1)
  54 S   0.90558 0.06580 0.02617 0.00246 ( 1)
  55 P   0.91671 0.05737 0.02388 0.00205 ( 1)
  56 S   0.74055 0.23498 0.01640 0.00807 ( 1)
  57 P   0.93510 0.04448 0.01903 0.00138 ( 1)
  58 S   0.94002 0.04186 0.01693 0.00119 ( 1)
  59 P   0.91671 0.05737 0.02388 0.00205 ( 1)
  60 I   0.88675 0.07716 0.03270 0.00340 ( 1)
  61 F   0.93808 0.04383 0.01686 0.00123 ( 1)
  62 I   0.91376 0.06099 0.02316 0.00209 ( 1)
  63 Q   0.87445 0.08344 0.03797 0.00414 ( 1)
  64 P   0.88699 0.07619 0.03339 0.00343 ( 1)
  65 T   0.71315 0.25664 0.02017 0.01004 ( 1)
  66 P   0.91671 0.05737 0.02388 0.00205 ( 1)
  67 S   0.71150 0.26001 0.01854 0.00994 ( 1)
  68 H   0.90569 0.06566 0.02620 0.00245 ( 1)
  69 P   0.91977 0.05521 0.02309 0.00193 ( 1)
  70 T   0.87794 0.08168 0.03646 0.00392 ( 1)
  71 F   0.93638 0.04512 0.01722 0.00128 ( 1)
  72 Q   0.87445 0.08344 0.03797 0.00414 ( 1)
  73 P   0.91977 0.05521 0.02309 0.00193 ( 1)
  74 Q   0.87599 0.08294 0.03703 0.00404 ( 1)
  75 P   0.91977 0.05521 0.02309 0.00193 ( 1)
  76 G   0.88428 0.07770 0.03444 0.00359 ( 1)
  77 L   0.90720 0.06404 0.02634 0.00243 ( 1)
  78 E   0.89321 0.07328 0.03045 0.00306 ( 1)
  79 L   0.78105 0.19933 0.01361 0.00602 ( 1)
  80 A   0.91193 0.06030 0.02554 0.00223 ( 1)
  81 L   0.94002 0.04186 0.01693 0.00119 ( 1)
  82 G   0.49023 0.19712 0.28666 0.02598 ( 1)
  83 S   0.90558 0.06580 0.02617 0.00246 ( 1)
  84 Q   0.89931 0.06962 0.02831 0.00276 ( 1)
  85 P   0.93510 0.04448 0.01903 0.00138 ( 1)
  86 V   0.73401 0.24044 0.01706 0.00849 ( 1)
  87 H   0.92262 0.05469 0.02094 0.00175 ( 1)
  88 S   0.92376 0.05328 0.02122 0.00174 ( 1)
  89 A   0.89790 0.06958 0.02964 0.00288 ( 1)
  90 P   0.57457 0.18228 0.22541 0.01774 ( 1)
  91 L   0.73144 0.24282 0.01712 0.00863 ( 1)
  92 G   0.89498 0.07137 0.03063 0.00302 ( 1)
  93 A   0.39884 0.56343 0.01274 0.02499 ( 2)
  94 T   0.92175 0.05525 0.02121 0.00179 ( 1)
  95 N   0.88021 0.08062 0.03539 0.00378 ( 1)
  96 P   0.93510 0.04448 0.01903 0.00138 ( 1)
  97 S   0.90558 0.06580 0.02617 0.00246 ( 1)
  98 A   0.91390 0.05920 0.02474 0.00216 ( 1)
  99 P   0.91977 0.05521 0.02309 0.00193 ( 1)
 100 P   0.91977 0.05521 0.02309 0.00193 ( 1)
 101 L   0.74461 0.23056 0.01672 0.00811 ( 1)
 102 L   0.72004 0.25213 0.01818 0.00965 ( 1)
 103 P   0.63583 0.16555 0.18563 0.01299 ( 1)
 104 V   0.92027 0.05566 0.02219 0.00187 ( 1)
 105 V   0.92027 0.05566 0.02219 0.00187 ( 1)
 106 D   0.90518 0.06619 0.02615 0.00247 ( 1)
 107 L   0.90720 0.06404 0.02634 0.00243 ( 1)
 108 P   0.93510 0.04448 0.01903 0.00138 ( 1)
 109 Q   0.89931 0.06962 0.02831 0.00276 ( 1)
 110 L   0.70780 0.26205 0.01978 0.01036 ( 1)
 111 G   0.88428 0.07770 0.03444 0.00359 ( 1)
 112 L   0.92097 0.05528 0.02191 0.00184 ( 1)
 113 R   0.91392 0.05920 0.02472 0.00216 ( 1)
 114 R   0.90580 0.06472 0.02696 0.00252 ( 1)

