

TREE # 1

  0  0.0000    818.575716  x:  0.00821   0.00661   0.04527   0.11814   0.03498   0.04054   0.00157   0.00258   0.00557   0.00000   0.01193   0.00289   0.01155   0.01048   0.00033   0.00973   0.00328   0.00104   0.00181   0.00356   0.00898   0.00159   0.00200   0.00044   0.00892   0.00204   0.01911   0.03044   0.02676   0.00521   0.00282   0.02419   0.00725   0.00854   0.01155   0.01863   0.00035   0.02945   0.02834   0.00375   0.00357   0.01199   1.16344   0.73112   1.36337   0.37154   1.05000   0.01016   0.28713   2.33761  
  1 99.0000    818.573943  x:  0.00821   0.00661   0.04527   0.11814   0.03498   0.04054   0.00157   0.00258   0.00557   0.00000   0.01193   0.00289   0.01155   0.01048   0.00033   0.00973   0.00328   0.00104   0.00181   0.00356   0.00898   0.00159   0.00200   0.00044   0.00892   0.00204   0.01911   0.03044   0.02676   0.00521   0.00282   0.02419   0.00725   0.00854   0.01155   0.01863   0.00035   0.02945   0.02834   0.00375   0.00357   0.01199   1.16344   0.73112   1.36337   0.37154   1.05000   0.01016   0.28713   2.33761  
  2 492.4556    817.929406  x:  0.00824   0.00669   0.04523   0.11817   0.03494   0.04058   0.00150   0.00239   0.00525   0.00000   0.01187   0.00256   0.01150   0.01045   0.00000   0.00972   0.00295   0.00071   0.00148   0.00323   0.00898   0.00126   0.00168   0.00012   0.00892   0.00172   0.01910   0.03041   0.02677   0.00488   0.00250   0.02412   0.00728   0.00822   0.01165   0.01863   0.00003   0.02944   0.02833   0.00342   0.00324   0.01207   1.16351   0.73123   1.36333   0.37159   1.05001   0.01015   0.28709   2.33760  
  3 9007.6771    817.929406  x:  0.00824   0.00669   0.04523   0.11817   0.03494   0.04058   0.00150   0.00239   0.00525   0.00000   0.01187   0.00256   0.01150   0.01045   0.00000   0.00972   0.00295   0.00071   0.00148   0.00323   0.00898   0.00126   0.00168   0.00012   0.00892   0.00172   0.01910   0.03041   0.02677   0.00488   0.00250   0.02412   0.00728   0.00822   0.01165   0.01863   0.00003   0.02944   0.02833   0.00342   0.00324   0.01207   1.16351   0.73123   1.36333   0.37159   1.05001   0.01015   0.28709   2.33760  
  4 3827041.1853    817.879049  x:  0.00824   0.00671   0.04523   0.11817   0.03494   0.04058   0.00151   0.00238   0.00522   0.00000   0.01186   0.00254   0.01149   0.01045   0.00000   0.00972   0.00293   0.00069   0.00146   0.00321   0.00898   0.00124   0.00165   0.00009   0.00892   0.00169   0.01910   0.03041   0.02677   0.00486   0.00247   0.02412   0.00729   0.00819   0.01167   0.01863   0.00000   0.02944   0.02833   0.00340   0.00322   0.01208   1.16352   0.73124   1.36332   0.37159   1.05001   0.01015   0.28709   2.33760  
  5 467.5552    817.725129  x:  0.00825   0.00673   0.04522   0.11818   0.03493   0.04059   0.00149   0.00233   0.00513   0.00000   0.01185   0.00245   0.01148   0.01044   0.00000   0.00971   0.00284   0.00060   0.00137   0.00312   0.00899   0.00115   0.00156   0.00000   0.00892   0.00160   0.01910   0.03040   0.02677   0.00477   0.00239   0.02410   0.00730   0.00811   0.01169   0.01863   0.00000   0.02943   0.02833   0.00331   0.00313   0.01210   1.16354   0.73127   1.36331   0.37160   1.05002   0.01015   0.28708   2.33760  
  6 7428.3979    816.745904  x:  0.00831   0.00687   0.04515   0.11825   0.03485   0.04065   0.00138   0.00201   0.00454   0.00000   0.01174   0.00186   0.01139   0.01039   0.00000   0.00969   0.00224   0.00000   0.00078   0.00253   0.00899   0.00055   0.00097   0.00000   0.00893   0.00101   0.01907   0.03035   0.02678   0.00418   0.00180   0.02398   0.00735   0.00752   0.01185   0.01861   0.00000   0.02939   0.02831   0.00272   0.00253   0.01226   1.16368   0.73148   1.36324   0.37170   1.05004   0.01014   0.28701   2.33759  
  7 1621568.1000    815.898088  x:  0.00837   0.00699   0.04509   0.11831   0.03480   0.04071   0.00129   0.00172   0.00399   0.00000   0.01163   0.00131   0.01129   0.01034   0.00000   0.00966   0.00169   0.00000   0.00022   0.00198   0.00899   0.00000   0.00042   0.00000   0.00893   0.00046   0.01905   0.03030   0.02680   0.00363   0.00125   0.02385   0.00738   0.00697   0.01200   0.01861   0.00000   0.02938   0.02827   0.00217   0.00198   0.01242   1.16382   0.73168   1.36318   0.37177   1.05006   0.01013   0.28694   2.33759  
  8 269653.4800    815.588651  x:  0.00839   0.00704   0.04507   0.11834   0.03479   0.04073   0.00122   0.00164   0.00377   0.00000   0.01161   0.00109   0.01128   0.01034   0.00000   0.00966   0.00147   0.00000   0.00000   0.00176   0.00899   0.00000   0.00020   0.00000   0.00893   0.00023   0.01904   0.03028   0.02680   0.00341   0.00103   0.02380   0.00743   0.00675   0.01203   0.01860   0.00000   0.02937   0.02825   0.00195   0.00176   0.01245   1.16387   0.73176   1.36315   0.37180   1.05006   0.01012   0.28690   2.33759  
  9 15863.5627    815.335718  x:  0.00840   0.00708   0.04505   0.11836   0.03476   0.04074   0.00115   0.00162   0.00358   0.00000   0.01162   0.00090   0.01129   0.01034   0.00000   0.00966   0.00128   0.00000   0.00000   0.00156   0.00899   0.00000   0.00000   0.00000   0.00893   0.00003   0.01904   0.03027   0.02680   0.00322   0.00084   0.02378   0.00743   0.00656   0.01212   0.01860   0.00000   0.02936   0.02825   0.00175   0.00157   0.01248   1.16392   0.73184   1.36313   0.37182   1.05007   0.01012   0.28687   2.33758  
 10 12159.7950    815.304770  x:  0.00840   0.00708   0.04504   0.11836   0.03475   0.04074   0.00113   0.00162   0.00355   0.00000   0.01162   0.00087   0.01128   0.01033   0.00000   0.00965   0.00125   0.00000   0.00000   0.00153   0.00899   0.00000   0.00000   0.00000   0.00893   0.00000   0.01904   0.03027   0.02680   0.00319   0.00081   0.02378   0.00744   0.00653   0.01212   0.01860   0.00000   0.02936   0.02825   0.00172   0.00154   0.01249   1.16393   0.73185   1.36313   0.37182   1.05007   0.01012   0.28687   2.33758  
 11 5354.2749    814.432396  x:  0.00844   0.00736   0.04501   0.11843   0.03436   0.04078   0.00058   0.00166   0.00275   0.00000   0.01146   0.00006   0.01113   0.01024   0.00000   0.00962   0.00043   0.00000   0.00000   0.00070   0.00900   0.00000   0.00000   0.00000   0.00893   0.00000   0.01903   0.03026   0.02680   0.00238   0.00000   0.02379   0.00744   0.00573   0.01226   0.01859   0.00000   0.02947   0.02813   0.00091   0.00073   0.01278   1.16413   0.73211   1.36305   0.37188   1.05010   0.01011   0.28672   2.33758  
 12 20811.4467    814.375429  x:  0.00845   0.00738   0.04501   0.11843   0.03433   0.04079   0.00054   0.00166   0.00269   0.00000   0.01145   0.00000   0.01113   0.01024   0.00000   0.00962   0.00037   0.00000   0.00000   0.00064   0.00900   0.00000   0.00000   0.00000   0.00893   0.00000   0.01903   0.03026   0.02680   0.00232   0.00000   0.02379   0.00744   0.00567   0.01227   0.01859   0.00000   0.02948   0.02812   0.00085   0.00067   0.01280   1.16414   0.73213   1.36305   0.37189   1.05010   0.01011   0.28671   2.33757  
 13 409778.5596    814.062109  x:  0.00847   0.00748   0.04500   0.11846   0.03418   0.04081   0.00034   0.00167   0.00233   0.00000   0.01137   0.00000   0.01106   0.01024   0.00000   0.00964   0.00000   0.00000   0.00000   0.00027   0.00900   0.00000   0.00000   0.00000   0.00891   0.00000   0.01902   0.03026   0.02680   0.00195   0.00000   0.02381   0.00747   0.00530   0.01236   0.01859   0.00000   0.02954   0.02805   0.00048   0.00030   0.01293   1.16423   0.73225   1.36301   0.37192   1.05012   0.01010   0.28664   2.33757  
 14 27300.5551    813.874278  x:  0.00849   0.00754   0.04499   0.11847   0.03411   0.04083   0.00022   0.00167   0.00208   0.00000   0.01135   0.00000   0.01104   0.01021   0.00000   0.00961   0.00000   0.00000   0.00000   0.00000   0.00900   0.00000   0.00000   0.00000   0.00894   0.00000   0.01901   0.03026   0.02681   0.00169   0.00000   0.02380   0.00748   0.00505   0.01240   0.01858   0.00000   0.02959   0.02800   0.00022   0.00004   0.01300   1.16430   0.73234   1.36299   0.37194   1.05012   0.01010   0.28659   2.33757  
 15 8906.3427    813.852622  x:  0.00850   0.00755   0.04499   0.11847   0.03411   0.04083   0.00020   0.00167   0.00204   0.00000   0.01135   0.00000   0.01104   0.01020   0.00000   0.00961   0.00000   0.00000   0.00000   0.00000   0.00900   0.00000   0.00000   0.00000   0.00893   0.00000   0.01902   0.03026   0.02681   0.00166   0.00000   0.02379   0.00748   0.00501   0.01240   0.01858   0.00000   0.02959   0.02799   0.00019   0.00000   0.01301   1.16431   0.73235   1.36298   0.37194   1.05013   0.01010   0.28659   2.33757  
 16 3218.1669    813.764203  x:  0.00849   0.00758   0.04497   0.11849   0.03412   0.04083   0.00010   0.00173   0.00186   0.00000   0.01131   0.00000   0.01100   0.01021   0.00000   0.00963   0.00000   0.00000   0.00000   0.00000   0.00900   0.00000   0.00000   0.00000   0.00897   0.00000   0.01903   0.03024   0.02682   0.00147   0.00000   0.02373   0.00748   0.00483   0.01242   0.01859   0.00000   0.02958   0.02800   0.00000   0.00000   0.01305   1.16435   0.73241   1.36297   0.37194   1.05013   0.01009   0.28655   2.33757  
 17 1521.5574    813.673439  x:  0.00846   0.00761   0.04495   0.11853   0.03411   0.04080   0.00000   0.00181   0.00161   0.00000   0.01126   0.00000   0.01099   0.01023   0.00000   0.00958   0.00000   0.00000   0.00000   0.00000   0.00900   0.00000   0.00000   0.00000   0.00895   0.00000   0.01902   0.03023   0.02681   0.00121   0.00000   0.02373   0.00749   0.00458   0.01245   0.01859   0.00000   0.02962   0.02797   0.00000   0.00000   0.01306   1.16442   0.73249   1.36295   0.37192   1.05014   0.01009   0.28649   2.33756  
 18 888.8663    813.673439  x:  0.00846   0.00761   0.04495   0.11853   0.03411   0.04080   0.00000   0.00181   0.00161   0.00000   0.01126   0.00000   0.01099   0.01023   0.00000   0.00958   0.00000   0.00000   0.00000   0.00000   0.00900   0.00000   0.00000   0.00000   0.00895   0.00000   0.01902   0.03023   0.02681   0.00121   0.00000   0.02373   0.00749   0.00458   0.01245   0.01859   0.00000   0.02962   0.02797   0.00000   0.00000   0.01306   1.16442   0.73249   1.36295   0.37192   1.05014   0.01009   0.28649   2.33756  
 19 9308.6464    813.019394  x:  0.00861   0.00891   0.04482   0.11866   0.03396   0.04094   0.00032   0.00145   0.00040   0.00000   0.01103   0.00000   0.01079   0.01010   0.00000   0.00952   0.00000   0.00000   0.00000   0.00000   0.00902   0.00000   0.00000   0.00000   0.00897   0.00000   0.01897   0.03012   0.02684   0.00000   0.00000   0.02346   0.00775   0.00337   0.01301   0.01857   0.00000   0.02958   0.02789   0.00000   0.00000   0.01343   1.16471   0.73292   1.36281   0.37210   1.05018   0.01007   0.28634   2.33755  
 20 248.0486    812.888130  x:  0.00864   0.00903   0.04478   0.11871   0.03391   0.04098   0.00021   0.00122   0.00000   0.00000   0.01097   0.00000   0.01074   0.01007   0.00000   0.00950   0.00000   0.00000   0.00000   0.00000   0.00902   0.00000   0.00000   0.00000   0.00897   0.00000   0.01896   0.03009   0.02685   0.00000   0.00000   0.02338   0.00779   0.00298   0.01312   0.01856   0.00000   0.02955   0.02788   0.00000   0.00000   0.01351   1.16480   0.73306   1.36276   0.37216   1.05020   0.01006   0.28629   2.33755  
 21 746.6877    812.582798  x:  0.00875   0.00939   0.04464   0.11885   0.03356   0.04109   0.00000   0.00044   0.00000   0.00000   0.01087   0.00000   0.01066   0.01003   0.00000   0.00949   0.00000   0.00000   0.00000   0.00000   0.00902   0.00000   0.00000   0.00000   0.00897   0.00000   0.01892   0.03000   0.02687   0.00000   0.00000   0.02316   0.00777   0.00151   0.01321   0.01855   0.00000   0.02935   0.02798   0.00000   0.00000   0.01406   1.16516   0.73356   1.36260   0.37238   1.05025   0.01003   0.28611   2.33753  
 22 2000.5566    812.582798  x:  0.00875   0.00939   0.04464   0.11885   0.03356   0.04109   0.00000   0.00044   0.00000   0.00000   0.01087   0.00000   0.01066   0.01003   0.00000   0.00949   0.00000   0.00000   0.00000   0.00000   0.00902   0.00000   0.00000   0.00000   0.00897   0.00000   0.01892   0.03000   0.02687   0.00000   0.00000   0.02316   0.00777   0.00151   0.01321   0.01855   0.00000   0.02935   0.02798   0.00000   0.00000   0.01406   1.16516   0.73356   1.36260   0.37238   1.05025   0.01003   0.28611   2.33753  
 23 3292.6163    812.295785  x:  0.00887   0.01027   0.04453   0.11897   0.03340   0.04121   0.00009   0.00000   0.00000   0.00000   0.01070   0.00000   0.01051   0.00994   0.00000   0.00944   0.00000   0.00000   0.00000   0.00000   0.00903   0.00000   0.00000   0.00000   0.00899   0.00000   0.01888   0.02991   0.02690   0.00000   0.00000   0.02294   0.00795   0.00043   0.01362   0.01853   0.00000   0.02928   0.02795   0.00000   0.00000   0.01436   1.16542   0.73394   1.36247   0.37254   1.05029   0.01001   0.28597   2.33752  
 24 173.2217    812.253999  x:  0.00889   0.01030   0.04450   0.11899   0.03336   0.04123   0.00000   0.00000   0.00000   0.00000   0.01068   0.00000   0.01049   0.00993   0.00000   0.00944   0.00000   0.00000   0.00000   0.00000   0.00903   0.00000   0.00000   0.00000   0.00899   0.00000   0.01888   0.02989   0.02690   0.00000   0.00000   0.02290   0.00796   0.00019   0.01366   0.01853   0.00000   0.02926   0.02796   0.00000   0.00000   0.01441   1.16548   0.73402   1.36244   0.37258   1.05030   0.01001   0.28594   2.33752  
 25 434.5407    812.221399  x:  0.00890   0.01033   0.04449   0.11901   0.03333   0.04124   0.00000   0.00000   0.00000   0.00000   0.01066   0.00000   0.01047   0.00992   0.00000   0.00943   0.00000   0.00000   0.00000   0.00000   0.00903   0.00000   0.00000   0.00000   0.00899   0.00000   0.01887   0.02988   0.02690   0.00000   0.00000   0.02287   0.00796   0.00000   0.01369   0.01852   0.00000   0.02924   0.02796   0.00000   0.00000   0.01445   1.16552   0.73408   1.36242   0.37260   1.05030   0.01001   0.28592   2.33752  
 26 66141.4630    811.159266  x:  0.01087   0.01391   0.03978   0.12397   0.02596   0.04321   0.00000   0.00000   0.00000   0.00000   0.01136   0.00000   0.01117   0.01030   0.00000   0.00946   0.00000   0.00000   0.00000   0.00000   0.00887   0.00000   0.00000   0.00000   0.00886   0.00000   0.01846   0.02805   0.02698   0.00000   0.00000   0.01925   0.01054   0.00000   0.01252   0.01831   0.00000   0.02887   0.02593   0.00000   0.00000   0.00679   1.17937   0.75339   1.35596   0.38106   1.05239   0.00895   0.27885   2.33690  
 27 115.9862    808.342037  x:  0.01424   0.00644   0.02638   0.13904   0.01351   0.04658   0.00000   0.00000   0.00000   0.00000   0.01353   0.00000   0.01294   0.01076   0.00000   0.00929   0.00000   0.00000   0.00000   0.00000   0.00878   0.00000   0.00000   0.00000   0.00880   0.00000   0.01814   0.02498   0.02637   0.00000   0.00000   0.01544   0.01302   0.00000   0.01224   0.01803   0.00000   0.03226   0.01799   0.00000   0.00000   0.01110   1.22690   0.81853   1.33405   0.40964   1.05959   0.00529   0.25465   2.33479  
 28 270.9140    805.392366  x:  0.01410   0.00816   0.02296   0.15167   0.02101   0.04643   0.00000   0.00000   0.00000   0.00000   0.01292   0.00000   0.01236   0.01040   0.00000   0.00945   0.00000   0.00000   0.00000   0.00000   0.00856   0.00000   0.00000   0.00000   0.00869   0.00000   0.01838   0.02601   0.02545   0.00000   0.00000   0.02096   0.00294   0.00000   0.00986   0.01812   0.00000   0.03299   0.02269   0.00000   0.00000   0.01088   1.27690   0.88426   1.31220   0.43827   1.06727   0.00141   0.22913   2.33255  
 29 422.3951    804.321543  x:  0.01299   0.00847   0.02416   0.15502   0.02427   0.04532   0.00000   0.00000   0.00000   0.00000   0.01300   0.00000   0.01248   0.01060   0.00000   0.00963   0.00000   0.00000   0.00000   0.00000   0.00847   0.00000   0.00000   0.00000   0.00862   0.00000   0.01858   0.02710   0.02509   0.00000   0.00000   0.02381   0.00589   0.00000   0.00850   0.01823   0.00000   0.03296   0.02509   0.00000   0.00000   0.01161   1.29359   0.90539   1.30528   0.44741   1.06986   0.00010   0.22060   2.33180  
 30 913.8287    803.288077  x:  0.00588   0.00825   0.03643   0.15515   0.02184   0.03822   0.00000   0.00000   0.00000   0.00000   0.01585   0.00000   0.01538   0.01278   0.00000   0.00976   0.00000   0.00000   0.00000   0.00000   0.00871   0.00000   0.00000   0.00000   0.00870   0.00000   0.01906   0.03088   0.02489   0.00000   0.00000   0.02730   0.00561   0.00000   0.01614   0.01854   0.00000   0.03243   0.02473   0.00000   0.00000   0.01103   1.32260   0.93652   1.29609   0.46009   1.07456   0.00010   0.20567   2.33045  
 31 275.4018    802.529291  x:  0.00415   0.00748   0.04883   0.14535   0.02115   0.03649   0.00000   0.00000   0.00000   0.00000   0.01153   0.00000   0.01156   0.00871   0.00000   0.00764   0.00000   0.00000   0.00000   0.00000   0.00879   0.00000   0.00000   0.00000   0.00944   0.00000   0.01785   0.03194   0.02636   0.00000   0.00000   0.02138   0.00462   0.00000   0.01109   0.01830   0.00000   0.02948   0.01978   0.00000   0.00000   0.01119   1.34830   0.95366   1.29355   0.46468   1.07908   0.00010   0.19214   2.32922  
 32 105.0251    802.140864  x:  0.00569   0.00714   0.05341   0.13676   0.02136   0.03803   0.00000   0.00741   0.00000   0.00000   0.01112   0.00000   0.01107   0.01002   0.00000   0.00998   0.00000   0.00000   0.00000   0.00000   0.00848   0.00000   0.00000   0.00000   0.00854   0.00000   0.01772   0.03142   0.02660   0.00000   0.00000   0.01854   0.00432   0.00000   0.01000   0.01809   0.00000   0.02854   0.01946   0.00000   0.00000   0.01143   1.36482   0.96144   1.29361   0.46583   1.08210   0.00010   0.18342   2.32841  
 33 164.4628    801.071885  x:  0.01203   0.00789   0.05897   0.10712   0.02650   0.04437   0.00000   0.00665   0.00000   0.00000   0.01416   0.00000   0.01336   0.01345   0.00000   0.01079   0.00000   0.00000   0.00000   0.00000   0.00842   0.00000   0.00000   0.00000   0.00786   0.00000   0.01850   0.02789   0.02602   0.00000   0.00000   0.01635   0.00436   0.00000   0.01074   0.01766   0.00000   0.03542   0.01376   0.00000   0.00000   0.01208   1.41696   0.97979   1.29697   0.46608   1.09185   0.00010   0.15595   2.32580  
 34 173.2308    800.325711  x:  0.01120   0.00752   0.05499   0.08801   0.02303   0.04353   0.00000   0.00815   0.00000   0.00000   0.01312   0.00000   0.01206   0.00924   0.00000   0.00789   0.00000   0.00000   0.00000   0.00000   0.00909   0.00000   0.00000   0.00000   0.01042   0.00000   0.01840   0.02589   0.02574   0.00000   0.00000   0.02007   0.00464   0.00000   0.01184   0.01777   0.00000   0.04022   0.01903   0.00000   0.00000   0.01137   1.45749   0.98820   1.30254   0.46331   1.09962   0.00010   0.13482   2.32371  
 35 177.6167    799.746372  x:  0.00717   0.00759   0.04956   0.08040   0.02280   0.03951   0.00000   0.00649   0.00000   0.00000   0.01011   0.00000   0.00964   0.00960   0.00000   0.01244   0.00000   0.00000   0.00000   0.00000   0.00784   0.00000   0.00000   0.00000   0.00577   0.00000   0.01788   0.02696   0.02613   0.00000   0.00000   0.02053   0.00479   0.00000   0.01200   0.01764   0.00000   0.03956   0.01875   0.00000   0.00000   0.01108   1.49365   0.99142   1.30948   0.45914   1.10669   0.00010   0.11642   2.32179  
 36 157.3646    798.832897  x:  0.00157   0.00828   0.04060   0.07733   0.02669   0.03390   0.00000   0.00702   0.00000   0.00000   0.00963   0.00000   0.01024   0.01349   0.00000   0.01455   0.00000   0.00000   0.00000   0.00000   0.00883   0.00000   0.00000   0.00000   0.01294   0.00000   0.01748   0.02997   0.02672   0.00000   0.00000   0.01839   0.00509   0.00000   0.01210   0.01719   0.00000   0.03389   0.01559   0.00000   0.00000   0.01120   1.56177   0.99190   1.32497   0.44942   1.12019   0.00010   0.08252   2.31810  
 37 275.0317    796.987407  x:  0.00157   0.00808   0.03656   0.08515   0.02998   0.03391   0.00000   0.00863   0.00000   0.00000   0.01546   0.00000   0.01432   0.01118   0.00000   0.00599   0.00000   0.00000   0.00000   0.00000   0.00877   0.00000   0.00000   0.00000   0.00688   0.00000   0.01810   0.03382   0.02678   0.00000   0.00000   0.01742   0.00536   0.00000   0.01309   0.01759   0.00000   0.02577   0.01541   0.00000   0.00000   0.01136   1.68148   0.98742   1.35398   0.43159   1.14400   0.00010   0.02494   2.31154  
 38 386.9011    795.997025  x:  0.00411   0.00733   0.03980   0.09143   0.02879   0.03645   0.00000   0.00698   0.00000   0.00000   0.01533   0.00000   0.01382   0.00928   0.00000   0.00991   0.00000   0.00000   0.00000   0.00000   0.00855   0.00000   0.00000   0.00000   0.00854   0.00000   0.01820   0.03380   0.02639   0.00000   0.00000   0.01844   0.00528   0.00000   0.01329   0.01773   0.00000   0.02655   0.01706   0.00000   0.00000   0.01117   1.73721   0.98480   1.36720   0.42427   1.15491   0.00010   0.00010   2.30846  
 39 511.1428    795.997025  x:  0.00411   0.00733   0.03980   0.09143   0.02879   0.03645   0.00000   0.00698   0.00000   0.00000   0.01533   0.00000   0.01382   0.00928   0.00000   0.00991   0.00000   0.00000   0.00000   0.00000   0.00855   0.00000   0.00000   0.00000   0.00854   0.00000   0.01820   0.03380   0.02639   0.00000   0.00000   0.01844   0.00528   0.00000   0.01329   0.01773   0.00000   0.02655   0.01706   0.00000   0.00000   0.01117   1.73721   0.98480   1.36720   0.42427   1.15491   0.00010   0.00010   2.30846  
 40 209.8581    794.749146  x:  0.00806   0.01520   0.03955   0.09670   0.03146   0.04040   0.00000   0.00322   0.00000   0.00000   0.00860   0.00000   0.00805   0.00825   0.00000   0.00788   0.00000   0.00000   0.00000   0.00000   0.00870   0.00000   0.00000   0.00000   0.00860   0.00000   0.01742   0.03027   0.02622   0.00000   0.00000   0.01763   0.01510   0.00000   0.01792   0.01730   0.00000   0.02930   0.02026   0.00000   0.00000   0.01222   1.73905   0.98518   1.36676   0.42583   1.15490   0.00010   0.00273   2.30835  
 41 147.8003    794.259132  x:  0.00946   0.01654   0.03928   0.10011   0.03161   0.04179   0.00000   0.00000   0.00000   0.00000   0.00745   0.00000   0.00766   0.00852   0.00000   0.00838   0.00000   0.00000   0.00000   0.00000   0.00872   0.00000   0.00000   0.00000   0.00860   0.00000   0.01726   0.02841   0.02621   0.00000   0.00000   0.01745   0.01322   0.00000   0.01848   0.01722   0.00000   0.02956   0.02238   0.00000   0.00000   0.01445   1.74044   0.98541   1.36650   0.42693   1.15490   0.00010   0.00472   2.30827  
 42 96.4578    793.746582  x:  0.01236   0.02355   0.03846   0.11020   0.02874   0.04469   0.00000   0.00000   0.00000   0.00000   0.00984   0.00000   0.00849   0.00809   0.00000   0.00733   0.00000   0.00000   0.00000   0.00000   0.00877   0.00000   0.00000   0.00000   0.00867   0.00000   0.01715   0.02449   0.02626   0.00000   0.00000   0.01731   0.01078   0.00000   0.01940   0.01720   0.00000   0.02706   0.02932   0.00000   0.00000   0.02074   1.74509   0.98598   1.36580   0.43049   1.15491   0.00010   0.01117   2.30798  
 43 245.3209    793.296160  x:  0.01310   0.02516   0.03659   0.12509   0.02166   0.04544   0.00000   0.00000   0.00000   0.00000   0.00782   0.00000   0.00854   0.00965   0.00000   0.01154   0.00000   0.00000   0.00000   0.00000   0.00894   0.00000   0.00000   0.00000   0.00882   0.00000   0.01808   0.02558   0.02675   0.00000   0.00000   0.01826   0.01164   0.00000   0.01765   0.01785   0.00000   0.02314   0.03076   0.00000   0.00000   0.01686   1.75441   0.98694   1.36476   0.43690   1.15506   0.00010   0.02346   2.30740  
 44 62.3624    792.899216  x:  0.01345   0.02234   0.03473   0.13843   0.01950   0.04578   0.00000   0.00000   0.00000   0.00000   0.00894   0.00000   0.00793   0.00782   0.00000   0.00662   0.00000   0.00000   0.00000   0.00000   0.00874   0.00000   0.00000   0.00000   0.00883   0.00000   0.01800   0.02756   0.02700   0.00000   0.00000   0.01820   0.01125   0.00000   0.01768   0.01800   0.00000   0.02433   0.02833   0.00000   0.00000   0.01414   1.76522   0.98808   1.36372   0.44381   1.15541   0.00010   0.03657   2.30673  
 45 97.8747    792.668322  x:  0.01244   0.02052   0.03400   0.14556   0.02195   0.04478   0.00000   0.00000   0.00000   0.00000   0.01185   0.00000   0.00994   0.00848   0.00000   0.00829   0.00000   0.00000   0.00000   0.00000   0.00889   0.00000   0.00000   0.00000   0.00893   0.00000   0.01751   0.02963   0.02683   0.00000   0.00000   0.01770   0.01410   0.00000   0.01890   0.01786   0.00000   0.02603   0.02493   0.00000   0.00000   0.01677   1.77540   0.98908   1.36302   0.44955   1.15600   0.00010   0.04704   2.30609  
 46 84.1353    792.411273  x:  0.00792   0.02204   0.03576   0.14488   0.02644   0.04025   0.00000   0.00000   0.00000   0.00000   0.01020   0.00000   0.00773   0.00932   0.00000   0.00703   0.00000   0.00000   0.00000   0.00000   0.00899   0.00000   0.00000   0.00000   0.00915   0.00000   0.01830   0.03168   0.02652   0.00000   0.00000   0.01842   0.01372   0.00000   0.01793   0.01839   0.00000   0.02326   0.02476   0.00000   0.00000   0.01916   1.79344   0.99071   1.36267   0.45715   1.15774   0.00010   0.06073   2.30494  
 47 46.7045    792.122741  x:  0.00666   0.02392   0.03770   0.13946   0.02955   0.03900   0.00000   0.00000   0.00000   0.00000   0.00921   0.00000   0.01057   0.00582   0.00000   0.00793   0.00000   0.00000   0.00000   0.00000   0.00858   0.00000   0.00000   0.00000   0.00859   0.00000   0.01807   0.03125   0.02645   0.00000   0.00000   0.01821   0.01287   0.00000   0.01840   0.01820   0.00000   0.02339   0.02679   0.00000   0.00000   0.01678   1.81743   0.99293   1.36255   0.46582   1.16045   0.00010   0.07621   2.30340  
 48 97.5304    791.711260  x:  0.00780   0.02558   0.03994   0.12836   0.03121   0.04014   0.00000   0.00000   0.00000   0.00000   0.01096   0.00000   0.01180   0.01015   0.00000   0.00737   0.00000   0.00000   0.00000   0.00000   0.00865   0.00000   0.00000   0.00000   0.00856   0.00000   0.01732   0.02922   0.02659   0.00000   0.00000   0.01755   0.01201   0.00000   0.01930   0.01761   0.00000   0.02517   0.02961   0.00000   0.00000   0.01258   1.85768   0.99669   1.36261   0.47919   1.16527   0.00010   0.10013   2.30080  
 49 255.5259    791.134742  x:  0.01174   0.02350   0.04039   0.11197   0.02555   0.04407   0.00000   0.00000   0.00000   0.00000   0.01224   0.00000   0.00704   0.00810   0.00000   0.00918   0.00000   0.00000   0.00000   0.00000   0.00944   0.00000   0.00000   0.00000   0.00965   0.00000   0.01740   0.02702   0.02709   0.00000   0.00000   0.01761   0.01290   0.00000   0.01831   0.01752   0.00000   0.02641   0.02939   0.00000   0.00000   0.01564   1.91252   1.00184   1.36329   0.49484   1.17239   0.00010   0.12874   2.29722  
 50 230.0816    790.970833  x:  0.01284   0.02276   0.03936   0.10770   0.02295   0.04518   0.00000   0.00000   0.00000   0.00000   0.00955   0.00000   0.00944   0.00888   0.00000   0.00756   0.00000   0.00000   0.00000   0.00000   0.00870   0.00000   0.00000   0.00000   0.00853   0.00000   0.01767   0.02649   0.02694   0.00000   0.00000   0.01781   0.01380   0.00000   0.01827   0.01762   0.00000   0.02590   0.02822   0.00000   0.00000   0.01801   1.93057   1.00356   1.36390   0.49826   1.17509   0.00010   0.13547   2.29601  
 51 141.4773    790.359564  x:  0.01292   0.02635   0.02740   0.10553   0.02307   0.04526   0.00000   0.00000   0.00000   0.00000   0.00921   0.00000   0.00876   0.00872   0.00000   0.00807   0.00000   0.00000   0.00000   0.00000   0.00854   0.00000   0.00000   0.00000   0.00906   0.00000   0.01626   0.02548   0.02332   0.00000   0.00000   0.01624   0.01052   0.00000   0.02458   0.01680   0.00000   0.02136   0.02275   0.00000   0.00000   0.01706   2.01318   1.01150   1.37060   0.49641   1.19126   0.00010   0.13841   2.29005  
 52 53.3627    787.239701  x:  0.00980   0.02765   0.01236   0.11295   0.02578   0.04214   0.00000   0.00000   0.00000   0.00000   0.01066   0.00000   0.00896   0.00897   0.00000   0.00849   0.00000   0.00000   0.00000   0.00000   0.01202   0.00000   0.00000   0.00000   0.00465   0.00000   0.02257   0.02713   0.02773   0.00000   0.00000   0.02320   0.01234   0.00000   0.01642   0.02066   0.00000   0.03139   0.02977   0.00000   0.00000   0.01705   2.44951   1.05255   1.40817   0.47573   1.27975   0.00010   0.13345   2.25820  
 53 296.2442    782.595254  x:  0.00815   0.02779   0.02530   0.13518   0.02480   0.04049   0.00000   0.00000   0.00000   0.00000   0.00857   0.00000   0.01495   0.00948   0.00000   0.00684   0.00000   0.00000   0.00000   0.00000   0.00702   0.00000   0.00000   0.00000   0.03280   0.00000   0.02540   0.03075   0.03155   0.00000   0.00000   0.02653   0.01412   0.00000   0.01178   0.02208   0.00000   0.03856   0.03198   0.00000   0.00000   0.01805   3.42176   1.14275   1.49225   0.42843   1.47772   0.00010   0.11802   2.18706  
 54 2674.2841    779.685560  x:  0.01008   0.02043   0.04936   0.14782   0.02246   0.04241   0.00000   0.00000   0.00000   0.00000   0.01020   0.00000   0.01117   0.00921   0.00000   0.00764   0.00000   0.00000   0.00000   0.00000   0.01692   0.00000   0.00000   0.00000   0.01174   0.00000   0.02089   0.03538   0.03263   0.00000   0.00000   0.02137   0.01367   0.00000   0.02482   0.01987   0.00000   0.02882   0.03232   0.00000   0.00000   0.01827   3.88248   1.18150   1.53216   0.40938   1.57244   0.00010   0.10730   2.15319  
 55 1276.0318    779.284775  x:  0.01163   0.02017   0.05211   0.14961   0.02407   0.04397   0.00000   0.00000   0.00000   0.00000   0.01152   0.00000   0.00942   0.00911   0.00000   0.00831   0.00000   0.00000   0.00000   0.00000   0.01085   0.00000   0.00000   0.00000   0.00671   0.00000   0.01936   0.03491   0.03146   0.00000   0.00000   0.01954   0.01397   0.00000   0.02200   0.01935   0.00000   0.02647   0.03094   0.00000   0.00000   0.01789   3.93526   1.18390   1.53669   0.40939   1.58369   0.00010   0.10480   2.14925  
 56 363.9027    778.994472  x:  0.01403   0.01790   0.05203   0.15145   0.02760   0.04636   0.00000   0.00000   0.00000   0.00000   0.01153   0.00000   0.01033   0.00867   0.00000   0.00749   0.00000   0.00000   0.00000   0.00000   0.01474   0.00000   0.00000   0.00000   0.00721   0.00000   0.01858   0.03291   0.02906   0.00000   0.00000   0.01819   0.01545   0.00000   0.01725   0.01942   0.00000   0.02213   0.03051   0.00000   0.00000   0.01715   3.97920   1.17483   1.54003   0.42134   1.59516   0.00010   0.09613   2.14566  
 57 62.4638    778.040366  x:  0.01177   0.01638   0.05315   0.15695   0.02456   0.04411   0.00000   0.00000   0.00000   0.00000   0.01122   0.00000   0.00932   0.00870   0.00000   0.00788   0.00000   0.00000   0.00000   0.00000   0.01172   0.00000   0.00000   0.00000   0.00676   0.00000   0.02087   0.03092   0.02708   0.00000   0.00000   0.02153   0.01477   0.00000   0.02147   0.01922   0.00000   0.02452   0.03049   0.00000   0.00000   0.01685   4.12368   1.13179   1.55048   0.47188   1.63541   0.00010   0.06138   2.13344  
 58 163.8005    777.938759  x:  0.01128   0.01806   0.05275   0.15732   0.02354   0.04361   0.00000   0.00000   0.00000   0.00000   0.01041   0.00000   0.00924   0.00880   0.00000   0.00790   0.00000   0.00000   0.00000   0.00000   0.01232   0.00000   0.00000   0.00000   0.00669   0.00000   0.01810   0.03268   0.03002   0.00000   0.00000   0.01819   0.01397   0.00000   0.02033   0.01849   0.00000   0.02587   0.03000   0.00000   0.00000   0.01727   4.13908   1.12481   1.55148   0.47582   1.64026   0.00010   0.05865   2.13204  
 59 67.6592    777.742687  x:  0.01436   0.01809   0.05214   0.15760   0.02621   0.04669   0.00000   0.00000   0.00000   0.00000   0.01029   0.00000   0.00938   0.00880   0.00000   0.00793   0.00000   0.00000   0.00000   0.00000   0.01106   0.00000   0.00000   0.00000   0.00743   0.00000   0.02029   0.03697   0.03588   0.00000   0.00000   0.01931   0.01305   0.00000   0.02196   0.01915   0.00000   0.02374   0.03023   0.00000   0.00000   0.01741   4.17088   1.09250   1.55223   0.46929   1.65480   0.00010   0.06291   2.12832  
 60 21.1366    777.184533  x:  0.01365   0.01813   0.05323   0.15944   0.02533   0.04598   0.00000   0.00000   0.00000   0.00000   0.00964   0.00000   0.00919   0.00891   0.00000   0.00809   0.00000   0.00000   0.00000   0.00000   0.01223   0.00000   0.00000   0.00000   0.00683   0.00000   0.01776   0.03383   0.03006   0.00000   0.00000   0.02052   0.01290   0.00000   0.02068   0.01808   0.00000   0.02657   0.03012   0.00000   0.00000   0.01784   4.25646   0.99955   1.55243   0.44509   1.69615   0.00010   0.07861   2.11791  
 61 118.0037    777.154645  x:  0.01314   0.01751   0.05314   0.15955   0.02517   0.04547   0.00000   0.00000   0.00000   0.00000   0.00972   0.00000   0.00914   0.00891   0.00000   0.00810   0.00000   0.00000   0.00000   0.00000   0.01201   0.00000   0.00000   0.00000   0.00690   0.00000   0.01932   0.03250   0.03029   0.00000   0.00000   0.01825   0.01321   0.00000   0.02095   0.01907   0.00000   0.02648   0.03035   0.00000   0.00000   0.01776   4.26118   0.99480   1.55089   0.44374   1.69902   0.00010   0.07939   2.11725  
 62 31.5550    777.079409  x:  0.01195   0.01618   0.05279   0.15973   0.02525   0.04428   0.00000   0.00000   0.00000   0.00000   0.01002   0.00000   0.00908   0.00882   0.00000   0.00800   0.00000   0.00000   0.00000   0.00000   0.01162   0.00000   0.00000   0.00000   0.00698   0.00000   0.01800   0.02835   0.03377   0.00000   0.00000   0.01918   0.01394   0.00000   0.02116   0.01800   0.00000   0.02514   0.02978   0.00000   0.00000   0.01749   4.27333   0.98598   1.53472   0.44080   1.71097   0.00010   0.08030   2.11486  
 63 12.8293    776.434011  x:  0.01221   0.02025   0.05485   0.15944   0.02479   0.04454   0.00000   0.00000   0.00000   0.00000   0.01064   0.00000   0.00944   0.00859   0.00000   0.00817   0.00000   0.00000   0.00000   0.00000   0.01341   0.00000   0.00000   0.00000   0.00572   0.00000   0.02050   0.02713   0.03344   0.00000   0.00000   0.02021   0.01126   0.00000   0.01875   0.01987   0.00000   0.02592   0.02361   0.00000   0.00000   0.01690   4.37512   0.91658   1.38386   0.41776   1.81725   0.00010   0.08587   2.09388  
 64 81.0034    776.139563  x:  0.01178   0.01667   0.05295   0.15892   0.02457   0.04411   0.00000   0.00000   0.00000   0.00000   0.01037   0.00000   0.00914   0.00865   0.00000   0.00806   0.00000   0.00000   0.00000   0.00000   0.01154   0.00000   0.00000   0.00000   0.00657   0.00000   0.01831   0.03085   0.03051   0.00000   0.00000   0.01847   0.01207   0.00000   0.01944   0.01801   0.00000   0.02479   0.02878   0.00000   0.00000   0.01734   4.42318   0.88409   1.31241   0.40699   1.86814   0.00010   0.08854   2.08387  
 65 354.1171    776.056660  x:  0.01177   0.01623   0.05288   0.15886   0.02446   0.04410   0.00000   0.00000   0.00000   0.00000   0.01045   0.00000   0.00915   0.00868   0.00000   0.00811   0.00000   0.00000   0.00000   0.00000   0.01109   0.00000   0.00000   0.00000   0.00679   0.00000   0.01568   0.03083   0.03048   0.00000   0.00000   0.01901   0.01184   0.00000   0.01988   0.02286   0.00000   0.02462   0.02898   0.00000   0.00000   0.01736   4.43343   0.88542   1.31285   0.40931   1.90629   0.00010   0.09383   2.07799  
 66  3.7630    774.230497  x:  0.01125   0.01446   0.05208   0.15913   0.02169   0.04357   0.00000   0.00000   0.00000   0.00000   0.01138   0.00000   0.00940   0.00880   0.00000   0.00901   0.00000   0.00000   0.00000   0.00000   0.00841   0.00000   0.00000   0.00000   0.00819   0.00000   0.01735   0.03097   0.02943   0.00000   0.00000   0.01733   0.00547   0.00000   0.01779   0.01780   0.00000   0.02443   0.02638   0.00000   0.00000   0.01833   4.64562   0.91719   1.33022   0.45910   2.70937   0.00010   0.20618   1.95457  
 67 201.1724    773.833544  x:  0.01270   0.01889   0.05113   0.16077   0.02318   0.04501   0.00000   0.00000   0.00000   0.00000   0.00995   0.00000   0.00844   0.00844   0.00000   0.00844   0.00000   0.00000   0.00000   0.00000   0.00743   0.00000   0.00000   0.00000   0.00919   0.00000   0.01716   0.02907   0.02819   0.00000   0.00000   0.01674   0.01135   0.00000   0.01934   0.01704   0.00000   0.02548   0.02561   0.00000   0.00000   0.01756   4.76855   0.92378   1.32901   0.46603   2.92115   0.00010   0.23298   1.93695  
 68  2.4343    771.273173  x:  0.01326   0.01739   0.04909   0.13023   0.03105   0.04549   0.00000   0.00000   0.00000   0.00000   0.00732   0.00000   0.00904   0.00870   0.00000   0.00970   0.00000   0.00000   0.00000   0.00000   0.01048   0.00000   0.00000   0.00000   0.01419   0.00000   0.01661   0.01975   0.01917   0.00000   0.00000   0.01709   0.00875   0.00000   0.01474   0.01743   0.00000   0.02829   0.02752   0.00000   0.00000   0.01657   6.30451   1.00037   1.40398   0.44371   3.20615   0.00010   0.23338   2.26381  
 69  0.8778    769.653772  x:  0.01537   0.01269   0.04585   0.12401   0.03246   0.04755   0.00000   0.00000   0.00000   0.00000   0.00662   0.00000   0.00865   0.00932   0.00000   0.00940   0.00000   0.00000   0.00000   0.00000   0.01112   0.00000   0.00000   0.00000   0.01212   0.00000   0.01812   0.03325   0.03792   0.00000   0.00000   0.01917   0.00826   0.00000   0.02174   0.01889   0.00000   0.02727   0.02989   0.00000   0.00000   0.01873   7.89922   0.98764   1.40980   0.44646   3.53131   0.00010   0.24480   2.89190  
 70  1.2933    768.518551  x:  0.01517   0.01756   0.04103   0.13767   0.02882   0.04728   0.00000   0.00000   0.00000   0.00000   0.01062   0.00000   0.00822   0.00959   0.00000   0.00961   0.00000   0.00000   0.00000   0.00000   0.00451   0.00000   0.00000   0.00000   0.01251   0.00000   0.01755   0.03215   0.03545   0.00000   0.00000   0.01801   0.00705   0.00000   0.02031   0.01796   0.00000   0.02778   0.02617   0.00000   0.00000   0.01937   9.12459   0.93667   1.36788   0.44361   3.61975   0.00010   0.22258   3.47235  
 71  1.4172    767.633879  x:  0.01368   0.02074   0.03696   0.15369   0.02347   0.04570   0.00000   0.00000   0.00000   0.00000   0.01237   0.00000   0.00878   0.00964   0.00000   0.00909   0.00000   0.00000   0.00000   0.00000   0.01195   0.00000   0.00000   0.00000   0.01034   0.00000   0.01794   0.02942   0.03005   0.00000   0.00000   0.01734   0.00850   0.00000   0.01972   0.01743   0.00000   0.02747   0.02531   0.00000   0.00000   0.02001  10.68331   0.89046   1.32025   0.44831   3.89391   0.00010   0.22204   4.21534  
 72  2.5873    766.897887  x:  0.01213   0.01710   0.03302   0.15416   0.02335   0.04401   0.00000   0.00000   0.00000   0.00000   0.00967   0.00000   0.00888   0.00916   0.00000   0.00888   0.00000   0.00000   0.00000   0.00000   0.01024   0.00000   0.00000   0.00000   0.00700   0.00000   0.01824   0.02713   0.02390   0.00000   0.00000   0.01788   0.01030   0.00000   0.01715   0.01791   0.00000   0.02601   0.02892   0.00000   0.00000   0.01909  12.63573   0.94851   1.37254   0.44523   4.16346   0.00010   0.22056   5.18783  
 73  1.3673    766.589789  x:  0.01342   0.02015   0.03139   0.14927   0.02768   0.04516   0.00000   0.00000   0.00000   0.00000   0.00809   0.00000   0.00923   0.00859   0.00000   0.00894   0.00000   0.00000   0.00000   0.00000   0.00928   0.00000   0.00000   0.00000   0.00953   0.00000   0.01859   0.02583   0.02845   0.00000   0.00000   0.01909   0.00900   0.00000   0.01716   0.01866   0.00000   0.02803   0.02704   0.00000   0.00000   0.01731  14.19624   0.94181   1.37855   0.43520   4.41128   0.00010   0.23135   6.04430  
 74  1.2039    766.311951  x:  0.01449   0.01762   0.03497   0.14995   0.02701   0.04599   0.00000   0.00000   0.00000   0.00000   0.00970   0.00000   0.00887   0.00870   0.00000   0.00903   0.00000   0.00000   0.00000   0.00000   0.00796   0.00000   0.00000   0.00000   0.00797   0.00000   0.01858   0.02854   0.02768   0.00000   0.00000   0.01843   0.00874   0.00000   0.01833   0.01734   0.00000   0.02886   0.02653   0.00000   0.00000   0.01779  16.67138   0.91581   1.35122   0.44645   4.52924   0.00010   0.22806   7.56594  
 75  1.2480    766.145965  x:  0.01374   0.01845   0.03734   0.15623   0.02474   0.04499   0.00000   0.00000   0.00000   0.00000   0.00921   0.00000   0.00894   0.00933   0.00000   0.00942   0.00000   0.00000   0.00000   0.00000   0.00901   0.00000   0.00000   0.00000   0.00924   0.00000   0.01798   0.02716   0.02732   0.00000   0.00000   0.01758   0.00903   0.00000   0.01820   0.01828   0.00000   0.02721   0.02743   0.00000   0.00000   0.01891  18.78427   0.93996   1.37106   0.43723   4.49617   0.00010   0.22517   9.00985  
 76  1.0242    766.071453  x:  0.01414   0.01800   0.03909   0.16018   0.02632   0.04517   0.00000   0.00000   0.00000   0.00000   0.00894   0.00000   0.00889   0.00899   0.00000   0.00895   0.00000   0.00000   0.00000   0.00000   0.00936   0.00000   0.00000   0.00000   0.00908   0.00000   0.01817   0.02792   0.02736   0.00000   0.00000   0.01880   0.00939   0.00000   0.01782   0.01787   0.00000   0.02714   0.02837   0.00000   0.00000   0.01856  20.14391   0.92357   1.37332   0.43773   4.45323   0.00010   0.23713  10.07746  
 77  0.8008    766.029222  x:  0.01423   0.01786   0.03890   0.16176   0.02651   0.04515   0.00000   0.00000   0.00000   0.00000   0.00904   0.00000   0.00899   0.00875   0.00000   0.00870   0.00000   0.00000   0.00000   0.00000   0.00947   0.00000   0.00000   0.00000   0.00938   0.00000   0.01830   0.02835   0.02780   0.00000   0.00000   0.01859   0.00934   0.00000   0.01793   0.01779   0.00000   0.02741   0.02772   0.00000   0.00000   0.01815  20.67198   0.92466   1.36522   0.43951   4.22138   0.00010   0.22873  10.63503  
 78  0.6689    765.998866  x:  0.01407   0.01818   0.03664   0.16777   0.02592   0.04493   0.00000   0.00000   0.00000   0.00000   0.00908   0.00000   0.00935   0.00906   0.00000   0.00882   0.00000   0.00000   0.00000   0.00000   0.00919   0.00000   0.00000   0.00000   0.00940   0.00000   0.01831   0.02885   0.02734   0.00000   0.00000   0.01786   0.00910   0.00000   0.01890   0.01894   0.00000   0.02736   0.02712   0.00000   0.00000   0.01805  20.78258   0.92972   1.36291   0.43829   4.13931   0.00010   0.23658  10.96306  
 79  0.2225    765.990749  x:  0.01404   0.01825   0.03578   0.16972   0.02599   0.04492   0.00000   0.00000   0.00000   0.00000   0.00910   0.00000   0.00929   0.00929   0.00000   0.00911   0.00000   0.00000   0.00000   0.00000   0.00902   0.00000   0.00000   0.00000   0.00922   0.00000   0.01820   0.02882   0.02750   0.00000   0.00000   0.01833   0.00903   0.00000   0.01848   0.01857   0.00000   0.02743   0.02754   0.00000   0.00000   0.01820  20.56196   0.92926   1.37145   0.43865   4.09571   0.00010   0.23551  10.94311  
 80  0.1567    765.983696  x:  0.01421   0.01838   0.03571   0.17107   0.02659   0.04517   0.00000   0.00000   0.00000   0.00000   0.00906   0.00000   0.00906   0.00930   0.00000   0.00907   0.00000   0.00000   0.00000   0.00000   0.00893   0.00000   0.00000   0.00000   0.00889   0.00000   0.01834   0.02859   0.02755   0.00000   0.00000   0.01861   0.00891   0.00000   0.01839   0.01863   0.00000   0.02774   0.02768   0.00000   0.00000   0.01831  20.04440   0.92884   1.36574   0.43881   4.12812   0.00010   0.23544  10.84195  
 81  0.1429    765.959463  x:  0.01465   0.01756   0.03662   0.17715   0.02696   0.04566   0.00000   0.00000   0.00000   0.00000   0.00877   0.00000   0.00901   0.00909   0.00000   0.00896   0.00000   0.00000   0.00000   0.00000   0.00910   0.00000   0.00000   0.00000   0.00935   0.00000   0.01827   0.02845   0.02716   0.00000   0.00000   0.01766   0.00897   0.00000   0.01891   0.01855   0.00000   0.02825   0.02712   0.00000   0.00000   0.01846  19.46995   0.92974   1.36744   0.43868   4.05720   0.00010   0.23118  11.75456  
 82  0.2008    765.914559  x:  0.01397   0.01784   0.03825   0.18179   0.02653   0.04504   0.00000   0.00000   0.00000   0.00000   0.00911   0.00000   0.00961   0.00945   0.00000   0.00957   0.00000   0.00000   0.00000   0.00000   0.00936   0.00000   0.00000   0.00000   0.00992   0.00000   0.01811   0.02907   0.02773   0.00000   0.00000   0.01841   0.00911   0.00000   0.01922   0.01903   0.00000   0.02774   0.02806   0.00000   0.00000   0.01837  19.12933   0.93616   1.37685   0.43757   4.22495   0.00010   0.23743  13.82529  
 83  0.5771    765.871555  x:  0.01376   0.01860   0.03671   0.17971   0.02560   0.04486   0.00000   0.00000   0.00000   0.00000   0.00864   0.00000   0.00942   0.00947   0.00000   0.00901   0.00000   0.00000   0.00000   0.00000   0.00881   0.00000   0.00000   0.00000   0.00941   0.00000   0.01818   0.03035   0.02774   0.00000   0.00000   0.01852   0.00901   0.00000   0.01879   0.01907   0.00000   0.02714   0.02773   0.00000   0.00000   0.01781  19.03437   0.93099   1.37049   0.43974   4.26337   0.00010   0.23815  16.39092  
 84  0.8749    765.861411  x:  0.01396   0.01808   0.03622   0.17812   0.02604   0.04511   0.00000   0.00000   0.00000   0.00000   0.00929   0.00000   0.00936   0.00933   0.00000   0.00885   0.00000   0.00000   0.00000   0.00000   0.00892   0.00000   0.00000   0.00000   0.00938   0.00000   0.01825   0.02996   0.02755   0.00000   0.00000   0.01817   0.00905   0.00000   0.01874   0.01883   0.00000   0.02746   0.02743   0.00000   0.00000   0.01802  18.79678   0.93288   1.37192   0.43926   4.36457   0.00010   0.24099  17.19701  
 85  0.6571    765.859328  x:  0.01392   0.01818   0.03621   0.17618   0.02618   0.04508   0.00000   0.00000   0.00000   0.00000   0.00911   0.00000   0.00927   0.00927   0.00000   0.00897   0.00000   0.00000   0.00000   0.00000   0.00905   0.00000   0.00000   0.00000   0.00925   0.00000   0.01829   0.02939   0.02744   0.00000   0.00000   0.01827   0.00906   0.00000   0.01884   0.01881   0.00000   0.02746   0.02754   0.00000   0.00000   0.01821  18.85914   0.93381   1.37236   0.43922   4.38303   0.00010   0.24129  17.39392  
 86  0.1501    765.859225  x:  0.01396   0.01816   0.03615   0.17616   0.02613   0.04513   0.00000   0.00000   0.00000   0.00000   0.00905   0.00000   0.00927   0.00927   0.00000   0.00903   0.00000   0.00000   0.00000   0.00000   0.00905   0.00000   0.00000   0.00000   0.00926   0.00000   0.01824   0.02942   0.02744   0.00000   0.00000   0.01826   0.00905   0.00000   0.01876   0.01879   0.00000   0.02749   0.02748   0.00000   0.00000   0.01823  18.86335   0.93360   1.37212   0.43933   4.38820   0.00010   0.24150  17.43762  
 87  0.0455    765.859219  x:  0.01397   0.01816   0.03615   0.17620   0.02614   0.04514   0.00000   0.00000   0.00000   0.00000   0.00906   0.00000   0.00928   0.00928   0.00000   0.00904   0.00000   0.00000   0.00000   0.00000   0.00906   0.00000   0.00000   0.00000   0.00926   0.00000   0.01824   0.02943   0.02746   0.00000   0.00000   0.01826   0.00904   0.00000   0.01876   0.01879   0.00000   0.02751   0.02749   0.00000   0.00000   0.01822  18.86864   0.93356   1.37208   0.43934   4.38694   0.00010   0.24148  17.44717  
 88  0.0103    765.859219  x:  0.01397   0.01816   0.03615   0.17624   0.02614   0.04514   0.00000   0.00000   0.00000   0.00000   0.00906   0.00000   0.00928   0.00928   0.00000   0.00904   0.00000   0.00000   0.00000   0.00000   0.00906   0.00000   0.00000   0.00000   0.00926   0.00000   0.01824   0.02943   0.02746   0.00000   0.00000   0.01826   0.00904   0.00000   0.01877   0.01880   0.00000   0.02751   0.02749   0.00000   0.00000   0.01822  18.87180   0.93356   1.37210   0.43934   4.38707   0.00010   0.24147  17.45536  
 89  0.0072    765.859219  x:  0.01397   0.01816   0.03615   0.17625   0.02614   0.04514   0.00000   0.00000   0.00000   0.00000   0.00906   0.00000   0.00928   0.00928   0.00000   0.00904   0.00000   0.00000   0.00000   0.00000   0.00906   0.00000   0.00000   0.00000   0.00926   0.00000   0.01824   0.02943   0.02746   0.00000   0.00000   0.01826   0.00904   0.00000   0.01877   0.01880   0.00000   0.02751   0.02749   0.00000   0.00000   0.01822  18.87283   0.93357   1.37210   0.43934   4.38701   0.00010   0.24147  17.45703  
 90  0.0017    765.859219  x:  0.01396   0.01816   0.03615   0.17625   0.02614   0.04514   0.00000   0.00000   0.00000   0.00000   0.00906   0.00000   0.00928   0.00928   0.00000   0.00904   0.00000   0.00000   0.00000   0.00000   0.00906   0.00000   0.00000   0.00000   0.00926   0.00000   0.01824   0.02943   0.02746   0.00000   0.00000   0.01826   0.00904   0.00000   0.01877   0.01880   0.00000   0.02751   0.02749   0.00000   0.00000   0.01822  18.87285   0.93357   1.37210   0.43934   4.38703   0.00010   0.24147  17.45735  
 91  0.0003    765.859219  x:  0.01396   0.01816   0.03615   0.17625   0.02614   0.04514   0.00000   0.00000   0.00000   0.00000   0.00906   0.00000   0.00928   0.00928   0.00000   0.00904   0.00000   0.00000   0.00000   0.00000   0.00906   0.00000   0.00000   0.00000   0.00926   0.00000   0.01824   0.02943   0.02746   0.00000   0.00000   0.01826   0.00904   0.00000   0.01877   0.01880   0.00000   0.02751   0.02749   0.00000   0.00000   0.01822  18.87287   0.93357   1.37210   0.43934   4.38703   0.00010   0.24147  17.45733  
 92  0.0000    765.859219  x:  0.01395   0.01816   0.03615   0.17625   0.02614   0.04516   0.00000   0.00000   0.00000   0.00000   0.00906   0.00000   0.00928   0.00928   0.00000   0.00904   0.00000   0.00000   0.00000   0.00000   0.00906   0.00000   0.00000   0.00000   0.00926   0.00000   0.01824   0.02943   0.02746   0.00000   0.00000   0.01826   0.00904   0.00000   0.01877   0.01880   0.00000   0.02751   0.02749   0.00000   0.00000   0.01822  18.87293   0.93357   1.37210   0.43934   4.38703   0.00010   0.24147  17.45738  
 93  0.0000    765.859219  x:  0.01395   0.01816   0.03615   0.17625   0.02614   0.04516   0.00000   0.00000   0.00000   0.00000   0.00906   0.00000   0.00928   0.00928   0.00000   0.00904   0.00000   0.00000   0.00000   0.00000   0.00906   0.00000   0.00000   0.00000   0.00926   0.00000   0.01824   0.02943   0.02746   0.00000   0.00000   0.01826   0.00904   0.00000   0.01877   0.01880   0.00000   0.02751   0.02749   0.00000   0.00000   0.01822  18.87291   0.93357   1.37210   0.43934   4.38703   0.00010   0.24147  17.45737  
 94  0.0001    765.859219  x:  0.01395   0.01816   0.03615   0.17625   0.02614   0.04516   0.00000   0.00000   0.00000   0.00000   0.00906   0.00000   0.00928   0.00928   0.00000   0.00904   0.00000   0.00000   0.00000   0.00000   0.00906   0.00000   0.00000   0.00000   0.00926   0.00000   0.01824   0.02943   0.02746   0.00000   0.00000   0.01826   0.00904   0.00000   0.01877   0.01880   0.00000   0.02751   0.02749   0.00000   0.00000   0.01822  18.87291   0.93357   1.37210   0.43934   4.38703   0.00010   0.24147  17.45737  
 95  0.0000    765.859219  x:  0.01395   0.01816   0.03615   0.17625   0.02614   0.04516   0.00000   0.00000   0.00000   0.00000   0.00906   0.00000   0.00928   0.00928   0.00000   0.00904   0.00000   0.00000   0.00000   0.00000   0.00906   0.00000   0.00000   0.00000   0.00926   0.00000   0.01824   0.02943   0.02746   0.00000   0.00000   0.01826   0.00904   0.00000   0.01877   0.01880   0.00000   0.02751   0.02749   0.00000   0.00000   0.01822  18.87291   0.93357   1.37210   0.43934   4.38703   0.00010   0.24147  17.45737  
check convergence!
