Supplemental results for CODEML (seqf: aln.phy  treef: tree.tre)


MLEs of dN/dS (w) for site classes (K=4)

site class             0        1       2a       2b
proportion       0.91076  0.04462  0.04253  0.00208
background w     0.02428  1.00000  0.02428  1.00000
foreground w     0.02428  1.00000  1.55736  1.55736

Naive Empirical Bayes (NEB) probabilities for 4 classes
(amino acids refer to 1st sequence: JF915746.1)

   1 -   0.96297 0.01452 0.02197 0.00054 ( 1)
   2 -   0.95275 0.01993 0.02654 0.00079 ( 1)
   3 -   0.95024 0.02130 0.02762 0.00085 ( 1)
   4 M   0.96727 0.01032 0.02203 0.00038 ( 1)
   5 F   0.97001 0.00880 0.02087 0.00032 ( 1)
   6 F   0.06668 0.90006 0.00140 0.03186 ( 2)
   7 C   0.96189 0.01298 0.02463 0.00049 ( 1)
   8 S   0.97115 0.00824 0.02031 0.00029 ( 1)
   9 V   0.95604 0.01619 0.02713 0.00064 ( 1)
  10 H   0.96493 0.01146 0.02319 0.00043 ( 1)
  11 G   0.94347 0.02356 0.03199 0.00098 ( 1)
  12 D   0.95773 0.01532 0.02636 0.00059 ( 1)
  13 A   0.96110 0.01342 0.02497 0.00051 ( 1)
  14 A   0.00085 0.85153 0.07450 0.07312 ( 2)
  15 M   0.96890 0.00930 0.02147 0.00033 ( 1)
  16 R   0.96278 0.01231 0.02445 0.00047 ( 1)
  17 S   0.97276 0.00729 0.01970 0.00026 ( 1)
  18 R   0.95698 0.01544 0.02698 0.00061 ( 1)
  19 A   0.96495 0.01101 0.02363 0.00041 ( 1)
  20 F   0.72602 0.25033 0.01472 0.00893 ( 1)
  21 L   0.94641 0.02172 0.03097 0.00090 ( 1)
  22 F   0.97403 0.00669 0.01904 0.00023 ( 1)
  23 L   0.94721 0.02085 0.03107 0.00086 ( 1)
  24 L   0.36850 0.13336 0.49088 0.00726 ( 3)
  25 F   0.05598 0.85642 0.04653 0.04108 ( 2)
  26 V   0.28918 0.18814 0.51133 0.01135 ( 3)
  27 L   0.71072 0.26151 0.01775 0.01003 ( 1)
  28 L   0.94538 0.02213 0.03158 0.00092 ( 1)
  29 P   0.97274 0.00733 0.01967 0.00026 ( 1)
  30 M   0.96890 0.00930 0.02147 0.00033 ( 1)
  31 L   0.94538 0.02213 0.03158 0.00092 ( 1)
  32 P   0.97012 0.00858 0.02099 0.00031 ( 1)
  33 A   0.95779 0.01503 0.02660 0.00059 ( 1)
  34 P   0.96039 0.01360 0.02549 0.00052 ( 1)
  35 P   0.96516 0.01106 0.02336 0.00041 ( 1)
  36 A   0.27211 0.16623 0.55114 0.01052 ( 3)
  37 G   0.00079 0.93805 0.00160 0.05956 ( 2)
  38 Q   0.12573 0.22821 0.62758 0.01847 ( 3)
  39 P   0.00827 0.16466 0.81249 0.01458 ( 3)
  40 S   0.97276 0.00729 0.01970 0.00026 ( 1)
  41 G   0.95524 0.01645 0.02766 0.00065 ( 1)
  42 R   0.96550 0.01089 0.02321 0.00040 ( 1)
  43 R   0.96278 0.01231 0.02445 0.00047 ( 1)
  44 R   0.96278 0.01231 0.02445 0.00047 ( 1)
  45 G   0.95046 0.01921 0.02956 0.00078 ( 1)
  46 R   0.95698 0.01544 0.02698 0.00061 ( 1)
  47 R   0.96278 0.01231 0.02445 0.00047 ( 1)
  48 S   0.28311 0.19249 0.51270 0.01169 ( 3)
  49 G   0.95524 0.01645 0.02766 0.00065 ( 1)
  50 G   0.95795 0.01492 0.02655 0.00058 ( 1)
  51 T   0.31816 0.16860 0.50349 0.00975 ( 3)
  52 G   0.25553 0.19648 0.53539 0.01260 ( 3)
  53 G   0.95795 0.01492 0.02655 0.00058 ( 1)
  54 G   0.95795 0.01492 0.02655 0.00058 ( 1)
  55 F   0.97164 0.00782 0.02027 0.00028 ( 1)
  56 W   0.94642 0.02159 0.03110 0.00089 ( 1)
  57 G   0.95795 0.01492 0.02655 0.00058 ( 1)
  58 D   0.95674 0.01565 0.02699 0.00061 ( 1)
  59 R   0.95698 0.01544 0.02698 0.00061 ( 1)
  60 V   0.32846 0.15385 0.50875 0.00893 ( 3)
  61 D   0.95938 0.01419 0.02588 0.00055 ( 1)
  62 S   0.97276 0.00729 0.01970 0.00026 ( 1)
  63 Q   0.94518 0.02235 0.03154 0.00093 ( 1)
  64 P   0.97012 0.00858 0.02099 0.00031 ( 1)
  65 F   0.97165 0.00780 0.02027 0.00028 ( 1)
  66 A   0.96278 0.01231 0.02445 0.00047 ( 1)
  67 L   0.97016 0.00853 0.02100 0.00031 ( 1)
  68 P   0.97012 0.00858 0.02099 0.00031 ( 1)
  69 Y   0.96567 0.01082 0.02311 0.00040 ( 1)
  70 I   0.96638 0.01047 0.02277 0.00039 ( 1)
  71 H   0.96658 0.01040 0.02264 0.00038 ( 1)
  72 P   0.03535 0.85349 0.06020 0.05097 ( 2)
  73 T   0.96260 0.01245 0.02448 0.00047 ( 1)
  74 N   0.95725 0.01562 0.02652 0.00061 ( 1)
  75 P   0.97012 0.00858 0.02099 0.00031 ( 1)
  76 F   0.97265 0.00726 0.01983 0.00026 ( 1)
  77 A   0.95312 0.01767 0.02850 0.00071 ( 1)
  78 S   0.71580 0.25937 0.01550 0.00933 ( 1)
  79 D   0.95674 0.01565 0.02699 0.00061 ( 1)
  80 I   0.96638 0.01047 0.02277 0.00039 ( 1)
  81 P   0.61202 0.35798 0.01625 0.01374 ( 1)
  82 T   0.96260 0.01245 0.02448 0.00047 ( 1)
  83 A   0.95312 0.01767 0.02850 0.00071 ( 1)
  84 T   0.63268 0.33836 0.01615 0.01280 ( 1)
  85 G   0.95046 0.01921 0.02956 0.00078 ( 1)
  86 A   0.96552 0.01087 0.02321 0.00040 ( 1)
  87 G   0.94490 0.02251 0.03166 0.00094 ( 1)
  88 A   0.66292 0.30964 0.01593 0.01151 ( 1)
  89 R   0.96278 0.01231 0.02445 0.00047 ( 1)
  90 P   0.38528 0.12084 0.48741 0.00647 ( 3)
  91 R   0.28429 0.18923 0.51492 0.01156 ( 3)
  92 Q   0.94518 0.02235 0.03154 0.00093 ( 1)
  93 P   0.96039 0.01360 0.02549 0.00052 ( 1)
  94 A   0.96278 0.01231 0.02445 0.00047 ( 1)
  95 R   0.96541 0.01091 0.02328 0.00041 ( 1)
  96 P   0.96039 0.01360 0.02549 0.00052 ( 1)
  97 L   0.97016 0.00853 0.02100 0.00031 ( 1)
  98 G   0.95524 0.01645 0.02766 0.00065 ( 1)
  99 S   0.97020 0.00852 0.02098 0.00031 ( 1)
 100 A   0.65103 0.32103 0.01593 0.01201 ( 1)
 101 W   0.94642 0.02159 0.03110 0.00089 ( 1)
 102 R   0.61959 0.34836 0.01810 0.01395 ( 1)
 103 D   0.95674 0.01565 0.02699 0.00061 ( 1)
 104 Q   0.94161 0.02453 0.03283 0.00103 ( 1)
 105 S   0.97016 0.00853 0.02100 0.00031 ( 1)
 106 Q   0.94518 0.02235 0.03154 0.00093 ( 1)
 107 R   0.96278 0.01231 0.02445 0.00047 ( 1)
 108 P   0.97012 0.00858 0.02099 0.00031 ( 1)
 109 A   0.96278 0.01231 0.02445 0.00047 ( 1)
 110 A   0.63286 0.33582 0.01797 0.01335 ( 1)
 111 S   0.00112 0.96216 0.00003 0.03669 ( 2)
 112 A   0.03897 0.84766 0.06346 0.04991 ( 2)
 113 R   0.96552 0.01087 0.02321 0.00040 ( 1)
 114 R   0.96552 0.01087 0.02321 0.00040 ( 1)
 115 R   0.93508 0.02856 0.03513 0.00124 ( 1)
 116 P   0.06961 0.89727 0.00143 0.03169 ( 2)
 117 A   0.96278 0.01231 0.02445 0.00047 ( 1)
 118 P   0.96039 0.01360 0.02549 0.00052 ( 1)
 119 A   0.66331 0.30926 0.01594 0.01149 ( 1)
 120 G   0.95046 0.01921 0.02956 0.00078 ( 1)
 121 A   0.96552 0.01087 0.02321 0.00040 ( 1)
 122 S   0.96451 0.01136 0.02371 0.00043 ( 1)
 123 P   0.96516 0.01106 0.02336 0.00041 ( 1)
 124 L   0.94324 0.02328 0.03249 0.00098 ( 1)
 125 T   0.95477 0.01659 0.02799 0.00066 ( 1)
 126 A   0.96552 0.01087 0.02321 0.00040 ( 1)
 127 V   0.95539 0.01606 0.02791 0.00064 ( 1)
 128 A   0.96300 0.01221 0.02433 0.00046 ( 1)
 129 P   0.96235 0.01237 0.02480 0.00047 ( 1)
 130 A   0.96278 0.01231 0.02445 0.00047 ( 1)
 131 P   0.97150 0.00810 0.02012 0.00029 ( 1)
 132 D   0.00679 0.18825 0.78712 0.01784 ( 3)
 133 T   0.96530 0.01101 0.02328 0.00041 ( 1)
 134 A   0.63136 0.33911 0.01654 0.01298 ( 1)
 135 P   0.96516 0.01106 0.02336 0.00041 ( 1)
 136 V   0.96280 0.01221 0.02453 0.00046 ( 1)
 137 P   0.97264 0.00742 0.01968 0.00026 ( 1)
 138 D   0.95674 0.01565 0.02699 0.00061 ( 1)
 139 V   0.95769 0.01506 0.02666 0.00059 ( 1)
 140 D   0.95779 0.01498 0.02665 0.00058 ( 1)
 141 S   0.97276 0.00729 0.01970 0.00026 ( 1)
 142 R   0.96552 0.01087 0.02321 0.00040 ( 1)
 143 G   0.95795 0.01492 0.02655 0.00058 ( 1)
 144 A   0.96552 0.01087 0.02321 0.00040 ( 1)
 145 I   0.96536 0.01107 0.02316 0.00041 ( 1)
 146 L   0.95057 0.01903 0.02963 0.00077 ( 1)
 147 R   0.96278 0.01231 0.02445 0.00047 ( 1)
 148 R   0.96278 0.01231 0.02445 0.00047 ( 1)
 149 Q   0.94518 0.02235 0.03154 0.00093 ( 1)
 150 Y   0.96291 0.01226 0.02436 0.00046 ( 1)
 151 N   0.95804 0.01478 0.02661 0.00057 ( 1)
 152 L   0.94743 0.02112 0.03058 0.00087 ( 1)
 153 S   0.97139 0.00812 0.02020 0.00029 ( 1)
 154 T   0.95757 0.01519 0.02665 0.00059 ( 1)
 155 S   0.95890 0.01436 0.02617 0.00056 ( 1)
 156 P   0.96516 0.01106 0.02336 0.00041 ( 1)
 157 L   0.97275 0.00729 0.01970 0.00026 ( 1)
 158 T   0.95662 0.01542 0.02735 0.00061 ( 1)
 159 S   0.97018 0.00851 0.02101 0.00031 ( 1)
 160 T   0.96370 0.01177 0.02409 0.00044 ( 1)
 161 I   0.96615 0.01063 0.02282 0.00039 ( 1)
 162 A   0.96552 0.01087 0.02321 0.00040 ( 1)
 163 T   0.96537 0.01100 0.02322 0.00041 ( 1)
 164 G   0.95524 0.01645 0.02766 0.00065 ( 1)
 165 T   0.96537 0.01100 0.02322 0.00041 ( 1)
 166 N   0.95866 0.01462 0.02616 0.00056 ( 1)
 167 L   0.97275 0.00729 0.01970 0.00026 ( 1)
 168 V   0.95305 0.01769 0.02855 0.00071 ( 1)
 169 L   0.94166 0.02435 0.03296 0.00103 ( 1)
 170 Y   0.96567 0.01082 0.02311 0.00040 ( 1)
 171 A   0.96552 0.01087 0.02321 0.00040 ( 1)
 172 A   0.96278 0.01231 0.02445 0.00047 ( 1)
 173 P   0.96039 0.01360 0.02549 0.00052 ( 1)
 174 L   0.94533 0.02217 0.03157 0.00092 ( 1)
 175 S   0.95674 0.01565 0.02699 0.00061 ( 1)
 176 P   0.97274 0.00733 0.01967 0.00026 ( 1)
 177 L   0.94872 0.02018 0.03027 0.00083 ( 1)
 178 L   0.97192 0.00774 0.02006 0.00027 ( 1)
 179 P   0.97119 0.00798 0.02054 0.00028 ( 1)
 180 L   0.97124 0.00792 0.02055 0.00028 ( 1)
 181 Q   0.94379 0.02333 0.03190 0.00097 ( 1)
 182 D   0.95935 0.01420 0.02590 0.00055 ( 1)
 183 G   0.95046 0.01921 0.02956 0.00078 ( 1)
 184 T   0.96431 0.01165 0.02361 0.00043 ( 1)
 185 N   0.95863 0.01464 0.02616 0.00057 ( 1)
 186 T   0.96530 0.01101 0.02328 0.00041 ( 1)
 187 H   0.96658 0.01040 0.02264 0.00038 ( 1)
 188 I   0.96369 0.01186 0.02400 0.00045 ( 1)
 189 M   0.96890 0.00930 0.02147 0.00033 ( 1)
 190 A   0.96278 0.01231 0.02445 0.00047 ( 1)
 191 T   0.96103 0.01371 0.02473 0.00052 ( 1)
 192 E   0.95155 0.01861 0.02909 0.00075 ( 1)
 193 A   0.96278 0.01231 0.02445 0.00047 ( 1)
 194 S   0.97225 0.00744 0.02005 0.00026 ( 1)
 195 N   0.28175 0.19600 0.51037 0.01188 ( 3)
 196 Y   0.96567 0.01082 0.02311 0.00040 ( 1)
 197 A   0.96446 0.01152 0.02360 0.00043 ( 1)
 198 Q   0.94518 0.02235 0.03154 0.00093 ( 1)
 199 Y   0.96567 0.01082 0.02311 0.00040 ( 1)
 200 R   0.96407 0.01184 0.02364 0.00044 ( 1)
 201 V   0.96537 0.01092 0.02331 0.00041 ( 1)
 202 V   0.96265 0.01235 0.02454 0.00047 ( 1)
 203 R   0.96550 0.01088 0.02321 0.00040 ( 1)
 204 A   0.96278 0.01231 0.02445 0.00047 ( 1)
 205 T   0.96537 0.01100 0.02322 0.00041 ( 1)
 206 I   0.96544 0.01101 0.02315 0.00041 ( 1)
 207 R   0.95699 0.01543 0.02698 0.00060 ( 1)
 208 Y   0.96291 0.01226 0.02436 0.00046 ( 1)
 209 R   0.94958 0.02043 0.02917 0.00083 ( 1)
 210 P   0.97138 0.00816 0.02017 0.00029 ( 1)
 211 L   0.94538 0.02213 0.03158 0.00092 ( 1)
 212 V   0.95769 0.01506 0.02666 0.00059 ( 1)
 213 P   0.96516 0.01106 0.02336 0.00041 ( 1)
 214 N   0.95866 0.01462 0.02616 0.00056 ( 1)
 215 A   0.95762 0.01509 0.02671 0.00059 ( 1)
 216 V   0.96537 0.01092 0.02331 0.00041 ( 1)
 217 G   0.95524 0.01645 0.02766 0.00065 ( 1)
 218 G   0.95026 0.01941 0.02955 0.00079 ( 1)
 219 Y   0.96291 0.01226 0.02436 0.00046 ( 1)
 220 A   0.96339 0.01215 0.02400 0.00046 ( 1)
 221 I   0.96536 0.01107 0.02316 0.00041 ( 1)
 222 S   0.97016 0.00853 0.02100 0.00031 ( 1)
 223 I   0.96372 0.01184 0.02400 0.00044 ( 1)
 224 S   0.97169 0.00785 0.02018 0.00028 ( 1)
 225 F   0.97403 0.00669 0.01904 0.00023 ( 1)
 226 W   0.94642 0.02159 0.03110 0.00089 ( 1)
 227 P   0.97258 0.00742 0.01974 0.00026 ( 1)
 228 Q   0.94518 0.02235 0.03154 0.00093 ( 1)
 229 T   0.95757 0.01519 0.02665 0.00059 ( 1)
 230 T   0.95288 0.01784 0.02857 0.00071 ( 1)
 231 T   0.96270 0.01235 0.02448 0.00047 ( 1)
 232 T   0.96365 0.01178 0.02412 0.00044 ( 1)
 233 P   0.96494 0.01119 0.02345 0.00042 ( 1)
 234 T   0.96370 0.01177 0.02409 0.00044 ( 1)
 235 S   0.97125 0.00792 0.02055 0.00028 ( 1)
 236 V   0.96281 0.01225 0.02448 0.00046 ( 1)
 237 D   0.95729 0.01550 0.02661 0.00060 ( 1)
 238 M   0.96890 0.00930 0.02147 0.00033 ( 1)
 239 N   0.95854 0.01470 0.02619 0.00057 ( 1)
 240 S   0.97122 0.00794 0.02055 0.00028 ( 1)
 241 I   0.96379 0.01183 0.02393 0.00044 ( 1)
 242 T   0.95983 0.01279 0.02688 0.00050 ( 1)
 243 S   0.97139 0.00812 0.02020 0.00029 ( 1)
 244 T   0.96392 0.01198 0.02365 0.00045 ( 1)
 245 D   0.95938 0.01419 0.02588 0.00055 ( 1)
 246 V   0.96272 0.01232 0.02449 0.00047 ( 1)
 247 R   0.96552 0.01087 0.02321 0.00040 ( 1)
 248 I   0.96425 0.01172 0.02359 0.00044 ( 1)
 249 L   0.97139 0.00812 0.02020 0.00029 ( 1)
 250 V   0.96537 0.01092 0.02331 0.00041 ( 1)
 251 Q   0.94440 0.02259 0.03207 0.00094 ( 1)
 252 P   0.97172 0.00790 0.02010 0.00028 ( 1)
 253 G   0.95691 0.01560 0.02688 0.00061 ( 1)
 254 I   0.96536 0.01107 0.02316 0.00041 ( 1)
 255 A   0.96278 0.01231 0.02445 0.00047 ( 1)
 256 S   0.97276 0.00729 0.01970 0.00026 ( 1)
 257 E   0.94936 0.02024 0.02957 0.00082 ( 1)
 258 L   0.31676 0.12072 0.55524 0.00728 ( 3)
 259 V   0.95769 0.01506 0.02666 0.00059 ( 1)
 260 I   0.96246 0.01126 0.02583 0.00045 ( 1)
 261 P   0.97274 0.00733 0.01967 0.00026 ( 1)
 262 S   0.28321 0.18091 0.52479 0.01109 ( 3)
 263 E   0.95155 0.01861 0.02909 0.00075 ( 1)
 264 R   0.96278 0.01231 0.02445 0.00047 ( 1)
 265 L   0.94538 0.02213 0.03158 0.00092 ( 1)
 266 H   0.96555 0.01102 0.02301 0.00041 ( 1)
 267 Y   0.96566 0.01083 0.02311 0.00040 ( 1)
 268 R   0.96390 0.01162 0.02405 0.00044 ( 1)
 269 N   0.95864 0.01463 0.02616 0.00057 ( 1)
 270 Q   0.94518 0.02235 0.03154 0.00093 ( 1)
 271 G   0.95785 0.01502 0.02655 0.00059 ( 1)
 272 W   0.94642 0.02159 0.03110 0.00089 ( 1)
 273 R   0.96278 0.01231 0.02445 0.00047 ( 1)
 274 S   0.96106 0.01344 0.02499 0.00051 ( 1)
 275 V   0.96537 0.01092 0.02331 0.00041 ( 1)
 276 E   0.95155 0.01861 0.02909 0.00075 ( 1)
 277 T   0.96537 0.01100 0.02322 0.00041 ( 1)
 278 S   0.97273 0.00731 0.01970 0.00026 ( 1)
 279 G   0.95795 0.01492 0.02655 0.00058 ( 1)
 280 V   0.96372 0.01191 0.02392 0.00045 ( 1)
 281 A   0.95776 0.01506 0.02660 0.00059 ( 1)
 282 E   0.95155 0.01861 0.02909 0.00075 ( 1)
 283 E   0.95155 0.01861 0.02909 0.00075 ( 1)
 284 E   0.95155 0.01861 0.02909 0.00075 ( 1)
 285 A   0.96544 0.01091 0.02324 0.00041 ( 1)
 286 T   0.96260 0.01245 0.02448 0.00047 ( 1)
 287 S   0.97276 0.00729 0.01970 0.00026 ( 1)
 288 G   0.95524 0.01645 0.02766 0.00065 ( 1)
 289 L   0.97275 0.00729 0.01970 0.00026 ( 1)
 290 V   0.96526 0.01101 0.02331 0.00041 ( 1)
 291 M   0.96890 0.00930 0.02147 0.00033 ( 1)
 292 L   0.97275 0.00729 0.01970 0.00026 ( 1)
 293 C   0.96622 0.01050 0.02290 0.00039 ( 1)
 294 I   0.96382 0.01178 0.02396 0.00044 ( 1)
 295 H   0.96658 0.01040 0.02264 0.00038 ( 1)
 296 G   0.94490 0.02251 0.03166 0.00094 ( 1)
 297 S   0.96963 0.00798 0.02210 0.00029 ( 1)
 298 P   0.97274 0.00733 0.01967 0.00026 ( 1)
 299 V   0.95675 0.01530 0.02735 0.00060 ( 1)
 300 N   0.95845 0.01471 0.02627 0.00057 ( 1)
 301 S   0.97084 0.00838 0.02049 0.00030 ( 1)
 302 Y   0.96398 0.01180 0.02377 0.00044 ( 1)
 303 T   0.96537 0.01100 0.02322 0.00041 ( 1)
 304 N   0.26843 0.18392 0.53606 0.01159 ( 3)
 305 T   0.95288 0.01784 0.02857 0.00071 ( 1)
 306 P   0.97067 0.00846 0.02057 0.00030 ( 1)
 307 Y   0.96311 0.01213 0.02430 0.00046 ( 1)
 308 T   0.96537 0.01100 0.02322 0.00041 ( 1)
 309 G   0.95795 0.01492 0.02655 0.00058 ( 1)
 310 A   0.96495 0.01101 0.02363 0.00041 ( 1)
 311 L   0.97016 0.00853 0.02100 0.00031 ( 1)
 312 G   0.95587 0.01627 0.02722 0.00064 ( 1)
 313 L   0.94563 0.02189 0.03157 0.00091 ( 1)
 314 L   0.97123 0.00793 0.02055 0.00028 ( 1)
 315 D   0.95879 0.01434 0.02631 0.00056 ( 1)
 316 F   0.97403 0.00669 0.01904 0.00023 ( 1)
 317 A   0.95682 0.01531 0.02727 0.00060 ( 1)
 318 L   0.97208 0.00746 0.02019 0.00027 ( 1)
 319 E   0.95155 0.01861 0.02909 0.00075 ( 1)
 320 L   0.97219 0.00741 0.02014 0.00026 ( 1)
 321 E   0.95006 0.01956 0.02959 0.00079 ( 1)
 322 F   0.39546 0.11427 0.48422 0.00604 ( 3)
 323 R   0.96386 0.01168 0.02402 0.00044 ( 1)
 324 N   0.95866 0.01462 0.02616 0.00056 ( 1)
 325 L   0.95066 0.01900 0.02957 0.00077 ( 1)
 326 T   0.95288 0.01784 0.02857 0.00071 ( 1)
 327 P   0.97274 0.00733 0.01967 0.00026 ( 1)
 328 G   0.95707 0.01549 0.02683 0.00061 ( 1)
 329 N   0.95794 0.01499 0.02649 0.00058 ( 1)
 330 T   0.95745 0.01522 0.02674 0.00059 ( 1)
 331 N   0.95804 0.01478 0.02661 0.00057 ( 1)
 332 T   0.95757 0.01519 0.02665 0.00059 ( 1)
 333 R   0.96223 0.01244 0.02486 0.00047 ( 1)
 334 V   0.95919 0.01453 0.02572 0.00056 ( 1)
 335 S   0.97103 0.00804 0.02065 0.00029 ( 1)
 336 R   0.96552 0.01087 0.02321 0.00040 ( 1)
 337 Y   0.96562 0.01083 0.02315 0.00040 ( 1)
 338 S   0.97088 0.00763 0.02121 0.00028 ( 1)
 339 S   0.95926 0.01428 0.02592 0.00055 ( 1)
 340 S   0.95763 0.01509 0.02670 0.00059 ( 1)
 341 A   0.95681 0.01532 0.02727 0.00060 ( 1)
 342 R   0.96339 0.01215 0.02400 0.00046 ( 1)
 343 H   0.96392 0.01177 0.02387 0.00044 ( 1)
 344 K   0.95069 0.01913 0.02941 0.00077 ( 1)
 345 L   0.94515 0.02273 0.03118 0.00094 ( 1)
 346 R   0.96278 0.01231 0.02445 0.00047 ( 1)
 347 R   0.93508 0.02856 0.03513 0.00124 ( 1)
 348 G   0.94939 0.01952 0.03029 0.00080 ( 1)
 349 P   0.97274 0.00733 0.01967 0.00026 ( 1)
 350 D   0.95879 0.01434 0.02631 0.00056 ( 1)
 351 G   0.95630 0.01598 0.02709 0.00063 ( 1)
 352 T   0.96285 0.01166 0.02505 0.00044 ( 1)
 353 A   0.96178 0.01256 0.02518 0.00048 ( 1)
 354 E   0.95139 0.01872 0.02914 0.00075 ( 1)
 355 L   0.94495 0.02208 0.03205 0.00092 ( 1)
 356 T   0.96316 0.01230 0.02407 0.00046 ( 1)
 357 T   0.95912 0.01476 0.02555 0.00057 ( 1)
 358 T   0.96537 0.01100 0.02322 0.00041 ( 1)
 359 A   0.96552 0.01087 0.02321 0.00040 ( 1)
 360 A   0.96552 0.01087 0.02321 0.00040 ( 1)
 361 T   0.95288 0.01784 0.02857 0.00071 ( 1)
 362 R   0.96419 0.01177 0.02360 0.00044 ( 1)
 363 F   0.38921 0.11879 0.48568 0.00633 ( 3)
 364 M   0.96890 0.00930 0.02147 0.00033 ( 1)
 365 K   0.94820 0.02044 0.03052 0.00084 ( 1)
 366 D   0.95938 0.01419 0.02588 0.00055 ( 1)
 367 L   0.97214 0.00742 0.02018 0.00026 ( 1)
 368 H   0.96658 0.01040 0.02264 0.00038 ( 1)
 369 F   0.97403 0.00669 0.01904 0.00023 ( 1)
 370 T   0.95977 0.01447 0.02521 0.00055 ( 1)
 371 G   0.95046 0.01921 0.02956 0.00078 ( 1)
 372 T   0.33214 0.15646 0.50250 0.00891 ( 3)
 373 N   0.95866 0.01462 0.02616 0.00056 ( 1)
 374 G   0.95795 0.01492 0.02655 0.00058 ( 1)
 375 V   0.96537 0.01092 0.02331 0.00041 ( 1)
 376 G   0.95795 0.01492 0.02655 0.00058 ( 1)
 377 E   0.95155 0.01861 0.02909 0.00075 ( 1)
 378 V   0.96486 0.01104 0.02369 0.00041 ( 1)
 379 G   0.95587 0.01627 0.02722 0.00064 ( 1)
 380 R   0.33385 0.15563 0.50170 0.00883 ( 3)
 381 G   0.95795 0.01492 0.02655 0.00058 ( 1)
 382 I   0.96188 0.01161 0.02605 0.00046 ( 1)
 383 A   0.95779 0.01503 0.02660 0.00059 ( 1)
 384 L   0.94390 0.02310 0.03204 0.00097 ( 1)
 385 T   0.96270 0.01235 0.02448 0.00047 ( 1)
 386 L   0.94538 0.02213 0.03158 0.00092 ( 1)
 387 F   0.97311 0.00718 0.01946 0.00025 ( 1)
 388 N   0.95866 0.01462 0.02616 0.00056 ( 1)
 389 L   0.97219 0.00741 0.02014 0.00026 ( 1)
 390 A   0.96495 0.01101 0.02363 0.00041 ( 1)
 391 D   0.95938 0.01419 0.02588 0.00055 ( 1)
 392 T   0.95757 0.01519 0.02665 0.00059 ( 1)
 393 L   0.97275 0.00729 0.01970 0.00026 ( 1)
 394 L   0.97016 0.00853 0.02100 0.00031 ( 1)
 395 G   0.95524 0.01645 0.02766 0.00065 ( 1)
 396 G   0.95046 0.01921 0.02956 0.00078 ( 1)
 397 L   0.97027 0.00843 0.02100 0.00030 ( 1)
 398 P   0.96516 0.01106 0.02336 0.00041 ( 1)
 399 T   0.95288 0.01784 0.02857 0.00071 ( 1)
 400 E   0.94745 0.02102 0.03066 0.00086 ( 1)
 401 L   0.94930 0.01948 0.03042 0.00080 ( 1)
 402 I   0.96638 0.01047 0.02277 0.00039 ( 1)
 403 S   0.96451 0.01136 0.02371 0.00043 ( 1)
 404 S   0.96451 0.01136 0.02371 0.00043 ( 1)
 405 A   0.96451 0.01150 0.02356 0.00043 ( 1)
 406 G   0.95169 0.01869 0.02888 0.00075 ( 1)
 407 G   0.95524 0.01645 0.02766 0.00065 ( 1)
 408 Q   0.94518 0.02235 0.03154 0.00093 ( 1)
 409 L   0.94568 0.02191 0.03150 0.00091 ( 1)
 410 F   0.39424 0.11499 0.48468 0.00609 ( 3)
 411 Y   0.96471 0.01139 0.02348 0.00042 ( 1)
 412 S   0.96153 0.01361 0.02434 0.00052 ( 1)
 413 R   0.96278 0.01231 0.02445 0.00047 ( 1)
 414 P   0.97012 0.00858 0.02099 0.00031 ( 1)
 415 V   0.96265 0.01235 0.02454 0.00047 ( 1)
 416 V   0.96265 0.01235 0.02454 0.00047 ( 1)
 417 S   0.95890 0.01436 0.02617 0.00056 ( 1)
 418 A   0.96278 0.01231 0.02445 0.00047 ( 1)
 419 N   0.95866 0.01462 0.02616 0.00056 ( 1)
 420 G   0.95524 0.01645 0.02766 0.00065 ( 1)
 421 E   0.95155 0.01861 0.02909 0.00075 ( 1)
 422 P   0.96516 0.01106 0.02336 0.00041 ( 1)
 423 T   0.95288 0.01784 0.02857 0.00071 ( 1)
 424 V   0.95769 0.01506 0.02666 0.00059 ( 1)
 425 K   0.94658 0.02156 0.03098 0.00089 ( 1)
 426 L   0.97121 0.00814 0.02036 0.00029 ( 1)
 427 Y   0.96291 0.01226 0.02436 0.00046 ( 1)
 428 T   0.96392 0.01198 0.02365 0.00045 ( 1)
 429 S   0.95890 0.01436 0.02617 0.00056 ( 1)
 430 V   0.96313 0.01237 0.02403 0.00047 ( 1)
 431 E   0.95144 0.01864 0.02917 0.00075 ( 1)
 432 N   0.95866 0.01462 0.02616 0.00056 ( 1)
 433 A   0.96552 0.01087 0.02321 0.00040 ( 1)
 434 Q   0.94518 0.02235 0.03154 0.00093 ( 1)
 435 Q   0.94518 0.02235 0.03154 0.00093 ( 1)
 436 D   0.95683 0.01561 0.02696 0.00061 ( 1)
 437 K   0.95069 0.01913 0.02941 0.00077 ( 1)
 438 G   0.95795 0.01492 0.02655 0.00058 ( 1)
 439 I   0.96536 0.01107 0.02316 0.00041 ( 1)
 440 A   0.31991 0.15885 0.51194 0.00930 ( 3)
 441 I   0.96635 0.01049 0.02277 0.00039 ( 1)
 442 P   0.96039 0.01360 0.02549 0.00052 ( 1)
 443 H   0.96655 0.01042 0.02264 0.00038 ( 1)
 444 D   0.95928 0.01429 0.02588 0.00055 ( 1)
 445 I   0.96534 0.01110 0.02315 0.00041 ( 1)
 446 D   0.26209 0.18602 0.54004 0.01185 ( 3)
 447 L   0.97275 0.00729 0.01970 0.00026 ( 1)
 448 G   0.95795 0.01492 0.02655 0.00058 ( 1)
 449 E   0.95155 0.01861 0.02909 0.00075 ( 1)
 450 S   0.97016 0.00853 0.02100 0.00031 ( 1)
 451 R   0.94490 0.02161 0.03258 0.00091 ( 1)
 452 V   0.96190 0.01206 0.02557 0.00046 ( 1)
 453 V   0.30504 0.17148 0.51337 0.01011 ( 3)
 454 I   0.67268 0.30039 0.01585 0.01107 ( 1)
 455 Q   0.94518 0.02235 0.03154 0.00093 ( 1)
 456 D   0.95928 0.01426 0.02591 0.00055 ( 1)
 457 Y   0.96565 0.01084 0.02311 0.00040 ( 1)
 458 D   0.95837 0.01485 0.02621 0.00057 ( 1)
 459 N   0.95866 0.01462 0.02616 0.00056 ( 1)
 460 Q   0.94161 0.02453 0.03283 0.00103 ( 1)
 461 H   0.96464 0.01154 0.02339 0.00043 ( 1)
 462 E   0.95138 0.01873 0.02913 0.00075 ( 1)
 463 Q   0.94161 0.02453 0.03283 0.00103 ( 1)
 464 D   0.95674 0.01565 0.02699 0.00061 ( 1)
 465 R   0.96552 0.01087 0.02321 0.00040 ( 1)
 466 P   0.97023 0.00848 0.02099 0.00030 ( 1)
 467 T   0.96431 0.01165 0.02361 0.00043 ( 1)
 468 P   0.97260 0.00743 0.01970 0.00026 ( 1)
 469 S   0.97157 0.00766 0.02050 0.00027 ( 1)
 470 P   0.97203 0.00772 0.01998 0.00027 ( 1)
 471 A   0.96495 0.01101 0.02363 0.00041 ( 1)
 472 P   0.36345 0.13516 0.49397 0.00742 ( 3)
 473 S   0.95890 0.01436 0.02617 0.00056 ( 1)
 474 R   0.96383 0.01188 0.02385 0.00045 ( 1)
 475 P   0.97022 0.00849 0.02099 0.00030 ( 1)
 476 F   0.97293 0.00705 0.01977 0.00025 ( 1)
 477 S   0.96159 0.01335 0.02455 0.00051 ( 1)
 478 V   0.96372 0.01191 0.02392 0.00045 ( 1)
 479 L   0.97275 0.00729 0.01970 0.00026 ( 1)
 480 R   0.96449 0.01149 0.02360 0.00043 ( 1)
 481 A   0.96541 0.01097 0.02321 0.00041 ( 1)
 482 N   0.95866 0.01462 0.02616 0.00056 ( 1)
 483 D   0.95919 0.01429 0.02597 0.00055 ( 1)
 484 V   0.95769 0.01506 0.02666 0.00059 ( 1)
 485 L   0.97192 0.00774 0.02006 0.00027 ( 1)
 486 W   0.94642 0.02159 0.03110 0.00089 ( 1)
 487 L   0.97275 0.00729 0.01970 0.00026 ( 1)
 488 S   0.96123 0.01289 0.02538 0.00049 ( 1)
 489 L   0.94865 0.02038 0.03014 0.00083 ( 1)
 490 T   0.96006 0.01428 0.02511 0.00055 ( 1)
 491 A   0.96541 0.01097 0.02321 0.00041 ( 1)
 492 A   0.96552 0.01087 0.02321 0.00040 ( 1)
 493 E   0.51856 0.44673 0.01651 0.01820 ( 1)
 494 Y   0.96564 0.01085 0.02311 0.00040 ( 1)
 495 D   0.95816 0.01465 0.02663 0.00057 ( 1)
 496 Q   0.94161 0.02453 0.03283 0.00103 ( 1)
 497 T   0.96537 0.01100 0.02322 0.00041 ( 1)
 498 T   0.96523 0.01108 0.02327 0.00041 ( 1)
 499 Y   0.96506 0.01096 0.02357 0.00041 ( 1)
 500 G   0.95795 0.01492 0.02655 0.00058 ( 1)
 501 S   0.97274 0.00730 0.01970 0.00026 ( 1)
 502 S   0.97035 0.00841 0.02094 0.00030 ( 1)
 503 T   0.96408 0.01144 0.02405 0.00043 ( 1)
 504 N   0.95866 0.01462 0.02616 0.00056 ( 1)
 505 P   0.97274 0.00733 0.01967 0.00026 ( 1)
 506 M   0.96890 0.00930 0.02147 0.00033 ( 1)
 507 Y   0.96567 0.01082 0.02311 0.00040 ( 1)
 508 V   0.96537 0.01092 0.02331 0.00041 ( 1)
 509 S   0.97276 0.00729 0.01970 0.00026 ( 1)
 510 D   0.95779 0.01498 0.02665 0.00058 ( 1)
 511 T   0.96537 0.01100 0.02322 0.00041 ( 1)
 512 V   0.95593 0.01621 0.02723 0.00064 ( 1)
 513 T   0.95288 0.01784 0.02857 0.00071 ( 1)
 514 F   0.97403 0.00669 0.01904 0.00023 ( 1)
 515 V   0.96444 0.01143 0.02370 0.00043 ( 1)
 516 N   0.95866 0.01462 0.02616 0.00056 ( 1)
 517 V   0.95497 0.01642 0.02796 0.00065 ( 1)
 518 A   0.95779 0.01503 0.02660 0.00059 ( 1)
 519 T   0.96260 0.01245 0.02448 0.00047 ( 1)
 520 G   0.95795 0.01492 0.02655 0.00058 ( 1)
 521 A   0.96390 0.01162 0.02405 0.00044 ( 1)
 522 Q   0.94518 0.02235 0.03154 0.00093 ( 1)
 523 G   0.95046 0.01921 0.02956 0.00078 ( 1)
 524 V   0.96439 0.01153 0.02364 0.00043 ( 1)
 525 S   0.97192 0.00774 0.02006 0.00027 ( 1)
 526 R   0.96530 0.01109 0.02320 0.00041 ( 1)
 527 S   0.97016 0.00853 0.02100 0.00031 ( 1)
 528 L   0.94538 0.02213 0.03158 0.00092 ( 1)
 529 D   0.95674 0.01565 0.02699 0.00061 ( 1)
 530 W   0.94642 0.02159 0.03110 0.00089 ( 1)
 531 S   0.97139 0.00812 0.02020 0.00029 ( 1)
 532 K   0.94658 0.02156 0.03098 0.00089 ( 1)
 533 V   0.96378 0.01165 0.02414 0.00044 ( 1)
 534 T   0.96260 0.01245 0.02448 0.00047 ( 1)
 535 L   0.97103 0.00804 0.02065 0.00029 ( 1)
 536 D   0.95915 0.01433 0.02597 0.00055 ( 1)
 537 G   0.95493 0.01697 0.02743 0.00067 ( 1)
 538 R   0.94958 0.02043 0.02917 0.00083 ( 1)
 539 P   0.96516 0.01106 0.02336 0.00041 ( 1)
 540 L   0.97265 0.00738 0.01971 0.00026 ( 1)
 541 T   0.59401 0.37524 0.01624 0.01451 ( 1)
 542 T   0.96537 0.01100 0.02322 0.00041 ( 1)
 543 I   0.96635 0.01048 0.02278 0.00039 ( 1)
 544 Q   0.94518 0.02235 0.03154 0.00093 ( 1)
 545 Q   0.94518 0.02235 0.03154 0.00093 ( 1)
 546 Y   0.96547 0.01092 0.02321 0.00041 ( 1)
 547 S   0.97276 0.00729 0.01970 0.00026 ( 1)
 548 K   0.95069 0.01913 0.02941 0.00077 ( 1)
 549 T   0.32193 0.16602 0.50249 0.00956 ( 3)
 550 F   0.97164 0.00782 0.02027 0.00028 ( 1)
 551 F   0.39546 0.11427 0.48422 0.00604 ( 3)
 552 V   0.96537 0.01092 0.02331 0.00041 ( 1)
 553 L   0.94579 0.02137 0.03194 0.00089 ( 1)
 554 P   0.96990 0.00880 0.02099 0.00032 ( 1)
 555 L   0.97274 0.00730 0.01970 0.00026 ( 1)
 556 R   0.96537 0.01096 0.02326 0.00041 ( 1)
 557 G   0.95697 0.01536 0.02707 0.00060 ( 1)
 558 K   0.95069 0.01913 0.02941 0.00077 ( 1)
 559 L   0.97033 0.00843 0.02094 0.00030 ( 1)
 560 S   0.97270 0.00732 0.01973 0.00026 ( 1)
 561 F   0.97265 0.00726 0.01983 0.00026 ( 1)
 562 W   0.94642 0.02159 0.03110 0.00089 ( 1)
 563 E   0.95155 0.01861 0.02909 0.00075 ( 1)
 564 A   0.96449 0.01129 0.02380 0.00042 ( 1)
 565 G   0.95524 0.01645 0.02766 0.00065 ( 1)
 566 T   0.96433 0.01163 0.02361 0.00043 ( 1)
 567 T   0.96392 0.01198 0.02365 0.00045 ( 1)
 568 K   0.94673 0.02141 0.03098 0.00088 ( 1)
 569 A   0.96552 0.01087 0.02321 0.00040 ( 1)
 570 G   0.95524 0.01645 0.02766 0.00065 ( 1)
 571 Y   0.96384 0.01170 0.02402 0.00044 ( 1)
 572 P   0.97274 0.00733 0.01967 0.00026 ( 1)
 573 Y   0.96557 0.01092 0.02311 0.00040 ( 1)
 574 N   0.95804 0.01478 0.02661 0.00057 ( 1)
 575 Y   0.96567 0.01082 0.02311 0.00040 ( 1)
 576 N   0.95804 0.01478 0.02661 0.00057 ( 1)
 577 T   0.96402 0.01146 0.02409 0.00043 ( 1)
 578 T   0.65938 0.31314 0.01586 0.01162 ( 1)
 579 A   0.96295 0.01222 0.02436 0.00046 ( 1)
 580 S   0.95938 0.01419 0.02588 0.00055 ( 1)
 581 D   0.95938 0.01419 0.02588 0.00055 ( 1)
 582 Q   0.94518 0.02235 0.03154 0.00093 ( 1)
 583 I   0.96534 0.01110 0.02315 0.00041 ( 1)
 584 L   0.94589 0.02185 0.03135 0.00091 ( 1)
 585 I   0.96638 0.01047 0.02277 0.00039 ( 1)
 586 E   0.94792 0.02071 0.03052 0.00085 ( 1)
 587 N   0.95866 0.01462 0.02616 0.00056 ( 1)
 588 A   0.95334 0.01751 0.02845 0.00070 ( 1)
 589 P   0.68064 0.29425 0.01455 0.01056 ( 1)
 590 G   0.95744 0.01507 0.02690 0.00059 ( 1)
 591 H   0.96392 0.01177 0.02387 0.00044 ( 1)
 592 R   0.96550 0.01089 0.02321 0.00040 ( 1)
 593 V   0.96277 0.01224 0.02453 0.00046 ( 1)
 594 C   0.96611 0.01059 0.02290 0.00039 ( 1)
 595 I   0.96638 0.01047 0.02277 0.00039 ( 1)
 596 S   0.96652 0.01060 0.02249 0.00039 ( 1)
 597 T   0.96408 0.01144 0.02405 0.00043 ( 1)
 598 Y   0.96567 0.01082 0.02311 0.00040 ( 1)
 599 T   0.96521 0.01108 0.02329 0.00041 ( 1)
 600 T   0.96523 0.01108 0.02327 0.00041 ( 1)
 601 N   0.95866 0.01462 0.02616 0.00056 ( 1)
 602 L   0.97179 0.00764 0.02030 0.00027 ( 1)
 603 G   0.95775 0.01503 0.02664 0.00059 ( 1)
 604 S   0.97031 0.00846 0.02092 0.00030 ( 1)
 605 G   0.95691 0.01560 0.02688 0.00061 ( 1)
 606 P   0.97274 0.00733 0.01967 0.00026 ( 1)
 607 V   0.96535 0.01094 0.02331 0.00041 ( 1)
 608 S   0.32374 0.12031 0.54876 0.00719 ( 3)
 609 I   0.96439 0.01165 0.02352 0.00043 ( 1)
 610 S   0.97276 0.00729 0.01970 0.00026 ( 1)
 611 A   0.96552 0.01087 0.02321 0.00040 ( 1)
 612 V   0.96000 0.01268 0.02683 0.00049 ( 1)
 613 G   0.95795 0.01493 0.02655 0.00058 ( 1)
 614 V   0.96265 0.01235 0.02454 0.00047 ( 1)
 615 L   0.97018 0.00851 0.02101 0.00031 ( 1)
 616 A   0.95312 0.01767 0.02850 0.00071 ( 1)
 617 P   0.97268 0.00734 0.01971 0.00026 ( 1)
 618 H   0.96394 0.01175 0.02387 0.00044 ( 1)
 619 S   0.97276 0.00729 0.01970 0.00026 ( 1)
 620 A   0.00079 0.95967 0.00003 0.03952 ( 2)
 621 L   0.94575 0.02193 0.03141 0.00091 ( 1)
 622 A   0.96278 0.01231 0.02445 0.00047 ( 1)
 623 A   0.96552 0.01087 0.02321 0.00040 ( 1)
 624 L   0.94878 0.02028 0.03010 0.00083 ( 1)
 625 E   0.95155 0.01861 0.02909 0.00075 ( 1)
 626 D   0.95837 0.01485 0.02621 0.00057 ( 1)
 627 T   0.96260 0.01245 0.02448 0.00047 ( 1)
 628 V   0.96526 0.01101 0.02331 0.00041 ( 1)
 629 D   0.95798 0.01518 0.02624 0.00059 ( 1)
 630 Y   0.96350 0.01211 0.02393 0.00045 ( 1)
 631 P   0.97274 0.00733 0.01967 0.00026 ( 1)
 632 A   0.96552 0.01087 0.02321 0.00040 ( 1)
 633 R   0.96552 0.01087 0.02321 0.00040 ( 1)
 634 A   0.66173 0.31046 0.01620 0.01161 ( 1)
 635 H   0.96593 0.01054 0.02314 0.00039 ( 1)
 636 T   0.96523 0.01108 0.02327 0.00041 ( 1)
 637 F   0.97386 0.00679 0.01911 0.00024 ( 1)
 638 D   0.95919 0.01429 0.02597 0.00055 ( 1)
 639 D   0.95931 0.01422 0.02592 0.00055 ( 1)
 640 F   0.73298 0.24308 0.01529 0.00865 ( 1)
 641 C   0.96360 0.01185 0.02411 0.00045 ( 1)
 642 P   0.97274 0.00733 0.01967 0.00026 ( 1)
 643 E   0.95155 0.01861 0.02909 0.00075 ( 1)
 644 C   0.96357 0.01188 0.02411 0.00045 ( 1)
 645 R   0.96552 0.01087 0.02321 0.00040 ( 1)
 646 A   0.03368 0.92842 0.00101 0.03689 ( 2)
 647 L   0.97124 0.00792 0.02055 0.00028 ( 1)
 648 G   0.95781 0.01503 0.02658 0.00059 ( 1)
 649 L   0.97174 0.00785 0.02013 0.00028 ( 1)
 650 Q   0.94518 0.02235 0.03154 0.00093 ( 1)
 651 G   0.95524 0.01645 0.02766 0.00065 ( 1)
 652 C   0.96523 0.01091 0.02345 0.00041 ( 1)
 653 A   0.96547 0.01088 0.02324 0.00040 ( 1)
 654 F   0.97316 0.00701 0.01958 0.00025 ( 1)
 655 Q   0.94302 0.02354 0.03245 0.00099 ( 1)
 656 S   0.96430 0.01155 0.02372 0.00043 ( 1)
 657 T   0.96537 0.01100 0.02322 0.00041 ( 1)
 658 V   0.96277 0.01224 0.02453 0.00046 ( 1)
 659 A   0.96495 0.01101 0.02363 0.00041 ( 1)
 660 E   0.95155 0.01861 0.02909 0.00075 ( 1)
 661 L   0.94502 0.02202 0.03204 0.00092 ( 1)
 662 Q   0.94518 0.02235 0.03154 0.00093 ( 1)
 663 R   0.96549 0.01090 0.02321 0.00040 ( 1)
 664 L   0.38990 0.12033 0.48337 0.00640 ( 3)
 665 K   0.94658 0.02156 0.03098 0.00089 ( 1)
 666 M   0.96890 0.00930 0.02147 0.00033 ( 1)
 667 K   0.95069 0.01913 0.02941 0.00077 ( 1)
 668 V   0.95675 0.01530 0.02735 0.00060 ( 1)
 669 G   0.95795 0.01492 0.02655 0.00058 ( 1)
 670 K   0.94658 0.02156 0.03098 0.00089 ( 1)
 671 T   0.96392 0.01198 0.02365 0.00045 ( 1)
 672 R   0.95698 0.01544 0.02698 0.00061 ( 1)
 673 E   0.95155 0.01861 0.02909 0.00075 ( 1)
 674 Y   0.96567 0.01082 0.02311 0.00040 ( 1)


lnL = -5028.950300

Bayes Empirical Bayes (BEB) probabilities for 4 classes (class)
(amino acids refer to 1st sequence: JF915746.1)

   1 -   0.97468 0.01108 0.01398 0.00026 ( 1)
   2 -   0.96701 0.01511 0.01750 0.00039 ( 1)
   3 -   0.96510 0.01612 0.01836 0.00042 ( 1)
   4 M   0.97792 0.00793 0.01397 0.00018 ( 1)
   5 F   0.97976 0.00679 0.01330 0.00015 ( 1)
   6 F   0.28507 0.69597 0.00373 0.01523 ( 2)
   7 C   0.97377 0.00993 0.01606 0.00024 ( 1)
   8 S   0.98059 0.00638 0.01289 0.00014 ( 1)
   9 V   0.96935 0.01233 0.01800 0.00031 ( 1)
  10 H   0.97612 0.00879 0.01488 0.00020 ( 1)
  11 G   0.95965 0.01780 0.02205 0.00050 ( 1)
  12 D   0.97071 0.01167 0.01733 0.00029 ( 1)
  13 A   0.97319 0.01026 0.01630 0.00025 ( 1)
  14 A   0.00861 0.74317 0.18464 0.06358 ( 2)
  15 M   0.97914 0.00716 0.01354 0.00016 ( 1)
  16 R   0.97447 0.00943 0.01587 0.00023 ( 1)
  17 S   0.98181 0.00565 0.01242 0.00012 ( 1)
  18 R   0.97004 0.01177 0.01790 0.00030 ( 1)
  19 A   0.97610 0.00845 0.01525 0.00020 ( 1)
  20 F   0.87428 0.11216 0.01108 0.00248 ( 1)
  21 L   0.96155 0.01643 0.02155 0.00046 ( 1)
  22 F   0.98272 0.00520 0.01197 0.00011 ( 1)
  23 L   0.96217 0.01579 0.02159 0.00045 ( 1)
  24 L   0.61731 0.08294 0.29645 0.00330 ( 1)
  25 F   0.24094 0.66382 0.07287 0.02237 ( 2)
  26 V   0.51515 0.12239 0.35656 0.00589 ( 1)
  27 L   0.86494 0.11825 0.01390 0.00291 ( 1)
  28 L   0.96103 0.01674 0.02176 0.00047 ( 1)
  29 P   0.98183 0.00568 0.01236 0.00012 ( 1)
  30 M   0.97914 0.00716 0.01354 0.00016 ( 1)
  31 L   0.96103 0.01674 0.02176 0.00047 ( 1)
  32 P   0.97992 0.00663 0.01330 0.00015 ( 1)
  33 A   0.97071 0.01146 0.01755 0.00029 ( 1)
  34 P   0.97267 0.01039 0.01668 0.00026 ( 1)
  35 P   0.97624 0.00849 0.01507 0.00020 ( 1)
  36 A   0.48643 0.10869 0.39917 0.00571 ( 1)
  37 G   0.00912 0.93342 0.00763 0.04983 ( 2)
  38 Q   0.25080 0.16064 0.57603 0.01254 ( 3)
  39 P   0.03782 0.13466 0.81657 0.01096 ( 3)
  40 S   0.98181 0.00565 0.01242 0.00012 ( 1)
  41 G   0.96876 0.01252 0.01840 0.00032 ( 1)
  42 R   0.97650 0.00836 0.01494 0.00020 ( 1)
  43 R   0.97447 0.00943 0.01587 0.00023 ( 1)
  44 R   0.97447 0.00943 0.01587 0.00023 ( 1)
  45 G   0.96509 0.01457 0.01995 0.00039 ( 1)
  46 R   0.97004 0.01177 0.01790 0.00030 ( 1)
  47 R   0.97447 0.00943 0.01587 0.00023 ( 1)
  48 S   0.50754 0.12584 0.36050 0.00612 ( 1)
  49 G   0.96876 0.01252 0.01840 0.00032 ( 1)
  50 G   0.97082 0.01138 0.01751 0.00029 ( 1)
  51 T   0.55585 0.10816 0.33119 0.00480 ( 1)
  52 G   0.46410 0.12971 0.39920 0.00699 ( 1)
  53 G   0.97082 0.01138 0.01751 0.00029 ( 1)
  54 G   0.97082 0.01138 0.01751 0.00029 ( 1)
  55 F   0.98099 0.00605 0.01283 0.00013 ( 1)
  56 W   0.96195 0.01634 0.02126 0.00045 ( 1)
  57 G   0.97082 0.01138 0.01751 0.00029 ( 1)
  58 D   0.96997 0.01192 0.01781 0.00030 ( 1)
  59 R   0.97004 0.01177 0.01790 0.00030 ( 1)
  60 V   0.56485 0.09752 0.33324 0.00439 ( 1)
  61 D   0.97197 0.01083 0.01693 0.00027 ( 1)
  62 S   0.98181 0.00565 0.01242 0.00012 ( 1)
  63 Q   0.96101 0.01691 0.02161 0.00047 ( 1)
  64 P   0.97992 0.00663 0.01330 0.00015 ( 1)
  65 F   0.98100 0.00604 0.01283 0.00013 ( 1)
  66 A   0.97447 0.00943 0.01588 0.00023 ( 1)
  67 L   0.97992 0.00659 0.01335 0.00015 ( 1)
  68 P   0.97992 0.00663 0.01330 0.00015 ( 1)
  69 Y   0.97666 0.00831 0.01484 0.00019 ( 1)
  70 I   0.97719 0.00804 0.01458 0.00019 ( 1)
  71 H   0.97738 0.00799 0.01445 0.00018 ( 1)
  72 P   0.16237 0.69702 0.10758 0.03303 ( 2)
  73 T   0.97439 0.00953 0.01585 0.00023 ( 1)
  74 N   0.97039 0.01190 0.01742 0.00030 ( 1)
  75 P   0.97992 0.00663 0.01330 0.00015 ( 1)
  76 F   0.98175 0.00563 0.01250 0.00012 ( 1)
  77 A   0.96715 0.01343 0.01907 0.00035 ( 1)
  78 S   0.86867 0.11689 0.01183 0.00261 ( 1)
  79 D   0.96997 0.01192 0.01781 0.00030 ( 1)
  80 I   0.97719 0.00804 0.01458 0.00019 ( 1)
  81 P   0.80863 0.17323 0.01388 0.00426 ( 1)
  82 T   0.97439 0.00953 0.01585 0.00023 ( 1)
  83 A   0.96715 0.01343 0.01907 0.00035 ( 1)
  84 T   0.82142 0.16128 0.01342 0.00387 ( 1)
  85 G   0.96509 0.01457 0.01995 0.00039 ( 1)
  86 A   0.97651 0.00835 0.01494 0.00020 ( 1)
  87 G   0.96076 0.01703 0.02174 0.00048 ( 1)
  88 A   0.83928 0.14450 0.01284 0.00338 ( 1)
  89 R   0.97447 0.00943 0.01587 0.00023 ( 1)
  90 P   0.63601 0.07435 0.28676 0.00288 ( 1)
  91 R   0.50715 0.12320 0.36357 0.00608 ( 1)
  92 Q   0.96101 0.01691 0.02161 0.00047 ( 1)
  93 P   0.97267 0.01039 0.01668 0.00026 ( 1)
  94 A   0.97447 0.00943 0.01588 0.00023 ( 1)
  95 R   0.97643 0.00838 0.01500 0.00020 ( 1)
  96 P   0.97267 0.01039 0.01668 0.00026 ( 1)
  97 L   0.97992 0.00659 0.01335 0.00015 ( 1)
  98 G   0.96876 0.01252 0.01840 0.00032 ( 1)
  99 S   0.97995 0.00658 0.01332 0.00015 ( 1)
 100 A   0.83235 0.15107 0.01301 0.00357 ( 1)
 101 W   0.96195 0.01634 0.02126 0.00045 ( 1)
 102 R   0.81242 0.16758 0.01560 0.00440 ( 1)
 103 D   0.96997 0.01192 0.01781 0.00030 ( 1)
 104 Q   0.95819 0.01852 0.02276 0.00053 ( 1)
 105 S   0.97992 0.00659 0.01335 0.00015 ( 1)
 106 Q   0.96101 0.01691 0.02161 0.00047 ( 1)
 107 R   0.97447 0.00943 0.01587 0.00023 ( 1)
 108 P   0.97992 0.00663 0.01330 0.00015 ( 1)
 109 A   0.97447 0.00943 0.01588 0.00023 ( 1)
 110 A   0.82054 0.16003 0.01527 0.00416 ( 1)
 111 S   0.01296 0.96337 0.00023 0.02345 ( 2)
 112 A   0.17592 0.68244 0.11016 0.03148 ( 2)
 113 R   0.97652 0.00835 0.01494 0.00020 ( 1)
 114 R   0.97652 0.00835 0.01494 0.00020 ( 1)
 115 R   0.95295 0.02150 0.02490 0.00064 ( 1)
 116 P   0.29442 0.68690 0.00376 0.01492 ( 2)
 117 A   0.97447 0.00943 0.01588 0.00023 ( 1)
 118 P   0.97267 0.01039 0.01668 0.00026 ( 1)
 119 A   0.83949 0.14429 0.01284 0.00338 ( 1)
 120 G   0.96509 0.01457 0.01995 0.00039 ( 1)
 121 A   0.97651 0.00835 0.01494 0.00020 ( 1)
 122 S   0.97571 0.00872 0.01537 0.00021 ( 1)
 123 P   0.97624 0.00849 0.01507 0.00020 ( 1)
 124 L   0.95938 0.01760 0.02252 0.00050 ( 1)
 125 T   0.96847 0.01262 0.01859 0.00032 ( 1)
 126 A   0.97651 0.00835 0.01494 0.00020 ( 1)
 127 V   0.96888 0.01223 0.01858 0.00032 ( 1)
 128 A   0.97464 0.00935 0.01578 0.00022 ( 1)
 129 P   0.97417 0.00947 0.01612 0.00023 ( 1)
 130 A   0.97447 0.00943 0.01588 0.00023 ( 1)
 131 P   0.98090 0.00626 0.01270 0.00014 ( 1)
 132 D   0.03058 0.15010 0.80572 0.01360 ( 3)
 133 T   0.97640 0.00846 0.01495 0.00020 ( 1)
 134 A   0.82034 0.16179 0.01391 0.00397 ( 1)
 135 P   0.97624 0.00849 0.01507 0.00020 ( 1)
 136 V   0.97445 0.00935 0.01597 0.00023 ( 1)
 137 P   0.98175 0.00575 0.01237 0.00012 ( 1)
 138 D   0.96997 0.01192 0.01781 0.00030 ( 1)
 139 V   0.97063 0.01148 0.01760 0.00029 ( 1)
 140 D   0.97077 0.01142 0.01752 0.00029 ( 1)
 141 S   0.98181 0.00565 0.01242 0.00012 ( 1)
 142 R   0.97652 0.00835 0.01494 0.00020 ( 1)
 143 G   0.97082 0.01138 0.01751 0.00029 ( 1)
 144 A   0.97651 0.00835 0.01494 0.00020 ( 1)
 145 I   0.97653 0.00850 0.01478 0.00020 ( 1)
 146 L   0.96508 0.01444 0.02010 0.00039 ( 1)
 147 R   0.97447 0.00943 0.01587 0.00023 ( 1)
 148 R   0.97447 0.00943 0.01587 0.00023 ( 1)
 149 Q   0.96101 0.01691 0.02161 0.00047 ( 1)
 150 Y   0.97460 0.00939 0.01578 0.00022 ( 1)
 151 N   0.97096 0.01127 0.01749 0.00028 ( 1)
 152 L   0.96245 0.01599 0.02111 0.00045 ( 1)
 153 S   0.98079 0.00628 0.01279 0.00014 ( 1)
 154 T   0.97060 0.01157 0.01753 0.00029 ( 1)
 155 S   0.97149 0.01096 0.01727 0.00027 ( 1)
 156 P   0.97624 0.00849 0.01507 0.00020 ( 1)
 157 L   0.98181 0.00565 0.01242 0.00012 ( 1)
 158 T   0.96975 0.01175 0.01820 0.00030 ( 1)
 159 S   0.97993 0.00658 0.01335 0.00015 ( 1)
 160 T   0.97523 0.00902 0.01553 0.00021 ( 1)
 161 I   0.97702 0.00817 0.01462 0.00019 ( 1)
 162 A   0.97651 0.00835 0.01494 0.00020 ( 1)
 163 T   0.97646 0.00844 0.01490 0.00020 ( 1)
 164 G   0.96876 0.01252 0.01840 0.00032 ( 1)
 165 T   0.97646 0.00844 0.01490 0.00020 ( 1)
 166 N   0.97146 0.01115 0.01712 0.00028 ( 1)
 167 L   0.98181 0.00565 0.01242 0.00012 ( 1)
 168 V   0.96708 0.01344 0.01912 0.00035 ( 1)
 169 L   0.95813 0.01839 0.02296 0.00053 ( 1)
 170 Y   0.97666 0.00831 0.01484 0.00019 ( 1)
 171 A   0.97651 0.00835 0.01494 0.00020 ( 1)
 172 A   0.97447 0.00943 0.01588 0.00023 ( 1)
 173 P   0.97267 0.01039 0.01668 0.00026 ( 1)
 174 L   0.96100 0.01677 0.02176 0.00047 ( 1)
 175 S   0.96997 0.01192 0.01781 0.00030 ( 1)
 176 P   0.98183 0.00568 0.01236 0.00012 ( 1)
 177 L   0.96340 0.01529 0.02088 0.00042 ( 1)
 178 L   0.98121 0.00600 0.01266 0.00013 ( 1)
 179 P   0.98073 0.00617 0.01296 0.00014 ( 1)
 180 L   0.98074 0.00613 0.01300 0.00014 ( 1)
 181 Q   0.95993 0.01763 0.02195 0.00049 ( 1)
 182 D   0.97195 0.01084 0.01694 0.00027 ( 1)
 183 G   0.96509 0.01457 0.01995 0.00039 ( 1)
 184 T   0.97565 0.00893 0.01521 0.00021 ( 1)
 185 N   0.97144 0.01117 0.01712 0.00028 ( 1)
 186 T   0.97640 0.00846 0.01495 0.00020 ( 1)
 187 H   0.97738 0.00799 0.01445 0.00018 ( 1)
 188 I   0.97519 0.00909 0.01550 0.00022 ( 1)
 189 M   0.97914 0.00716 0.01354 0.00016 ( 1)
 190 A   0.97447 0.00943 0.01588 0.00023 ( 1)
 191 T   0.97315 0.01048 0.01612 0.00025 ( 1)
 192 E   0.96598 0.01413 0.01952 0.00037 ( 1)
 193 A   0.97447 0.00943 0.01588 0.00023 ( 1)
 194 S   0.98143 0.00577 0.01268 0.00013 ( 1)
 195 N   0.50716 0.12856 0.35808 0.00620 ( 1)
 196 Y   0.97666 0.00831 0.01484 0.00019 ( 1)
 197 A   0.97570 0.00883 0.01525 0.00021 ( 1)
 198 Q   0.96101 0.01691 0.02161 0.00047 ( 1)
 199 Y   0.97666 0.00831 0.01484 0.00019 ( 1)
 200 R   0.97542 0.00908 0.01529 0.00021 ( 1)
 201 V   0.97637 0.00838 0.01505 0.00020 ( 1)
 202 V   0.97434 0.00946 0.01598 0.00023 ( 1)
 203 R   0.97651 0.00836 0.01494 0.00020 ( 1)
 204 A   0.97447 0.00943 0.01588 0.00023 ( 1)
 205 T   0.97646 0.00844 0.01490 0.00020 ( 1)
 206 I   0.97649 0.00845 0.01486 0.00020 ( 1)
 207 R   0.97005 0.01176 0.01790 0.00030 ( 1)
 208 Y   0.97460 0.00939 0.01578 0.00022 ( 1)
 209 R   0.96431 0.01548 0.01980 0.00042 ( 1)
 210 P   0.98081 0.00631 0.01274 0.00014 ( 1)
 211 L   0.96103 0.01674 0.02176 0.00047 ( 1)
 212 V   0.97063 0.01148 0.01760 0.00029 ( 1)
 213 P   0.97624 0.00849 0.01507 0.00020 ( 1)
 214 N   0.97146 0.01115 0.01712 0.00028 ( 1)
 215 A   0.97057 0.01150 0.01764 0.00029 ( 1)
 216 V   0.97637 0.00838 0.01505 0.00020 ( 1)
 217 G   0.96876 0.01252 0.01840 0.00032 ( 1)
 218 G   0.96494 0.01472 0.01995 0.00039 ( 1)
 219 Y   0.97460 0.00939 0.01578 0.00022 ( 1)
 220 A   0.97492 0.00931 0.01555 0.00022 ( 1)
 221 I   0.97653 0.00850 0.01478 0.00020 ( 1)
 222 S   0.97992 0.00659 0.01335 0.00015 ( 1)
 223 I   0.97521 0.00907 0.01550 0.00022 ( 1)
 224 S   0.98103 0.00607 0.01276 0.00013 ( 1)
 225 F   0.98272 0.00520 0.01197 0.00011 ( 1)
 226 W   0.96195 0.01634 0.02126 0.00045 ( 1)
 227 P   0.98171 0.00575 0.01241 0.00012 ( 1)
 228 Q   0.96101 0.01691 0.02161 0.00047 ( 1)
 229 T   0.97060 0.01157 0.01753 0.00029 ( 1)
 230 T   0.96701 0.01355 0.01908 0.00035 ( 1)
 231 T   0.97447 0.00946 0.01585 0.00023 ( 1)
 232 T   0.97519 0.00903 0.01556 0.00021 ( 1)
 233 P   0.97607 0.00859 0.01513 0.00020 ( 1)
 234 T   0.97523 0.00902 0.01553 0.00021 ( 1)
 235 S   0.98074 0.00613 0.01300 0.00014 ( 1)
 236 V   0.97446 0.00938 0.01593 0.00023 ( 1)
 237 D   0.97037 0.01181 0.01752 0.00030 ( 1)
 238 M   0.97914 0.00716 0.01354 0.00016 ( 1)
 239 N   0.97137 0.01121 0.01714 0.00028 ( 1)
 240 S   0.98072 0.00615 0.01300 0.00014 ( 1)
 241 I   0.97527 0.00907 0.01545 0.00021 ( 1)
 242 T   0.97232 0.00979 0.01764 0.00025 ( 1)
 243 S   0.98079 0.00628 0.01279 0.00014 ( 1)
 244 T   0.97536 0.00918 0.01524 0.00022 ( 1)
 245 D   0.97197 0.01083 0.01693 0.00027 ( 1)
 246 V   0.97439 0.00944 0.01594 0.00023 ( 1)
 247 R   0.97652 0.00835 0.01494 0.00020 ( 1)
 248 I   0.97559 0.00898 0.01522 0.00021 ( 1)
 249 L   0.98079 0.00628 0.01279 0.00014 ( 1)
 250 V   0.97637 0.00838 0.01505 0.00020 ( 1)
 251 Q   0.96034 0.01708 0.02210 0.00048 ( 1)
 252 P   0.98106 0.00612 0.01269 0.00013 ( 1)
 253 G   0.97002 0.01188 0.01779 0.00030 ( 1)
 254 I   0.97653 0.00850 0.01478 0.00020 ( 1)
 255 A   0.97447 0.00943 0.01588 0.00023 ( 1)
 256 S   0.98181 0.00565 0.01242 0.00012 ( 1)
 257 E   0.96431 0.01534 0.01995 0.00041 ( 1)
 258 L   0.54622 0.07718 0.37291 0.00370 ( 1)
 259 V   0.97063 0.01148 0.01760 0.00029 ( 1)
 260 I   0.97347 0.00865 0.01765 0.00023 ( 1)
 261 P   0.98183 0.00568 0.01236 0.00012 ( 1)
 262 S   0.50677 0.11824 0.36917 0.00582 ( 1)
 263 E   0.96598 0.01413 0.01952 0.00037 ( 1)
 264 R   0.97447 0.00943 0.01587 0.00023 ( 1)
 265 L   0.96103 0.01674 0.02176 0.00047 ( 1)
 266 H   0.97660 0.00846 0.01474 0.00020 ( 1)
 267 Y   0.97665 0.00832 0.01484 0.00019 ( 1)
 268 R   0.97533 0.00891 0.01555 0.00021 ( 1)
 269 N   0.97145 0.01116 0.01712 0.00028 ( 1)
 270 Q   0.96101 0.01691 0.02161 0.00047 ( 1)
 271 G   0.97075 0.01145 0.01751 0.00029 ( 1)
 272 W   0.96195 0.01634 0.02126 0.00045 ( 1)
 273 R   0.97447 0.00943 0.01587 0.00023 ( 1)
 274 S   0.97310 0.01027 0.01638 0.00025 ( 1)
 275 V   0.97637 0.00838 0.01505 0.00020 ( 1)
 276 E   0.96598 0.01413 0.01952 0.00037 ( 1)
 277 T   0.97646 0.00844 0.01490 0.00020 ( 1)
 278 S   0.98179 0.00567 0.01242 0.00012 ( 1)
 279 G   0.97082 0.01138 0.01751 0.00029 ( 1)
 280 V   0.97514 0.00912 0.01552 0.00022 ( 1)
 281 A   0.97069 0.01148 0.01755 0.00029 ( 1)
 282 E   0.96598 0.01413 0.01952 0.00037 ( 1)
 283 E   0.96598 0.01413 0.01952 0.00037 ( 1)
 284 E   0.96598 0.01413 0.01952 0.00037 ( 1)
 285 A   0.97646 0.00838 0.01497 0.00020 ( 1)
 286 T   0.97439 0.00953 0.01585 0.00023 ( 1)
 287 S   0.98181 0.00565 0.01242 0.00012 ( 1)
 288 G   0.96876 0.01252 0.01840 0.00032 ( 1)
 289 L   0.98181 0.00565 0.01242 0.00012 ( 1)
 290 V   0.97629 0.00846 0.01506 0.00020 ( 1)
 291 M   0.97914 0.00716 0.01354 0.00016 ( 1)
 292 L   0.98181 0.00565 0.01242 0.00012 ( 1)
 293 C   0.97701 0.00807 0.01473 0.00019 ( 1)
 294 I   0.97529 0.00903 0.01547 0.00021 ( 1)
 295 H   0.97738 0.00799 0.01445 0.00018 ( 1)
 296 G   0.96076 0.01703 0.02174 0.00048 ( 1)
 297 S   0.97932 0.00617 0.01436 0.00014 ( 1)
 298 P   0.98183 0.00568 0.01236 0.00012 ( 1)
 299 V   0.96980 0.01166 0.01824 0.00030 ( 1)
 300 N   0.97130 0.01122 0.01720 0.00028 ( 1)
 301 S   0.98040 0.00647 0.01299 0.00014 ( 1)
 302 Y   0.97538 0.00905 0.01536 0.00021 ( 1)
 303 T   0.97646 0.00844 0.01490 0.00020 ( 1)
 304 N   0.48325 0.12071 0.38976 0.00628 ( 1)
 305 T   0.96701 0.01355 0.01908 0.00035 ( 1)
 306 P   0.98029 0.00653 0.01303 0.00014 ( 1)
 307 Y   0.97475 0.00930 0.01573 0.00022 ( 1)
 308 T   0.97646 0.00844 0.01490 0.00020 ( 1)
 309 G   0.97082 0.01138 0.01751 0.00029 ( 1)
 310 A   0.97610 0.00845 0.01525 0.00020 ( 1)
 311 L   0.97992 0.00659 0.01335 0.00015 ( 1)
 312 G   0.96926 0.01239 0.01804 0.00032 ( 1)
 313 L   0.96121 0.01657 0.02176 0.00046 ( 1)
 314 L   0.98073 0.00614 0.01300 0.00014 ( 1)
 315 D   0.97151 0.01095 0.01727 0.00027 ( 1)
 316 F   0.98272 0.00520 0.01197 0.00011 ( 1)
 317 A   0.96997 0.01167 0.01806 0.00030 ( 1)
 318 L   0.98133 0.00579 0.01275 0.00013 ( 1)
 319 E   0.96598 0.01413 0.01952 0.00037 ( 1)
 320 L   0.98141 0.00574 0.01272 0.00013 ( 1)
 321 E   0.96483 0.01483 0.01994 0.00040 ( 1)
 322 F   0.64742 0.06991 0.28003 0.00264 ( 1)
 323 R   0.97528 0.00896 0.01555 0.00021 ( 1)
 324 N   0.97146 0.01115 0.01712 0.00028 ( 1)
 325 L   0.96516 0.01442 0.02004 0.00039 ( 1)
 326 T   0.96701 0.01355 0.01908 0.00035 ( 1)
 327 P   0.98183 0.00568 0.01236 0.00012 ( 1)
 328 G   0.97018 0.01180 0.01772 0.00030 ( 1)
 329 N   0.97090 0.01143 0.01739 0.00028 ( 1)
 330 T   0.97051 0.01160 0.01760 0.00029 ( 1)
 331 N   0.97096 0.01127 0.01749 0.00028 ( 1)
 332 T   0.97060 0.01157 0.01753 0.00029 ( 1)
 333 R   0.97404 0.00952 0.01621 0.00023 ( 1)
 334 V   0.97168 0.01109 0.01695 0.00028 ( 1)
 335 S   0.98054 0.00622 0.01310 0.00014 ( 1)
 336 R   0.97652 0.00835 0.01494 0.00020 ( 1)
 337 Y   0.97662 0.00832 0.01487 0.00019 ( 1)
 338 S   0.98019 0.00591 0.01376 0.00014 ( 1)
 339 S   0.97188 0.01089 0.01696 0.00027 ( 1)
 340 S   0.97062 0.01150 0.01759 0.00029 ( 1)
 341 A   0.96996 0.01168 0.01806 0.00030 ( 1)
 342 R   0.97492 0.00931 0.01555 0.00022 ( 1)
 343 H   0.97540 0.00902 0.01537 0.00021 ( 1)
 344 K   0.96534 0.01451 0.01976 0.00039 ( 1)
 345 L   0.96088 0.01718 0.02146 0.00048 ( 1)
 346 R   0.97447 0.00943 0.01587 0.00023 ( 1)
 347 R   0.95295 0.02150 0.02490 0.00064 ( 1)
 348 G   0.96425 0.01480 0.02054 0.00040 ( 1)
 349 P   0.98183 0.00568 0.01236 0.00012 ( 1)
 350 D   0.97151 0.01095 0.01727 0.00027 ( 1)
 351 G   0.96957 0.01217 0.01795 0.00031 ( 1)
 352 T   0.97456 0.00894 0.01628 0.00022 ( 1)
 353 A   0.97373 0.00961 0.01643 0.00023 ( 1)
 354 E   0.96586 0.01421 0.01956 0.00038 ( 1)
 355 L   0.96068 0.01671 0.02215 0.00047 ( 1)
 356 T   0.97479 0.00942 0.01557 0.00022 ( 1)
 357 T   0.97158 0.01126 0.01688 0.00028 ( 1)
 358 T   0.97646 0.00844 0.01490 0.00020 ( 1)
 359 A   0.97651 0.00835 0.01494 0.00020 ( 1)
 360 A   0.97651 0.00835 0.01494 0.00020 ( 1)
 361 T   0.96701 0.01355 0.01908 0.00035 ( 1)
 362 R   0.97551 0.00902 0.01525 0.00021 ( 1)
 363 F   0.64084 0.07296 0.28341 0.00279 ( 1)
 364 M   0.97914 0.00716 0.01354 0.00016 ( 1)
 365 K   0.96341 0.01549 0.02068 0.00042 ( 1)
 366 D   0.97197 0.01083 0.01693 0.00027 ( 1)
 367 L   0.98137 0.00575 0.01275 0.00013 ( 1)
 368 H   0.97738 0.00799 0.01445 0.00018 ( 1)
 369 F   0.98272 0.00520 0.01197 0.00011 ( 1)
 370 T   0.97219 0.01104 0.01650 0.00027 ( 1)
 371 G   0.96509 0.01457 0.01995 0.00039 ( 1)
 372 T   0.57374 0.09956 0.32241 0.00428 ( 1)
 373 N   0.97146 0.01115 0.01712 0.00028 ( 1)
 374 G   0.97082 0.01138 0.01751 0.00029 ( 1)
 375 V   0.97637 0.00838 0.01505 0.00020 ( 1)
 376 G   0.97082 0.01138 0.01751 0.00029 ( 1)
 377 E   0.96598 0.01413 0.01952 0.00037 ( 1)
 378 V   0.97601 0.00848 0.01531 0.00020 ( 1)
 379 G   0.96926 0.01239 0.01804 0.00032 ( 1)
 380 R   0.57593 0.09895 0.32090 0.00423 ( 1)
 381 G   0.97082 0.01138 0.01751 0.00029 ( 1)
 382 I   0.97301 0.00891 0.01784 0.00024 ( 1)
 383 A   0.97071 0.01146 0.01755 0.00029 ( 1)
 384 L   0.95990 0.01746 0.02215 0.00049 ( 1)
 385 T   0.97447 0.00946 0.01585 0.00023 ( 1)
 386 L   0.96103 0.01674 0.02176 0.00047 ( 1)
 387 F   0.98202 0.00557 0.01229 0.00012 ( 1)
 388 N   0.97146 0.01115 0.01712 0.00028 ( 1)
 389 L   0.98141 0.00574 0.01272 0.00013 ( 1)
 390 A   0.97610 0.00845 0.01525 0.00020 ( 1)
 391 D   0.97197 0.01083 0.01693 0.00027 ( 1)
 392 T   0.97060 0.01157 0.01753 0.00029 ( 1)
 393 L   0.98181 0.00565 0.01242 0.00012 ( 1)
 394 L   0.97992 0.00659 0.01335 0.00015 ( 1)
 395 G   0.96876 0.01252 0.01840 0.00032 ( 1)
 396 G   0.96509 0.01457 0.01995 0.00039 ( 1)
 397 L   0.98000 0.00651 0.01334 0.00015 ( 1)
 398 P   0.97624 0.00849 0.01507 0.00020 ( 1)
 399 T   0.96701 0.01355 0.01908 0.00035 ( 1)
 400 E   0.96281 0.01592 0.02084 0.00043 ( 1)
 401 L   0.96407 0.01478 0.02075 0.00040 ( 1)
 402 I   0.97719 0.00804 0.01458 0.00019 ( 1)
 403 S   0.97571 0.00872 0.01537 0.00021 ( 1)
 404 S   0.97571 0.00872 0.01537 0.00021 ( 1)
 405 A   0.97574 0.00882 0.01522 0.00021 ( 1)
 406 G   0.96587 0.01418 0.01957 0.00038 ( 1)
 407 G   0.96876 0.01252 0.01840 0.00032 ( 1)
 408 Q   0.96101 0.01691 0.02161 0.00047 ( 1)
 409 L   0.96122 0.01658 0.02174 0.00047 ( 1)
 410 F   0.64612 0.07041 0.28081 0.00267 ( 1)
 411 Y   0.97594 0.00874 0.01512 0.00021 ( 1)
 412 S   0.97315 0.01040 0.01620 0.00026 ( 1)
 413 R   0.97447 0.00943 0.01587 0.00023 ( 1)
 414 P   0.97992 0.00663 0.01330 0.00015 ( 1)
 415 V   0.97434 0.00946 0.01598 0.00023 ( 1)
 416 V   0.97434 0.00946 0.01598 0.00023 ( 1)
 417 S   0.97149 0.01096 0.01727 0.00027 ( 1)
 418 A   0.97447 0.00943 0.01588 0.00023 ( 1)
 419 N   0.97146 0.01115 0.01712 0.00028 ( 1)
 420 G   0.96876 0.01252 0.01840 0.00032 ( 1)
 421 E   0.96598 0.01413 0.01952 0.00037 ( 1)
 422 P   0.97624 0.00849 0.01507 0.00020 ( 1)
 423 T   0.96701 0.01355 0.01908 0.00035 ( 1)
 424 V   0.97063 0.01148 0.01760 0.00029 ( 1)
 425 K   0.96215 0.01632 0.02109 0.00045 ( 1)
 426 L   0.98066 0.00630 0.01290 0.00014 ( 1)
 427 Y   0.97460 0.00939 0.01578 0.00022 ( 1)
 428 T   0.97536 0.00918 0.01524 0.00022 ( 1)
 429 S   0.97149 0.01096 0.01727 0.00027 ( 1)
 430 V   0.97471 0.00947 0.01559 0.00023 ( 1)
 431 E   0.96589 0.01415 0.01958 0.00037 ( 1)
 432 N   0.97146 0.01115 0.01712 0.00028 ( 1)
 433 A   0.97651 0.00835 0.01494 0.00020 ( 1)
 434 Q   0.96101 0.01691 0.02161 0.00047 ( 1)
 435 Q   0.96101 0.01691 0.02161 0.00047 ( 1)
 436 D   0.97003 0.01189 0.01778 0.00030 ( 1)
 437 K   0.96534 0.01451 0.01976 0.00039 ( 1)
 438 G   0.97082 0.01138 0.01751 0.00029 ( 1)
 439 I   0.97653 0.00850 0.01478 0.00020 ( 1)
 440 A   0.55504 0.10140 0.33895 0.00462 ( 1)
 441 I   0.97717 0.00806 0.01458 0.00019 ( 1)
 442 P   0.97267 0.01039 0.01668 0.00026 ( 1)
 443 H   0.97736 0.00801 0.01445 0.00018 ( 1)
 444 D   0.97190 0.01090 0.01693 0.00027 ( 1)
 445 I   0.97640 0.00852 0.01488 0.00020 ( 1)
 446 D   0.47345 0.12240 0.39765 0.00651 ( 1)
 447 L   0.98181 0.00565 0.01242 0.00012 ( 1)
 448 G   0.97082 0.01138 0.01751 0.00029 ( 1)
 449 E   0.96598 0.01413 0.01952 0.00037 ( 1)
 450 S   0.97992 0.00659 0.01335 0.00015 ( 1)
 451 R   0.96068 0.01636 0.02250 0.00046 ( 1)
 452 V   0.97383 0.00924 0.01670 0.00023 ( 1)
 453 V   0.53845 0.11097 0.34550 0.00508 ( 1)
 454 I   0.84495 0.13924 0.01260 0.00321 ( 1)
 455 Q   0.96101 0.01691 0.02161 0.00047 ( 1)
 456 D   0.97189 0.01088 0.01696 0.00027 ( 1)
 457 Y   0.97664 0.00832 0.01484 0.00019 ( 1)
 458 D   0.97119 0.01132 0.01720 0.00028 ( 1)
 459 N   0.97146 0.01115 0.01712 0.00028 ( 1)
 460 Q   0.95819 0.01852 0.02276 0.00053 ( 1)
 461 H   0.97591 0.00885 0.01504 0.00021 ( 1)
 462 E   0.96585 0.01422 0.01955 0.00038 ( 1)
 463 Q   0.95819 0.01852 0.02276 0.00053 ( 1)
 464 D   0.96997 0.01192 0.01781 0.00030 ( 1)
 465 R   0.97651 0.00835 0.01494 0.00020 ( 1)
 466 P   0.98000 0.00655 0.01330 0.00015 ( 1)
 467 T   0.97565 0.00893 0.01521 0.00021 ( 1)
 468 P   0.98173 0.00576 0.01239 0.00012 ( 1)
 469 S   0.98098 0.00593 0.01296 0.00013 ( 1)
 470 P   0.98130 0.00598 0.01260 0.00013 ( 1)
 471 A   0.97610 0.00845 0.01525 0.00020 ( 1)
 472 P   0.61122 0.08431 0.30106 0.00340 ( 1)
 473 S   0.97149 0.01096 0.01727 0.00027 ( 1)
 474 R   0.97524 0.00910 0.01544 0.00022 ( 1)
 475 P   0.98000 0.00656 0.01330 0.00015 ( 1)
 476 F   0.98196 0.00547 0.01245 0.00012 ( 1)
 477 S   0.97349 0.01021 0.01605 0.00025 ( 1)
 478 V   0.97514 0.00912 0.01552 0.00022 ( 1)
 479 L   0.98181 0.00565 0.01242 0.00012 ( 1)
 480 R   0.97573 0.00881 0.01525 0.00021 ( 1)
 481 A   0.97644 0.00842 0.01495 0.00020 ( 1)
 482 N   0.97146 0.01115 0.01712 0.00028 ( 1)
 483 D   0.97182 0.01091 0.01700 0.00027 ( 1)
 484 V   0.97063 0.01148 0.01760 0.00029 ( 1)
 485 L   0.98121 0.00600 0.01266 0.00013 ( 1)
 486 W   0.96195 0.01634 0.02126 0.00045 ( 1)
 487 L   0.98181 0.00565 0.01242 0.00012 ( 1)
 488 S   0.97328 0.00986 0.01661 0.00024 ( 1)
 489 L   0.96359 0.01544 0.02055 0.00042 ( 1)
 490 T   0.97246 0.01090 0.01637 0.00027 ( 1)
 491 A   0.97644 0.00842 0.01495 0.00020 ( 1)
 492 A   0.97651 0.00835 0.01494 0.00020 ( 1)
 493 E   0.74530 0.23263 0.01580 0.00628 ( 1)
 494 Y   0.97664 0.00833 0.01484 0.00019 ( 1)
 495 D   0.97104 0.01117 0.01750 0.00028 ( 1)
 496 Q   0.95819 0.01852 0.02276 0.00053 ( 1)
 497 T   0.97646 0.00844 0.01490 0.00020 ( 1)
 498 T   0.97636 0.00851 0.01494 0.00020 ( 1)
 499 Y   0.97621 0.00842 0.01518 0.00020 ( 1)
 500 G   0.97082 0.01138 0.01751 0.00029 ( 1)
 501 S   0.98180 0.00566 0.01242 0.00012 ( 1)
 502 S   0.98006 0.00650 0.01330 0.00015 ( 1)
 503 T   0.97551 0.00878 0.01551 0.00021 ( 1)
 504 N   0.97146 0.01115 0.01712 0.00028 ( 1)
 505 P   0.98183 0.00568 0.01236 0.00012 ( 1)
 506 M   0.97914 0.00716 0.01354 0.00016 ( 1)
 507 Y   0.97666 0.00831 0.01484 0.00019 ( 1)
 508 V   0.97637 0.00838 0.01505 0.00020 ( 1)
 509 S   0.98181 0.00565 0.01242 0.00012 ( 1)
 510 D   0.97077 0.01142 0.01752 0.00029 ( 1)
 511 T   0.97646 0.00844 0.01490 0.00020 ( 1)
 512 V   0.96926 0.01234 0.01808 0.00032 ( 1)
 513 T   0.96701 0.01355 0.01908 0.00035 ( 1)
 514 F   0.98272 0.00520 0.01197 0.00011 ( 1)
 515 V   0.97566 0.00877 0.01537 0.00021 ( 1)
 516 N   0.97146 0.01115 0.01712 0.00028 ( 1)
 517 V   0.96856 0.01250 0.01861 0.00032 ( 1)
 518 A   0.97071 0.01146 0.01755 0.00029 ( 1)
 519 T   0.97439 0.00953 0.01585 0.00023 ( 1)
 520 G   0.97082 0.01138 0.01751 0.00029 ( 1)
 521 A   0.97532 0.00891 0.01555 0.00021 ( 1)
 522 Q   0.96101 0.01691 0.02161 0.00047 ( 1)
 523 G   0.96509 0.01457 0.01995 0.00039 ( 1)
 524 V   0.97562 0.00885 0.01532 0.00021 ( 1)
 525 S   0.98121 0.00600 0.01266 0.00013 ( 1)
 526 R   0.97635 0.00851 0.01494 0.00020 ( 1)
 527 S   0.97992 0.00659 0.01335 0.00015 ( 1)
 528 L   0.96103 0.01674 0.02176 0.00047 ( 1)
 529 D   0.96997 0.01192 0.01781 0.00030 ( 1)
 530 W   0.96195 0.01634 0.02126 0.00045 ( 1)
 531 S   0.98079 0.00628 0.01279 0.00014 ( 1)
 532 K   0.96215 0.01632 0.02109 0.00045 ( 1)
 533 V   0.97520 0.00893 0.01565 0.00021 ( 1)
 534 T   0.97439 0.00953 0.01585 0.00023 ( 1)
 535 L   0.98054 0.00622 0.01310 0.00014 ( 1)
 536 D   0.97179 0.01094 0.01700 0.00027 ( 1)
 537 G   0.96850 0.01290 0.01826 0.00033 ( 1)
 538 R   0.96431 0.01548 0.01980 0.00042 ( 1)
 539 P   0.97624 0.00849 0.01507 0.00020 ( 1)
 540 L   0.98173 0.00572 0.01242 0.00012 ( 1)
 541 T   0.79731 0.18405 0.01408 0.00456 ( 1)
 542 T   0.97646 0.00844 0.01490 0.00020 ( 1)
 543 I   0.97717 0.00805 0.01459 0.00019 ( 1)
 544 Q   0.96101 0.01691 0.02161 0.00047 ( 1)
 545 Q   0.96101 0.01691 0.02161 0.00047 ( 1)
 546 Y   0.97650 0.00838 0.01492 0.00020 ( 1)
 547 S   0.98181 0.00565 0.01242 0.00012 ( 1)
 548 K   0.96534 0.01451 0.01976 0.00039 ( 1)
 549 T   0.56072 0.10626 0.32835 0.00467 ( 1)
 550 F   0.98099 0.00605 0.01283 0.00013 ( 1)
 551 F   0.64742 0.06991 0.28003 0.00264 ( 1)
 552 V   0.97637 0.00838 0.01505 0.00020 ( 1)
 553 L   0.96135 0.01618 0.02201 0.00046 ( 1)
 554 P   0.97976 0.00679 0.01330 0.00015 ( 1)
 555 L   0.98180 0.00566 0.01242 0.00012 ( 1)
 556 R   0.97641 0.00842 0.01498 0.00020 ( 1)
 557 G   0.97009 0.01171 0.01790 0.00030 ( 1)
 558 K   0.96534 0.01451 0.01976 0.00039 ( 1)
 559 L   0.98004 0.00652 0.01330 0.00015 ( 1)
 560 S   0.98176 0.00567 0.01244 0.00012 ( 1)
 561 F   0.98175 0.00563 0.01250 0.00012 ( 1)
 562 W   0.96195 0.01634 0.02126 0.00045 ( 1)
 563 E   0.96598 0.01413 0.01952 0.00037 ( 1)
 564 A   0.97576 0.00866 0.01537 0.00021 ( 1)
 565 G   0.96876 0.01252 0.01840 0.00032 ( 1)
 566 T   0.97567 0.00891 0.01521 0.00021 ( 1)
 567 T   0.97536 0.00918 0.01524 0.00022 ( 1)
 568 K   0.96226 0.01621 0.02109 0.00044 ( 1)
 569 A   0.97651 0.00835 0.01494 0.00020 ( 1)
 570 G   0.96876 0.01252 0.01840 0.00032 ( 1)
 571 Y   0.97528 0.00897 0.01554 0.00021 ( 1)
 572 P   0.98183 0.00568 0.01236 0.00012 ( 1)
 573 Y   0.97658 0.00838 0.01484 0.00020 ( 1)
 574 N   0.97096 0.01127 0.01749 0.00028 ( 1)
 575 Y   0.97666 0.00831 0.01484 0.00019 ( 1)
 576 N   0.97096 0.01127 0.01749 0.00028 ( 1)
 577 T   0.97546 0.00879 0.01554 0.00021 ( 1)
 578 T   0.83733 0.14648 0.01277 0.00341 ( 1)
 579 A   0.97460 0.00936 0.01581 0.00022 ( 1)
 580 S   0.97197 0.01083 0.01693 0.00027 ( 1)
 581 D   0.97197 0.01083 0.01693 0.00027 ( 1)
 582 Q   0.96101 0.01691 0.02161 0.00047 ( 1)
 583 I   0.97640 0.00852 0.01488 0.00020 ( 1)
 584 L   0.96146 0.01653 0.02154 0.00046 ( 1)
 585 I   0.97719 0.00804 0.01458 0.00019 ( 1)
 586 E   0.96317 0.01568 0.02072 0.00043 ( 1)
 587 N   0.97146 0.01115 0.01712 0.00028 ( 1)
 588 A   0.96731 0.01331 0.01903 0.00035 ( 1)
 589 P   0.84978 0.13576 0.01143 0.00303 ( 1)
 590 G   0.97045 0.01149 0.01777 0.00029 ( 1)
 591 H   0.97540 0.00902 0.01537 0.00021 ( 1)
 592 R   0.97650 0.00836 0.01494 0.00020 ( 1)
 593 V   0.97443 0.00937 0.01597 0.00023 ( 1)
 594 C   0.97694 0.00814 0.01473 0.00019 ( 1)
 595 I   0.97719 0.00804 0.01458 0.00019 ( 1)
 596 S   0.97714 0.00815 0.01452 0.00019 ( 1)
 597 T   0.97551 0.00878 0.01551 0.00021 ( 1)
 598 Y   0.97666 0.00831 0.01484 0.00019 ( 1)
 599 T   0.97634 0.00851 0.01496 0.00020 ( 1)
 600 T   0.97636 0.00851 0.01494 0.00020 ( 1)
 601 N   0.97146 0.01115 0.01712 0.00028 ( 1)
 602 L   0.98112 0.00592 0.01283 0.00013 ( 1)
 603 G   0.97067 0.01146 0.01759 0.00029 ( 1)
 604 S   0.98003 0.00654 0.01328 0.00015 ( 1)
 605 G   0.97002 0.01188 0.01779 0.00030 ( 1)
 606 P   0.98183 0.00568 0.01236 0.00012 ( 1)
 607 V   0.97635 0.00840 0.01505 0.00020 ( 1)
 608 S   0.55469 0.07649 0.36520 0.00362 ( 1)
 609 I   0.97570 0.00893 0.01516 0.00021 ( 1)
 610 S   0.98181 0.00565 0.01242 0.00012 ( 1)
 611 A   0.97651 0.00835 0.01494 0.00020 ( 1)
 612 V   0.97240 0.00971 0.01765 0.00024 ( 1)
 613 G   0.97082 0.01138 0.01751 0.00029 ( 1)
 614 V   0.97434 0.00946 0.01598 0.00023 ( 1)
 615 L   0.97993 0.00657 0.01335 0.00015 ( 1)
 616 A   0.96715 0.01343 0.01907 0.00035 ( 1)
 617 P   0.98179 0.00569 0.01240 0.00012 ( 1)
 618 H   0.97542 0.00900 0.01537 0.00021 ( 1)
 619 S   0.98181 0.00565 0.01242 0.00012 ( 1)
 620 A   0.00921 0.96408 0.00020 0.02652 ( 2)
 621 L   0.96132 0.01659 0.02162 0.00046 ( 1)
 622 A   0.97447 0.00943 0.01588 0.00023 ( 1)
 623 A   0.97651 0.00835 0.01494 0.00020 ( 1)
 624 L   0.96370 0.01537 0.02051 0.00042 ( 1)
 625 E   0.96598 0.01413 0.01952 0.00037 ( 1)
 626 D   0.97119 0.01132 0.01720 0.00028 ( 1)
 627 T   0.97439 0.00953 0.01585 0.00023 ( 1)
 628 V   0.97629 0.00846 0.01506 0.00020 ( 1)
 629 D   0.97091 0.01157 0.01723 0.00029 ( 1)
 630 Y   0.97503 0.00928 0.01548 0.00022 ( 1)
 631 P   0.98183 0.00568 0.01236 0.00012 ( 1)
 632 A   0.97651 0.00835 0.01494 0.00020 ( 1)
 633 R   0.97652 0.00835 0.01494 0.00020 ( 1)
 634 A   0.83846 0.14499 0.01311 0.00343 ( 1)
 635 H   0.97688 0.00810 0.01483 0.00019 ( 1)
 636 T   0.97636 0.00851 0.01494 0.00020 ( 1)
 637 F   0.98260 0.00528 0.01201 0.00011 ( 1)
 638 D   0.97182 0.01091 0.01700 0.00027 ( 1)
 639 D   0.97192 0.01086 0.01696 0.00027 ( 1)
 640 F   0.87776 0.10837 0.01148 0.00239 ( 1)
 641 C   0.97507 0.00908 0.01563 0.00022 ( 1)
 642 P   0.98183 0.00568 0.01236 0.00012 ( 1)
 643 E   0.96598 0.01413 0.01952 0.00037 ( 1)
 644 C   0.97505 0.00910 0.01563 0.00022 ( 1)
 645 R   0.97652 0.00835 0.01494 0.00020 ( 1)
 646 A   0.16586 0.80987 0.00324 0.02103 ( 2)
 647 L   0.98074 0.00613 0.01300 0.00014 ( 1)
 648 G   0.97072 0.01146 0.01754 0.00029 ( 1)
 649 L   0.98104 0.00608 0.01275 0.00013 ( 1)
 650 Q   0.96101 0.01691 0.02161 0.00047 ( 1)
 651 G   0.96876 0.01252 0.01840 0.00032 ( 1)
 652 C   0.97630 0.00838 0.01512 0.00020 ( 1)
 653 A   0.97647 0.00836 0.01497 0.00020 ( 1)
 654 F   0.98212 0.00544 0.01233 0.00012 ( 1)
 655 Q   0.95930 0.01778 0.02242 0.00050 ( 1)
 656 S   0.97555 0.00886 0.01538 0.00021 ( 1)
 657 T   0.97646 0.00844 0.01490 0.00020 ( 1)
 658 V   0.97443 0.00937 0.01597 0.00023 ( 1)
 659 A   0.97610 0.00845 0.01525 0.00020 ( 1)
 660 E   0.96598 0.01413 0.01952 0.00037 ( 1)
 661 L   0.96076 0.01666 0.02210 0.00047 ( 1)
 662 Q   0.96101 0.01691 0.02161 0.00047 ( 1)
 663 R   0.97650 0.00837 0.01494 0.00020 ( 1)
 664 L   0.64139 0.07383 0.28196 0.00282 ( 1)
 665 K   0.96215 0.01632 0.02109 0.00045 ( 1)
 666 M   0.97914 0.00716 0.01354 0.00016 ( 1)
 667 K   0.96534 0.01451 0.01976 0.00039 ( 1)
 668 V   0.96980 0.01166 0.01824 0.00030 ( 1)
 669 G   0.97082 0.01138 0.01751 0.00029 ( 1)
 670 K   0.96215 0.01632 0.02109 0.00045 ( 1)
 671 T   0.97536 0.00918 0.01524 0.00022 ( 1)
 672 R   0.97004 0.01177 0.01790 0.00030 ( 1)
 673 E   0.96598 0.01413 0.01952 0.00037 ( 1)
 674 Y   0.97666 0.00831 0.01484 0.00019 ( 1)

