

TREE # 1

  0  0.0000   5590.867809  x:  0.06693   0.02614   0.06544   0.15024   0.08180   0.08043   0.00620   0.01765   0.00659   0.00156   0.01582   0.01079   0.01144   0.00690   0.01497   0.01574   0.00201   0.00443   0.00786   0.01567   0.01382   0.00411   0.01849   0.00000   0.02113   0.01292   0.02344   0.02652   0.02148   0.00596   0.00456   0.00635   0.00905   0.00800   0.01139   0.01253   0.00208   0.02851   0.01788   0.00446   0.00827   0.02897   0.96813   1.05757   1.22682   0.71645   1.02176   0.09096   0.28757   2.67311  
  1 99.0000   5590.861498  x:  0.06693   0.02614   0.06544   0.15024   0.08180   0.08043   0.00620   0.01765   0.00659   0.00156   0.01582   0.01079   0.01144   0.00690   0.01497   0.01574   0.00201   0.00443   0.00786   0.01567   0.01382   0.00411   0.01849   0.00000   0.02113   0.01292   0.02344   0.02652   0.02148   0.00596   0.00456   0.00635   0.00905   0.00800   0.01139   0.01253   0.00207   0.02851   0.01788   0.00446   0.00827   0.02897   0.96813   1.05757   1.22682   0.71645   1.02176   0.09096   0.28757   2.67311  
  2 2204.7768   5580.535500  x:  0.06688   0.02642   0.06545   0.15048   0.08173   0.08039   0.00618   0.01652   0.00459   0.00017   0.01577   0.00983   0.01008   0.00714   0.01461   0.01523   0.00000   0.00519   0.00585   0.01562   0.01336   0.00259   0.01839   0.00000   0.02084   0.01302   0.02349   0.02637   0.02145   0.00625   0.00529   0.00668   0.00912   0.00769   0.01132   0.01274   0.00175   0.02826   0.01786   0.00245   0.00626   0.02897   0.96897   1.05789   1.22666   0.71670   1.02200   0.09082   0.28657   2.67307  
  3 6827.6547   5579.425066  x:  0.06687   0.02640   0.06545   0.15050   0.08171   0.08038   0.00621   0.01639   0.00431   0.00000   0.01579   0.00975   0.00993   0.00716   0.01460   0.01520   0.00000   0.00515   0.00557   0.01562   0.01335   0.00240   0.01841   0.00000   0.02081   0.01305   0.02347   0.02636   0.02148   0.00629   0.00526   0.00669   0.00914   0.00770   0.01133   0.01279   0.00179   0.02824   0.01786   0.00217   0.00598   0.02898   0.96908   1.05794   1.22663   0.71674   1.02203   0.09079   0.28644   2.67306  
  4 12912.3527   5572.130547  x:  0.06679   0.02628   0.06539   0.15064   0.08159   0.08030   0.00625   0.01529   0.00214   0.00000   0.01588   0.00946   0.00925   0.00699   0.01464   0.01507   0.00000   0.00527   0.00341   0.01562   0.01352   0.00126   0.01864   0.00000   0.02060   0.01323   0.02342   0.02633   0.02174   0.00607   0.00524   0.00654   0.00904   0.00777   0.01133   0.01309   0.00214   0.02812   0.01792   0.00000   0.00381   0.02894   0.96993   1.05827   1.22639   0.71711   1.02229   0.09063   0.28560   2.67302  
  5 31710.5995   5566.740318  x:  0.06673   0.02631   0.06531   0.15072   0.08148   0.08024   0.00625   0.01447   0.00000   0.00000   0.01589   0.00938   0.00901   0.00711   0.01466   0.01501   0.00000   0.00511   0.00130   0.01560   0.01367   0.00042   0.01881   0.00000   0.02042   0.01333   0.02342   0.02632   0.02176   0.00611   0.00528   0.00670   0.00902   0.00770   0.01128   0.01291   0.00234   0.02804   0.01795   0.00000   0.00167   0.02880   0.97073   1.05858   1.22612   0.71752   1.02255   0.09045   0.28489   2.67297  
  6 22516.8818   5564.409451  x:  0.06671   0.02633   0.06527   0.15074   0.08141   0.08022   0.00633   0.01419   0.00000   0.00000   0.01588   0.00931   0.00894   0.00711   0.01462   0.01496   0.00000   0.00516   0.00000   0.01559   0.01363   0.00004   0.01886   0.00000   0.02032   0.01341   0.02341   0.02631   0.02167   0.00621   0.00520   0.00660   0.00909   0.00768   0.01130   0.01289   0.00240   0.02799   0.01796   0.00000   0.00037   0.02874   0.97120   1.05876   1.22595   0.71778   1.02271   0.09034   0.28451   2.67295  
  7 24181.6493   5564.260938  x:  0.06671   0.02633   0.06527   0.15075   0.08141   0.08022   0.00634   0.01418   0.00000   0.00000   0.01588   0.00930   0.00894   0.00710   0.01462   0.01495   0.00000   0.00516   0.00000   0.01559   0.01362   0.00000   0.01886   0.00000   0.02032   0.01342   0.02341   0.02631   0.02167   0.00621   0.00520   0.00660   0.00909   0.00768   0.01130   0.01290   0.00241   0.02799   0.01796   0.00000   0.00023   0.02874   0.97125   1.05878   1.22593   0.71780   1.02273   0.09033   0.28447   2.67294  
  8 15809.7256   5564.045530  x:  0.06671   0.02632   0.06527   0.15075   0.08140   0.08021   0.00633   0.01419   0.00000   0.00000   0.01588   0.00928   0.00891   0.00711   0.01462   0.01495   0.00000   0.00516   0.00000   0.01559   0.01362   0.00000   0.01887   0.00000   0.02031   0.01343   0.02341   0.02630   0.02168   0.00620   0.00519   0.00661   0.00908   0.00769   0.01130   0.01291   0.00240   0.02798   0.01796   0.00000   0.00000   0.02875   0.97132   1.05881   1.22590   0.71785   1.02276   0.09031   0.28441   2.67294  
  9 18210.0264   5551.123570  x:  0.06638   0.02571   0.06559   0.15203   0.08096   0.07991   0.00499   0.01711   0.00000   0.00000   0.01714   0.00567   0.00059   0.00539   0.01570   0.01389   0.00000   0.00311   0.00000   0.01556   0.01572   0.00000   0.01909   0.00000   0.02087   0.01150   0.02332   0.02600   0.02554   0.00789   0.00755   0.00423   0.00998   0.00769   0.01085   0.01198   0.00124   0.02799   0.01756   0.00000   0.00000   0.03138   0.98868   1.06533   1.21957   0.72701   1.02950   0.08567   0.26910   2.67190  
 10 3399.3262   5545.302284  x:  0.06623   0.02555   0.06624   0.15330   0.08115   0.07977   0.00428   0.01797   0.00000   0.00000   0.01813   0.00197   0.00151   0.00465   0.01618   0.01249   0.00000   0.00226   0.00000   0.01550   0.01714   0.00000   0.01862   0.00000   0.02157   0.01023   0.02332   0.02568   0.02894   0.00897   0.00821   0.00372   0.01065   0.00752   0.01065   0.01253   0.00000   0.02801   0.01725   0.00000   0.00000   0.03378   0.99751   1.06860   1.21694   0.73083   1.03290   0.08334   0.25992   2.67138  
 11 2516.1986   5532.367254  x:  0.06634   0.02936   0.06964   0.15835   0.08353   0.07991   0.00612   0.02254   0.00000   0.00000   0.02009   0.00324   0.00138   0.00086   0.01547   0.00600   0.00000   0.00291   0.00000   0.01520   0.02097   0.00000   0.01296   0.00000   0.02587   0.00856   0.02439   0.02489   0.03576   0.00861   0.00572   0.00832   0.01336   0.00492   0.01166   0.01422   0.00000   0.02894   0.01579   0.00000   0.00000   0.04200   1.02387   1.07814   1.21065   0.73988   1.04350   0.07609   0.22812   2.66980  
 12 2357.7246   5524.009196  x:  0.06654   0.03298   0.07244   0.16237   0.08566   0.08012   0.00816   0.02598   0.00000   0.00000   0.02115   0.00488   0.00146   0.00284   0.01459   0.00177   0.00000   0.00250   0.00000   0.01498   0.02380   0.00000   0.00808   0.00000   0.02972   0.00738   0.02538   0.02442   0.04023   0.00609   0.00566   0.00845   0.01542   0.00287   0.01280   0.01617   0.00000   0.02987   0.01464   0.00000   0.00000   0.04817   1.04411   1.08543   1.20607   0.74646   1.05175   0.07044   0.20289   2.66858  
 13 11824.5747   5510.883849  x:  0.06717   0.03978   0.07741   0.16939   0.08965   0.08078   0.01065   0.03197   0.00000   0.00000   0.02205   0.00583   0.00146   0.00402   0.01216   0.00688   0.00000   0.00209   0.00000   0.01473   0.02624   0.00000   0.00276   0.00000   0.03558   0.00741   0.02727   0.02364   0.04569   0.00292   0.00537   0.00944   0.01833   0.00094   0.01423   0.01845   0.00000   0.03110   0.01327   0.00000   0.00000   0.05790   1.07696   1.09722   1.19928   0.75617   1.06527   0.06119   0.15994   2.66659  
 14 8208.3519   5493.867699  x:  0.06797   0.04702   0.08225   0.17603   0.09370   0.08160   0.01268   0.03814   0.00000   0.00000   0.02233   0.00718   0.00162   0.00473   0.00951   0.00861   0.00000   0.00150   0.00000   0.01455   0.02784   0.00000   0.00397   0.00000   0.04128   0.00741   0.02932   0.02306   0.04971   0.00022   0.00569   0.00978   0.02080   0.00271   0.01536   0.01968   0.00000   0.03234   0.01220   0.00000   0.00000   0.06666   1.10733   1.10809   1.19325   0.76477   1.07792   0.05254   0.11927   2.66474  
 15 19363.9798   5473.736189  x:  0.06902   0.05530   0.08773   0.18346   0.09842   0.08268   0.01356   0.04454   0.00000   0.00000   0.02239   0.01063   0.00204   0.00534   0.00659   0.01034   0.00000   0.00011   0.00000   0.01457   0.02922   0.00000   0.00530   0.00000   0.04761   0.00789   0.03176   0.02263   0.05443   0.00063   0.00674   0.00921   0.01974   0.00342   0.01612   0.02350   0.00000   0.03376   0.01158   0.00000   0.00000   0.07584   1.14110   1.12019   1.18669   0.77407   1.09210   0.04283   0.07333   2.66267  
 16 36407.8315   5435.284648  x:  0.07123   0.06816   0.09597   0.19470   0.10642   0.08491   0.01759   0.05438   0.00000   0.00000   0.01971   0.00965   0.00180   0.00619   0.00613   0.01244   0.00000   0.00011   0.00000   0.01556   0.03221   0.00000   0.00709   0.00000   0.06202   0.00336   0.03499   0.02415   0.05278   0.00080   0.00659   0.00983   0.01223   0.00353   0.01920   0.02721   0.00000   0.03705   0.01359   0.00000   0.00000   0.08673   1.19053   1.13778   1.17841   0.78572   1.11373   0.02800   0.00010   2.65958  
 17 9755.7363   5432.240019  x:  0.07318   0.07953   0.10246   0.20323   0.11279   0.08688   0.01831   0.06061   0.00000   0.00000   0.01759   0.00798   0.00160   0.00650   0.00510   0.01312   0.00000   0.00017   0.00000   0.01609   0.03330   0.00000   0.00826   0.00000   0.07219   0.00617   0.03808   0.02506   0.05189   0.00089   0.00707   0.00969   0.00717   0.00317   0.01990   0.02765   0.00000   0.03920   0.01430   0.00000   0.00000   0.09440   1.22410   1.14971   1.17367   0.79228   1.12855   0.01786   0.00010   2.65748  
 18 2078.2827   5411.652526  x:  0.07695   0.09660   0.10864   0.21179   0.11931   0.09064   0.00000   0.05257   0.00000   0.00000   0.01801   0.01372   0.00223   0.00656   0.00910   0.01370   0.00000   0.00071   0.00000   0.01545   0.01114   0.00000   0.00838   0.00000   0.06470   0.00535   0.04207   0.02226   0.05009   0.00191   0.00871   0.00788   0.01782   0.00571   0.00780   0.02587   0.00000   0.03398   0.01206   0.00000   0.00000   0.09459   1.23463   1.15388   1.17948   0.78298   1.13384   0.01458   0.00010   2.65685  
 19 621.0874   5408.998444  x:  0.07809   0.09760   0.10976   0.21378   0.12074   0.09178   0.00000   0.05232   0.00000   0.00000   0.01854   0.01478   0.00243   0.00640   0.01035   0.01346   0.00000   0.00066   0.00000   0.01604   0.00705   0.00612   0.00996   0.00000   0.06085   0.00569   0.04147   0.02298   0.05022   0.00161   0.00938   0.00719   0.01954   0.00290   0.00864   0.02435   0.00000   0.03301   0.01487   0.00000   0.00000   0.09463   1.23991   1.15605   1.18039   0.78129   1.13664   0.01277   0.00010   2.65649  
 20 992.6723   5401.812860  x:  0.08134   0.09907   0.11248   0.21920   0.12447   0.09504   0.00000   0.05231   0.00000   0.00000   0.01884   0.01652   0.00283   0.00595   0.01108   0.01264   0.00000   0.00061   0.00000   0.01765   0.00164   0.00301   0.00926   0.00000   0.05005   0.00580   0.03929   0.02554   0.04975   0.00147   0.01080   0.00553   0.01999   0.00269   0.01171   0.01974   0.00000   0.03091   0.02053   0.00000   0.00000   0.09403   1.25856   1.16362   1.18173   0.77830   1.14631   0.00643   0.00010   2.65524  
 21 1007.8079   5392.884722  x:  0.08457   0.10054   0.11476   0.22422   0.12767   0.09828   0.00000   0.05277   0.00000   0.00000   0.01863   0.01692   0.00300   0.00561   0.01141   0.01199   0.00000   0.00061   0.00000   0.01882   0.00327   0.00268   0.00797   0.00000   0.03818   0.00574   0.03720   0.02708   0.04731   0.00150   0.01162   0.00457   0.02004   0.00377   0.01272   0.01786   0.00000   0.02809   0.02433   0.00000   0.00000   0.09247   1.27742   1.17135   1.18266   0.77593   1.15600   0.00010   0.00010   2.65398  
 22 3709.3441   5388.668392  x:  0.08581   0.09817   0.11442   0.22510   0.12802   0.09952   0.00000   0.05172   0.00000   0.00000   0.01872   0.01728   0.00310   0.00541   0.01102   0.01166   0.00000   0.00063   0.00000   0.01827   0.00354   0.00102   0.00967   0.00000   0.03003   0.00572   0.03551   0.02711   0.04617   0.00127   0.01196   0.00412   0.02135   0.00084   0.01217   0.01695   0.00000   0.02749   0.02310   0.00000   0.00000   0.08970   1.28198   1.17358   1.18452   0.77269   1.15911   0.00010   0.00010   2.65362  
 23 1687.7091   5377.848943  x:  0.08773   0.08470   0.11065   0.22527   0.12709   0.10145   0.00000   0.04762   0.00000   0.00000   0.01768   0.01768   0.00332   0.00483   0.00777   0.01064   0.00000   0.00081   0.00000   0.01322   0.00273   0.00355   0.00846   0.00000   0.01334   0.00455   0.03072   0.02741   0.04544   0.00148   0.01231   0.00302   0.01748   0.00163   0.01393   0.01061   0.00000   0.03513   0.01224   0.00000   0.00000   0.07924   1.30431   1.18360   1.18818   0.76577   1.17369   0.00010   0.00010   2.65179  
 24 1367.5052   5356.651357  x:  0.09599   0.07096   0.11353   0.24357   0.13711   0.10979   0.00000   0.05297   0.00000   0.00000   0.01371   0.01672   0.00343   0.00453   0.02607   0.00985   0.00000   0.00032   0.00000   0.01101   0.00269   0.00328   0.00745   0.00000   0.02196   0.00595   0.02801   0.02891   0.03807   0.00091   0.01244   0.00268   0.00831   0.00136   0.01255   0.00914   0.00000   0.05534   0.00419   0.00000   0.00000   0.06709   1.45736   1.24359   1.18024   0.77270   1.25410   0.00010   0.00010   2.64097  
 25 3160.0229   5336.469460  x:  0.09852   0.04593   0.10582   0.24700   0.13677   0.11238   0.00000   0.04676   0.00000   0.00000   0.01286   0.01643   0.00353   0.00400   0.02784   0.00846   0.00000   0.00021   0.00000   0.00555   0.00286   0.00255   0.00591   0.00000   0.02464   0.00674   0.02769   0.02434   0.03607   0.00063   0.01151   0.00293   0.00848   0.00128   0.00361   0.00661   0.00000   0.07847   0.01305   0.00000   0.00000   0.04399   1.55934   1.28466   1.18055   0.76893   1.31305   0.00010   0.00010   2.63318  
 26 5601.7335   5320.908849  x:  0.09863   0.02596   0.09576   0.24409   0.13281   0.11253   0.00000   0.03476   0.00000   0.00000   0.01531   0.01620   0.00351   0.00381   0.02635   0.00785   0.00000   0.00039   0.00000   0.01618   0.00327   0.00220   0.00568   0.00000   0.02601   0.00698   0.03003   0.01994   0.03675   0.00079   0.00977   0.00423   0.01295   0.00111   0.00595   0.00563   0.00000   0.09435   0.01430   0.00000   0.00000   0.02062   1.62442   1.31124   1.18409   0.76190   1.35400   0.00010   0.00010   2.62785  
 27 5535.9277   5310.665889  x:  0.09641   0.02123   0.08477   0.23548   0.12697   0.11032   0.00000   0.02027   0.00000   0.00000   0.02064   0.01640   0.00338   0.00412   0.02819   0.00838   0.00000   0.00062   0.00000   0.00684   0.00400   0.00107   0.00679   0.00000   0.02845   0.00747   0.03151   0.02876   0.03339   0.00116   0.00791   0.00589   0.01902   0.00096   0.01524   0.00805   0.00000   0.10109   0.01524   0.00000   0.00000   0.02028   1.66783   1.32778   1.18804   0.75720   1.38567   0.00010   0.00010   2.62380  
 28 1185.6637   5301.395096  x:  0.09153   0.01621   0.07072   0.22160   0.11797   0.10546   0.00000   0.00711   0.00000   0.00000   0.02292   0.01767   0.00355   0.00419   0.02801   0.00843   0.00000   0.00068   0.00000   0.01203   0.00410   0.00079   0.00685   0.00000   0.02850   0.00797   0.02672   0.03792   0.02647   0.00123   0.00723   0.00607   0.02161   0.00095   0.01201   0.00706   0.00000   0.10947   0.01583   0.00000   0.00000   0.03636   1.71549   1.34456   1.19211   0.75475   1.42308   0.00010   0.00010   2.61904  
 29 1520.1157   5291.346565  x:  0.08398   0.02962   0.05943   0.20368   0.10700   0.09794   0.00000   0.00858   0.00000   0.00000   0.02273   0.01766   0.00359   0.00424   0.03098   0.00852   0.00000   0.00062   0.00000   0.01273   0.00421   0.00000   0.00699   0.00000   0.02526   0.00903   0.02317   0.03596   0.02732   0.00118   0.00748   0.00602   0.02394   0.00089   0.01312   0.00792   0.00000   0.11430   0.01678   0.00000   0.00000   0.03665   1.76913   1.36070   1.19636   0.75695   1.46794   0.00010   0.00010   2.61330  
 30 817.2297   5279.685894  x:  0.07256   0.02888   0.05769   0.17040   0.08721   0.08656   0.00000   0.00860   0.00000   0.00000   0.01837   0.02066   0.00420   0.00381   0.02824   0.00777   0.00000   0.00054   0.00000   0.01053   0.00380   0.00000   0.00602   0.00000   0.02336   0.00968   0.04164   0.03042   0.02734   0.00096   0.00889   0.00408   0.02664   0.00078   0.01362   0.00282   0.00000   0.09278   0.01476   0.00000   0.00000   0.03832   1.85064   1.37880   1.20742   0.76409   1.54753   0.00010   0.00010   2.60306  
 31 1037.4547   5271.181018  x:  0.07156   0.02929   0.07285   0.14711   0.08269   0.08559   0.00000   0.00674   0.00000   0.00000   0.01021   0.02284   0.00439   0.00335   0.01585   0.00685   0.00000   0.00051   0.00000   0.01111   0.00323   0.00000   0.00466   0.00000   0.02804   0.00974   0.04101   0.04279   0.02570   0.00072   0.00923   0.00397   0.03876   0.00077   0.00864   0.00498   0.00000   0.08307   0.01163   0.00000   0.00000   0.03130   1.92068   1.38991   1.21674   0.77541   1.62357   0.00010   0.00010   2.59324  
 32 1028.9935   5267.995962  x:  0.07297   0.03029   0.07995   0.14077   0.08378   0.08702   0.00000   0.00460   0.00000   0.00000   0.01930   0.02384   0.00452   0.00327   0.00991   0.00676   0.00000   0.00052   0.00000   0.01038   0.00323   0.00000   0.00438   0.00000   0.03223   0.00950   0.03604   0.04072   0.02297   0.00067   0.00957   0.00340   0.04100   0.00083   0.00732   0.00391   0.00000   0.07835   0.01029   0.00000   0.00000   0.02954   1.95017   1.39221   1.22099   0.78283   1.65905   0.00010   0.00010   2.58860  
 33 1051.6884   5267.712870  x:  0.07318   0.03037   0.08057   0.14043   0.08407   0.08723   0.00000   0.00419   0.00000   0.00000   0.01960   0.02393   0.00453   0.00326   0.00957   0.00676   0.00000   0.00052   0.00000   0.01027   0.00323   0.00000   0.00436   0.00000   0.03246   0.00951   0.03566   0.04004   0.02277   0.00067   0.00959   0.00337   0.04130   0.00083   0.00741   0.00385   0.00162   0.07818   0.01024   0.00000   0.00000   0.02961   1.95290   1.39206   1.22153   0.78379   1.66300   0.00010   0.00010   2.58807  
 34 960.6042   5266.288768  x:  0.07422   0.03059   0.08222   0.14058   0.08590   0.08827   0.00000   0.00172   0.00000   0.00000   0.01771   0.02419   0.00453   0.00327   0.00971   0.00675   0.00000   0.00050   0.00000   0.00972   0.00322   0.00000   0.00434   0.00000   0.03229   0.00967   0.03489   0.03549   0.02263   0.00065   0.00951   0.00346   0.04266   0.00080   0.00874   0.00382   0.00156   0.07898   0.01051   0.00000   0.00000   0.03094   1.96102   1.38957   1.22398   0.78822   1.67862   0.00010   0.00010   2.58597  
 35 669.1700   5265.457463  x:  0.07443   0.03075   0.08152   0.14269   0.08678   0.08848   0.00503   0.00177   0.00000   0.00000   0.01807   0.02433   0.00454   0.00321   0.00958   0.00664   0.00000   0.00048   0.00000   0.00976   0.00324   0.00000   0.00422   0.00000   0.03195   0.00973   0.03657   0.03445   0.02105   0.00061   0.00966   0.00334   0.04336   0.00077   0.00896   0.00419   0.00151   0.08030   0.01056   0.00000   0.00000   0.03159   1.96697   1.38793   1.22548   0.79154   1.68889   0.00010   0.00010   2.58452  
 36 555.6232   5262.508073  x:  0.07422   0.03116   0.07542   0.15459   0.08988   0.08824   0.00102   0.00227   0.00000   0.00000   0.02007   0.02475   0.00460   0.00293   0.00887   0.00610   0.00000   0.00040   0.00000   0.01008   0.00327   0.00000   0.00364   0.00000   0.03016   0.00997   0.04427   0.03177   0.01461   0.00045   0.01028   0.00284   0.04618   0.00068   0.00921   0.00580   0.00133   0.08484   0.01054   0.00000   0.00000   0.03329   1.99300   1.37604   1.23419   0.80951   1.74208   0.00010   0.00010   2.57688  
 37 632.5535   5258.106707  x:  0.07125   0.02946   0.05721   0.16989   0.08526   0.08520   0.00229   0.00120   0.00000   0.00000   0.02011   0.02425   0.00460   0.00295   0.00768   0.00601   0.00000   0.00038   0.00000   0.01019   0.00302   0.00000   0.00339   0.00000   0.02893   0.01003   0.04417   0.03899   0.02005   0.00039   0.00985   0.00319   0.04600   0.00070   0.00608   0.00545   0.00175   0.07666   0.00908   0.00000   0.00000   0.02733   1.99940   1.34571   1.24955   0.83314   1.80603   0.00010   0.00010   2.56714  
 38 544.5987   5254.368722  x:  0.06229   0.02550   0.05851   0.17222   0.06897   0.07611   0.00316   0.00158   0.00000   0.00000   0.01743   0.02522   0.00481   0.00269   0.00882   0.00548   0.00000   0.00048   0.00000   0.00875   0.00278   0.00000   0.00308   0.00000   0.02889   0.01030   0.03278   0.03431   0.01642   0.00048   0.00993   0.00257   0.04397   0.00071   0.00670   0.00473   0.00154   0.06869   0.00889   0.00000   0.00000   0.02490   1.99706   1.31718   1.26386   0.84952   1.86301   0.00010   0.00010   2.55753  
 39 280.2623   5249.918585  x:  0.06340   0.02387   0.06643   0.14924   0.06221   0.07699   0.00328   0.00131   0.00000   0.00000   0.02352   0.02201   0.00439   0.00285   0.01642   0.00563   0.00000   0.00042   0.00000   0.00960   0.00292   0.00000   0.00340   0.00000   0.02076   0.01044   0.03627   0.03500   0.01886   0.00047   0.00920   0.00348   0.03796   0.00066   0.00611   0.00598   0.00174   0.07127   0.00978   0.00000   0.00000   0.02409   1.99470   1.28493   1.27824   0.86596   1.95330   0.00010   0.00010   2.54194  
 40 303.9641   5245.426438  x:  0.06961   0.01829   0.05415   0.12857   0.07388   0.08291   0.00238   0.00230   0.00000   0.00000   0.02117   0.02202   0.00439   0.00275   0.01548   0.00539   0.00000   0.00046   0.00000   0.00815   0.00262   0.00000   0.00317   0.00000   0.02054   0.01021   0.03234   0.02647   0.02000   0.00049   0.00902   0.00352   0.03700   0.00069   0.00648   0.00610   0.00149   0.06145   0.00911   0.00000   0.00000   0.02486   1.99984   1.26682   1.28883   0.86992   2.04885   0.00010   0.00010   2.52507  
 41 451.3750   5237.062426  x:  0.05642   0.01511   0.06663   0.14949   0.08369   0.06899   0.00000   0.00374   0.00000   0.00000   0.02125   0.02322   0.00455   0.00333   0.01216   0.00653   0.00000   0.00034   0.00000   0.00769   0.00256   0.00000   0.00367   0.00000   0.02004   0.01043   0.03185   0.01737   0.03092   0.00036   0.00841   0.00406   0.04333   0.00070   0.00782   0.00694   0.00083   0.05978   0.00865   0.00000   0.00000   0.03133   2.04044   1.28192   1.28706   0.84175   2.29744   0.00010   0.00010   2.48066  
 42 299.5909   5237.062426  x:  0.05642   0.01511   0.06663   0.14949   0.08369   0.06899   0.00000   0.00374   0.00000   0.00000   0.02125   0.02322   0.00455   0.00333   0.01216   0.00653   0.00000   0.00034   0.00000   0.00769   0.00256   0.00000   0.00367   0.00000   0.02004   0.01043   0.03185   0.01737   0.03092   0.00036   0.00841   0.00406   0.04333   0.00070   0.00782   0.00694   0.00083   0.05978   0.00865   0.00000   0.00000   0.03133   2.04044   1.28192   1.28706   0.84175   2.29744   0.00010   0.00010   2.48066  
 43 668.7632   5225.037736  x:  0.05668   0.01632   0.06670   0.14969   0.08379   0.06925   0.00012   0.00408   0.00000   0.00000   0.02077   0.02230   0.00380   0.00378   0.01186   0.00700   0.00000   0.00981   0.00000   0.00863   0.00386   0.00000   0.00694   0.00000   0.01979   0.01050   0.03170   0.01768   0.03046   0.00714   0.00781   0.00422   0.04240   0.00396   0.00787   0.00735   0.00060   0.05912   0.00969   0.00000   0.00000   0.03120   2.04058   1.28199   1.28700   0.84179   2.29748   0.00010   0.00038   2.48065  
 44 7245.8554   5211.505205  x:  0.05752   0.01998   0.06693   0.15033   0.08412   0.07008   0.00044   0.00487   0.00000   0.00000   0.01926   0.01925   0.00156   0.00469   0.01093   0.00811   0.00000   0.00914   0.00000   0.01104   0.00586   0.00000   0.01132   0.00000   0.01901   0.01073   0.03123   0.01861   0.02891   0.00642   0.00567   0.00461   0.03932   0.00385   0.00785   0.00847   0.00000   0.05697   0.01244   0.00000   0.00000   0.03077   2.04102   1.28224   1.28679   0.84189   2.29759   0.00010   0.00158   2.48061  
 45 1790.8205   5194.429195  x:  0.06037   0.02920   0.06760   0.15280   0.08502   0.07294   0.00039   0.00440   0.00000   0.00000   0.01466   0.00732   0.00692   0.00273   0.00857   0.00788   0.00000   0.00921   0.00000   0.01221   0.00291   0.00000   0.01023   0.00000   0.01675   0.01118   0.02968   0.02100   0.02348   0.00638   0.00061   0.00433   0.02721   0.00475   0.00797   0.00899   0.00000   0.04867   0.01502   0.00000   0.00000   0.02949   2.04280   1.28326   1.28596   0.84228   2.29808   0.00010   0.00440   2.48047  
 46 1720.1450   5188.049868  x:  0.06185   0.03366   0.06791   0.15412   0.08545   0.07441   0.00040   0.00413   0.00000   0.00000   0.01244   0.00121   0.00903   0.00251   0.00759   0.00776   0.00000   0.00920   0.00000   0.01260   0.00248   0.00000   0.00958   0.00000   0.01569   0.01136   0.02891   0.02213   0.02073   0.00638   0.00282   0.00431   0.02074   0.00504   0.00803   0.00915   0.00000   0.04426   0.01605   0.00000   0.00000   0.02887   2.04376   1.28381   1.28551   0.84250   2.29835   0.00010   0.00562   2.48039  
 47 6322.7383   5184.248894  x:  0.06307   0.03641   0.06811   0.15535   0.08571   0.07563   0.00044   0.00367   0.00000   0.00000   0.01153   0.00027   0.01058   0.00383   0.00762   0.00698   0.00000   0.00925   0.00000   0.01193   0.00573   0.00000   0.00790   0.00000   0.01518   0.01137   0.02834   0.02271   0.01868   0.00648   0.00277   0.00427   0.01476   0.00495   0.00807   0.00882   0.00000   0.04023   0.01573   0.00000   0.00000   0.02847   2.04470   1.28434   1.28506   0.84273   2.29864   0.00010   0.00596   2.48031  
 48 1932.5564   5181.323341  x:  0.06456   0.04002   0.06836   0.15681   0.08605   0.07712   0.00052   0.00331   0.00000   0.00000   0.01032   0.00175   0.01228   0.00456   0.00744   0.00626   0.00000   0.00929   0.00000   0.01152   0.00759   0.00000   0.00669   0.00000   0.01449   0.01141   0.02764   0.02350   0.01618   0.00656   0.00326   0.00427   0.00769   0.00492   0.00812   0.00862   0.00000   0.03541   0.01576   0.00000   0.00000   0.02795   2.04583   1.28496   1.28452   0.84300   2.29898   0.00010   0.00654   2.48022  
 49 7099.8054   5179.500170  x:  0.06552   0.04063   0.06835   0.15810   0.08603   0.07808   0.00086   0.00365   0.00000   0.00000   0.01218   0.00152   0.01191   0.00426   0.00886   0.00578   0.00000   0.00929   0.00000   0.01043   0.00707   0.00000   0.00803   0.00000   0.01503   0.01117   0.02744   0.02326   0.01584   0.00663   0.00319   0.00444   0.00387   0.00427   0.00812   0.00817   0.00000   0.03164   0.01431   0.00000   0.00000   0.02792   2.04695   1.28555   1.28399   0.84330   2.29936   0.00010   0.00559   2.48013  
 50 796.4404   5178.852698  x:  0.06625   0.04125   0.06835   0.15910   0.08601   0.07881   0.00080   0.00359   0.00000   0.00000   0.01268   0.00151   0.01148   0.00429   0.00912   0.00577   0.00000   0.00932   0.00000   0.01031   0.00693   0.00000   0.00788   0.00000   0.01523   0.01108   0.02728   0.02316   0.01561   0.00666   0.00316   0.00441   0.00432   0.00422   0.00812   0.00816   0.00257   0.02891   0.01384   0.00000   0.00000   0.02784   2.04784   1.28602   1.28356   0.84354   2.29966   0.00010   0.00506   2.48005  
 51 630.4888   5177.229713  x:  0.06845   0.04281   0.06830   0.16214   0.08590   0.08102   0.00065   0.00169   0.00000   0.00000   0.01396   0.00148   0.00993   0.00429   0.00967   0.00584   0.00000   0.00939   0.00000   0.01017   0.00650   0.00000   0.00757   0.00000   0.01580   0.01085   0.02689   0.02279   0.01522   0.00673   0.00305   0.00433   0.00561   0.00416   0.00809   0.00819   0.00215   0.02095   0.01248   0.00000   0.00000   0.02745   2.05063   1.28747   1.28222   0.84429   2.30060   0.00010   0.00350   2.47983  
 52 831.5286   5176.898278  x:  0.06921   0.04297   0.06821   0.16330   0.08577   0.08177   0.00106   0.00291   0.00000   0.00000   0.01409   0.00146   0.00950   0.00421   0.00961   0.00577   0.00000   0.00942   0.00000   0.01009   0.00644   0.00000   0.00709   0.00000   0.01594   0.01082   0.02682   0.02258   0.01538   0.00676   0.00302   0.00428   0.00588   0.00426   0.00808   0.00813   0.00174   0.01884   0.01243   0.00000   0.00000   0.02740   2.05180   1.28807   1.28166   0.84461   2.30099   0.00010   0.00300   2.47974  
 53 591.1497   5175.937014  x:  0.07243   0.04036   0.06731   0.16955   0.08440   0.08499   0.00131   0.00214   0.00000   0.00000   0.01246   0.00140   0.00836   0.00361   0.00779   0.00517   0.00000   0.00937   0.00000   0.00979   0.00639   0.00000   0.00664   0.00000   0.01598   0.01105   0.02716   0.02116   0.01813   0.00668   0.00289   0.00428   0.00491   0.00480   0.00800   0.00763   0.00209   0.01766   0.01456   0.00000   0.00000   0.02742   2.05895   1.29166   1.27829   0.84654   2.30334   0.00010   0.00151   2.47917  
 54 232.5649   5174.516731  x:  0.07827   0.03674   0.06563   0.18154   0.08183   0.09084   0.00126   0.00232   0.00000   0.00000   0.01064   0.00146   0.00967   0.00641   0.00858   0.00717   0.00000   0.00943   0.00000   0.00978   0.00533   0.00000   0.00741   0.00000   0.01517   0.01114   0.02733   0.02031   0.01840   0.00679   0.00270   0.00403   0.00489   0.00404   0.00807   0.00825   0.00208   0.01829   0.01453   0.00000   0.00000   0.02715   2.07366   1.29899   1.27144   0.85044   2.30809   0.00010   0.00181   2.47800  
 55 597.9479   5172.410531  x:  0.08562   0.03350   0.06347   0.19779   0.07858   0.09819   0.00066   0.00279   0.00000   0.00000   0.01137   0.00153   0.01119   0.00351   0.00976   0.00668   0.00000   0.00930   0.00000   0.01114   0.00702   0.00000   0.00843   0.00000   0.01453   0.01107   0.02731   0.02084   0.01648   0.00667   0.00303   0.00492   0.00591   0.00394   0.00823   0.00894   0.00194   0.02057   0.01364   0.00000   0.00000   0.02684   2.09494   1.30951   1.26170   0.85596   2.31490   0.00010   0.00436   2.47632  
 56 1363.1437   5171.422401  x:  0.08801   0.03368   0.06272   0.20525   0.07756   0.10057   0.00023   0.00290   0.00000   0.00000   0.01396   0.00145   0.01008   0.00475   0.00911   0.00489   0.00000   0.00925   0.00000   0.01148   0.00632   0.00000   0.00777   0.00000   0.01550   0.01104   0.02732   0.02223   0.01560   0.00654   0.00302   0.00385   0.00599   0.00493   0.00826   0.00849   0.00183   0.02244   0.01385   0.00000   0.00000   0.02724   2.10678   1.31524   1.25654   0.85882   2.31868   0.00010   0.00623   2.47539  
 57 851.9285   5170.709532  x:  0.08823   0.03483   0.06258   0.20901   0.07751   0.10079   0.00000   0.00290   0.00000   0.00000   0.01493   0.00145   0.00894   0.00461   0.00868   0.00632   0.00000   0.00943   0.00000   0.01061   0.00618   0.00000   0.00673   0.00000   0.01648   0.01106   0.02740   0.02329   0.01581   0.00669   0.00293   0.00463   0.00582   0.00472   0.00829   0.00809   0.00179   0.02355   0.01379   0.00000   0.00000   0.02797   2.11490   1.31905   1.25325   0.86060   2.32128   0.00010   0.00699   2.47476  
 58 680.5591   5170.709532  x:  0.08823   0.03483   0.06258   0.20901   0.07751   0.10079   0.00000   0.00290   0.00000   0.00000   0.01493   0.00145   0.00894   0.00461   0.00868   0.00632   0.00000   0.00943   0.00000   0.01061   0.00618   0.00000   0.00673   0.00000   0.01648   0.01106   0.02740   0.02329   0.01581   0.00669   0.00293   0.00463   0.00582   0.00472   0.00829   0.00809   0.00179   0.02355   0.01379   0.00000   0.00000   0.02797   2.11490   1.31905   1.25325   0.86060   2.32128   0.00010   0.00699   2.47476  
 59 785.5599   5163.352748  x:  0.08766   0.03596   0.06273   0.20867   0.07782   0.10022   0.00035   0.00348   0.00000   0.00000   0.01465   0.00300   0.00445   0.00494   0.00887   0.00723   0.00000   0.00571   0.00000   0.01272   0.00758   0.00000   0.01322   0.00000   0.01644   0.01113   0.02745   0.02327   0.01647   0.00380   0.00338   0.00484   0.00638   0.00293   0.00821   0.00935   0.00000   0.02329   0.01550   0.00000   0.00000   0.02808   2.11553   1.31928   1.25311   0.86065   2.32149   0.00010   0.00685   2.47472  
 60 1166.9793   5161.868727  x:  0.08730   0.03662   0.06281   0.20846   0.07800   0.09986   0.00045   0.00392   0.00000   0.00000   0.01447   0.00267   0.00203   0.00499   0.00892   0.00756   0.00000   0.00387   0.00000   0.01354   0.00787   0.00000   0.01493   0.00000   0.01642   0.01116   0.02749   0.02326   0.01678   0.00280   0.00336   0.00487   0.00652   0.00273   0.00818   0.00977   0.00226   0.02318   0.01631   0.00000   0.00000   0.02818   2.11593   1.31942   1.25303   0.86068   2.32162   0.00010   0.00678   2.47469  
 61 1638.5915   5161.466120  x:  0.08698   0.03716   0.06288   0.20826   0.07816   0.09954   0.00040   0.00357   0.00000   0.00000   0.01436   0.00185   0.00113   0.00492   0.00891   0.00760   0.00000   0.00314   0.00000   0.01383   0.00774   0.00000   0.01488   0.00000   0.01640   0.01117   0.02751   0.02325   0.01696   0.00309   0.00319   0.00483   0.00648   0.00326   0.00817   0.00985   0.00198   0.02309   0.01670   0.00000   0.00000   0.02820   2.11629   1.31956   1.25296   0.86071   2.32174   0.00010   0.00675   2.47466  
 62 469.1184   5161.223453  x:  0.08638   0.03816   0.06301   0.20788   0.07844   0.09894   0.00041   0.00323   0.00000   0.00000   0.01419   0.00138   0.00174   0.00485   0.00890   0.00763   0.00000   0.00240   0.00000   0.01435   0.00766   0.00000   0.01496   0.00000   0.01637   0.01120   0.02756   0.02322   0.01727   0.00310   0.00307   0.00479   0.00644   0.00346   0.00815   0.01000   0.00199   0.02291   0.01739   0.00000   0.00000   0.02825   2.11698   1.31981   1.25282   0.86076   2.32196   0.00010   0.00668   2.47461  
 63 348.5508   5160.353633  x:  0.08313   0.04339   0.06367   0.20581   0.07993   0.09569   0.00061   0.00187   0.00000   0.00000   0.01354   0.00245   0.00175   0.00458   0.00887   0.00739   0.00000   0.00299   0.00000   0.01640   0.00722   0.00000   0.01417   0.00000   0.01622   0.01130   0.02777   0.02310   0.01868   0.00347   0.00287   0.00463   0.00617   0.00385   0.00810   0.01042   0.00220   0.02200   0.02053   0.00000   0.00000   0.02855   2.12079   1.32121   1.25203   0.86104   2.32320   0.00010   0.00636   2.47433  
 64 530.1706   5159.784393  x:  0.08048   0.04727   0.06412   0.20405   0.08104   0.09304   0.00121   0.00327   0.00000   0.00000   0.01329   0.00169   0.00165   0.00478   0.00885   0.00739   0.00000   0.00367   0.00000   0.01702   0.00707   0.00000   0.01331   0.00000   0.01616   0.01131   0.02790   0.02303   0.01928   0.00320   0.00336   0.00475   0.00621   0.00317   0.00810   0.01036   0.00179   0.02134   0.02207   0.00000   0.00000   0.02877   2.12409   1.32242   1.25135   0.86127   2.32428   0.00010   0.00627   2.47409  
 65 709.9800   5159.028254  x:  0.07631   0.05191   0.06452   0.20102   0.08244   0.08887   0.00104   0.00349   0.00000   0.00000   0.01403   0.00245   0.00144   0.00529   0.00891   0.00751   0.00000   0.00242   0.00000   0.01508   0.00794   0.00000   0.01229   0.00000   0.01624   0.01116   0.02793   0.02301   0.01851   0.00271   0.00295   0.00505   0.00672   0.00276   0.00821   0.00939   0.00157   0.02114   0.02116   0.00000   0.00000   0.02865   2.13005   1.32459   1.25015   0.86167   2.32619   0.00010   0.00666   2.47365  
 66 408.9784   5158.290926  x:  0.07193   0.05598   0.06476   0.19758   0.08374   0.08449   0.00061   0.00295   0.00000   0.00000   0.01474   0.00172   0.00161   0.00510   0.00898   0.00789   0.00000   0.00333   0.00000   0.01311   0.00864   0.00000   0.01407   0.00000   0.01634   0.01106   0.02789   0.02302   0.01736   0.00292   0.00336   0.00493   0.00692   0.00340   0.00822   0.00917   0.00190   0.02140   0.01926   0.00000   0.00000   0.02842   2.13708   1.32711   1.24876   0.86215   2.32844   0.00010   0.00701   2.47314  
 67 781.2629   5157.917193  x:  0.06993   0.05671   0.06455   0.19542   0.08415   0.08250   0.00103   0.00340   0.00000   0.00000   0.01466   0.00195   0.00161   0.00444   0.00887   0.00737   0.00000   0.00305   0.00000   0.01321   0.00757   0.00000   0.01466   0.00000   0.01633   0.01115   0.02777   0.02304   0.01689   0.00379   0.00288   0.00458   0.00612   0.00290   0.00807   0.00987   0.00196   0.02199   0.01763   0.00000   0.00000   0.02833   2.14202   1.32881   1.24781   0.86250   2.33005   0.00010   0.00689   2.47277  
 68 363.4244   5157.463428  x:  0.06801   0.05620   0.06405   0.19260   0.08436   0.08057   0.00109   0.00332   0.00000   0.00000   0.01420   0.00206   0.00157   0.00477   0.00876   0.00687   0.00000   0.00298   0.00000   0.01416   0.00641   0.00000   0.01440   0.00000   0.01624   0.01128   0.02759   0.02304   0.01675   0.00259   0.00333   0.00477   0.00576   0.00347   0.00796   0.01051   0.00184   0.02285   0.01597   0.00000   0.00000   0.02808   2.14906   1.33117   1.24650   0.86302   2.33235   0.00010   0.00645   2.47224  
 69 495.6944   5156.347143  x:  0.06408   0.05248   0.06236   0.18479   0.08448   0.07664   0.00026   0.00318   0.00000   0.00000   0.01282   0.00182   0.00156   0.00595   0.00887   0.00768   0.00000   0.00316   0.00000   0.01691   0.00760   0.00000   0.01372   0.00000   0.01595   0.01141   0.02711   0.02297   0.01735   0.00349   0.00319   0.00539   0.00735   0.00264   0.00802   0.01078   0.00193   0.02463   0.01451   0.00000   0.00000   0.02726   2.17002   1.33798   1.24267   0.86464   2.33925   0.00010   0.00502   2.47065  
 70 724.3921   5155.034573  x:  0.06069   0.04735   0.06048   0.17567   0.08451   0.07325   0.00070   0.00465   0.00000   0.00000   0.01273   0.00240   0.00173   0.00425   0.00893   0.00830   0.00000   0.00311   0.00000   0.01744   0.00908   0.00000   0.01347   0.00000   0.01578   0.01117   0.02676   0.02280   0.01801   0.00315   0.00256   0.00428   0.00722   0.00447   0.00814   0.00964   0.00165   0.02543   0.01606   0.00000   0.00000   0.02681   2.19651   1.34638   1.23793   0.86677   2.34796   0.00010   0.00413   2.46864  
 71 1317.7365   5153.381398  x:  0.05821   0.04170   0.05886   0.16529   0.08467   0.07077   0.00112   0.00308   0.00000   0.00000   0.01385   0.00192   0.00146   0.00368   0.00875   0.00769   0.00000   0.00282   0.00000   0.01567   0.00850   0.00000   0.01343   0.00000   0.01572   0.01082   0.02669   0.02250   0.01848   0.00297   0.00420   0.00438   0.00540   0.00276   0.00799   0.00838   0.00174   0.02490   0.01937   0.00000   0.00000   0.02668   2.22969   1.35662   1.23215   0.86951   2.35889   0.00010   0.00412   2.46611  
 72 1824.5985   5152.194210  x:  0.05784   0.03892   0.05849   0.15846   0.08496   0.07040   0.00223   0.00283   0.00000   0.00000   0.01460   0.00170   0.00154   0.00592   0.00865   0.00692   0.00000   0.00324   0.00000   0.01388   0.00707   0.00000   0.01427   0.00000   0.01572   0.01082   0.02689   0.02225   0.01845   0.00303   0.00251   0.00513   0.00583   0.00296   0.00777   0.00912   0.00181   0.02340   0.02152   0.00000   0.00000   0.02691   2.25516   1.36416   1.22788   0.87171   2.36731   0.00010   0.00449   2.46416  
 73 1830.4635   5150.486151  x:  0.06034   0.03827   0.05996   0.15014   0.08574   0.07290   0.00289   0.00311   0.00000   0.00000   0.01430   0.00260   0.00163   0.00549   0.00889   0.00695   0.00000   0.00237   0.00000   0.01264   0.00614   0.00000   0.01401   0.00000   0.01572   0.01143   0.02755   0.02199   0.01765   0.00419   0.00480   0.00504   0.00863   0.00382   0.00773   0.01169   0.00195   0.01992   0.02170   0.00000   0.00000   0.02713   2.29709   1.37587   1.22128   0.87550   2.38128   0.00010   0.00533   2.46090  
 74 1420.9259   5147.506182  x:  0.06541   0.03942   0.06321   0.13986   0.08698   0.07798   0.00255   0.00199   0.00000   0.00000   0.01331   0.00166   0.00140   0.00319   0.00912   0.00773   0.00000   0.00309   0.00000   0.01280   0.00693   0.00000   0.01318   0.00000   0.01572   0.01204   0.02845   0.02180   0.01653   0.00227   0.00311   0.00432   0.00918   0.00247   0.00784   0.01338   0.00189   0.01616   0.02013   0.00000   0.00000   0.02718   2.35971   1.39287   1.21177   0.88123   2.40219   0.00010   0.00656   2.45602  
 75 3549.4048   5143.390235  x:  0.07362   0.04312   0.06881   0.12800   0.08862   0.08618   0.00149   0.00297   0.00000   0.00000   0.01280   0.00205   0.00157   0.00563   0.00895   0.00824   0.00000   0.00294   0.00000   0.01475   0.00926   0.00000   0.01370   0.00000   0.01569   0.01179   0.02929   0.02179   0.01605   0.00331   0.00349   0.00465   0.00425   0.00353   0.00797   0.01126   0.00208   0.01552   0.01780   0.00000   0.00000   0.02715   2.45233   1.41728   1.19828   0.88973   2.43321   0.00010   0.00778   2.44877  
 76 4420.6688   5139.887837  x:  0.08018   0.04711   0.07377   0.12238   0.08947   0.09275   0.00177   0.00305   0.00000   0.00000   0.01439   0.00191   0.00157   0.00464   0.00844   0.00651   0.00000   0.00307   0.00000   0.01555   0.00735   0.00000   0.01494   0.00000   0.01561   0.01064   0.02906   0.02206   0.01756   0.00349   0.00331   0.00529   0.00694   0.00342   0.00766   0.00651   0.00215   0.02222   0.01736   0.00000   0.00000   0.02758   2.53558   1.43825   1.18710   0.89728   2.46120   0.00010   0.00794   2.44221  
 77 3440.6180   5136.766942  x:  0.08373   0.04980   0.07753   0.12635   0.08853   0.09629   0.00000   0.00343   0.00000   0.00000   0.01679   0.00186   0.00146   0.00514   0.00969   0.00880   0.00000   0.00309   0.00000   0.01203   0.00799   0.00000   0.01335   0.00000   0.01547   0.01045   0.02715   0.02248   0.01989   0.00283   0.00340   0.00354   0.00611   0.00291   0.00796   0.01270   0.00176   0.03184   0.01966   0.00000   0.00000   0.02775   2.62834   1.45962   1.17682   0.90524   2.49255   0.00010   0.00728   2.43483  
 78 2051.5768   5133.415222  x:  0.08364   0.04997   0.07881   0.13877   0.08598   0.09620   0.00031   0.00382   0.00000   0.00000   0.01570   0.00199   0.00157   0.00258   0.00945   0.00875   0.00000   0.00317   0.00000   0.01106   0.00948   0.00000   0.01309   0.00000   0.01563   0.01255   0.02565   0.02253   0.01919   0.00303   0.00306   0.01053   0.00502   0.00371   0.00801   0.01465   0.00168   0.03392   0.02086   0.00000   0.00000   0.02878   2.72544   1.48007   1.16841   0.91292   2.52539   0.00010   0.00937   2.42705  
 79 2346.2466   5119.761460  x:  0.07931   0.04779   0.07949   0.19166   0.07573   0.09187   0.00159   0.00252   0.00000   0.00000   0.01052   0.00164   0.00153   0.00569   0.00766   0.00563   0.00000   0.00315   0.00000   0.01340   0.01019   0.00000   0.01352   0.00000   0.01676   0.01655   0.02331   0.02257   0.01325   0.00311   0.00369   0.00398   0.00626   0.00318   0.00818   0.01087   0.00187   0.02984   0.02196   0.00000   0.00000   0.03236   3.07178   1.55008   1.14211   0.93924   2.64260   0.00010   0.01919   2.39920  
 80 6150.5970   5116.140221  x:  0.07840   0.04729   0.07850   0.20153   0.07456   0.09096   0.00000   0.00296   0.00000   0.00000   0.01320   0.00190   0.00159   0.00561   0.00915   0.00793   0.00000   0.00315   0.00000   0.01444   0.00794   0.00000   0.01382   0.00000   0.01683   0.01462   0.02487   0.02287   0.01524   0.00326   0.00343   0.00408   0.00629   0.00319   0.00825   0.00970   0.00189   0.02669   0.02064   0.00000   0.00000   0.03204   3.13537   1.56183   1.13867   0.94371   2.66420   0.00010   0.01920   2.39406  
 81 4662.5915   5114.443609  x:  0.07819   0.04730   0.07606   0.20738   0.07565   0.09075   0.00000   0.00337   0.00000   0.00000   0.01380   0.00164   0.00154   0.00532   0.00776   0.00467   0.00000   0.00313   0.00000   0.01387   0.00913   0.00000   0.01417   0.00000   0.01661   0.01065   0.02727   0.02340   0.01760   0.00324   0.00340   0.00413   0.00644   0.00326   0.00833   0.01037   0.00193   0.02434   0.01946   0.00000   0.00000   0.03132   3.17752   1.56760   1.13894   0.94604   2.67865   0.00010   0.01635   2.39062  
 82 1841.2962   5112.643554  x:  0.07905   0.04816   0.06945   0.21131   0.08108   0.09162   0.00000   0.00305   0.00000   0.00000   0.01038   0.00195   0.00153   0.00542   0.00623   0.00686   0.00000   0.00295   0.00000   0.01170   0.00803   0.00000   0.01452   0.00000   0.01617   0.00970   0.02991   0.02390   0.01648   0.00314   0.00338   0.00419   0.00613   0.00314   0.00742   0.00932   0.00196   0.02407   0.01952   0.00000   0.00000   0.03080   3.22385   1.56898   1.14541   0.94705   2.69472   0.00010   0.01140   2.38676  
 83 863.3080   5109.605369  x:  0.08102   0.04983   0.05535   0.21614   0.09279   0.09358   0.00000   0.00262   0.00000   0.00000   0.01148   0.00161   0.00147   0.00561   0.01158   0.00497   0.00000   0.00297   0.00000   0.01198   0.00894   0.00000   0.01453   0.00000   0.01558   0.01282   0.03233   0.02388   0.01385   0.00314   0.00350   0.00403   0.00597   0.00307   0.00847   0.00878   0.00203   0.02464   0.01962   0.00000   0.00000   0.02975   3.30947   1.56769   1.16209   0.94771   2.72445   0.00010   0.00857   2.37957  
 84 1920.6359   5105.270862  x:  0.08332   0.05137   0.03774   0.22047   0.10783   0.09588   0.00000   0.00254   0.00000   0.00000   0.01461   0.00153   0.00151   0.00568   0.00747   0.00615   0.00000   0.00312   0.00000   0.01386   0.00988   0.00000   0.01389   0.00000   0.01569   0.01303   0.03182   0.02284   0.01464   0.00320   0.00366   0.00385   0.00628   0.00318   0.00781   0.00999   0.00204   0.02605   0.01877   0.00000   0.00000   0.02882   3.42573   1.56293   1.18828   0.94757   2.76467   0.00010   0.01643   2.36975  
 85 2905.3677   5101.708619  x:  0.08321   0.04960   0.03745   0.22176   0.11528   0.09577   0.00000   0.00345   0.00000   0.00000   0.00938   0.00191   0.00155   0.00552   0.01138   0.00565   0.00000   0.00306   0.00000   0.01210   0.00806   0.00000   0.01468   0.00000   0.01765   0.00930   0.02572   0.02288   0.01801   0.00321   0.00335   0.00388   0.00619   0.00314   0.00987   0.00920   0.00194   0.02529   0.01820   0.00000   0.00000   0.02969   3.52710   1.55440   1.21584   0.94581   2.79985   0.00010   0.02143   2.36110  
 86 1411.2476   5092.605406  x:  0.08058   0.04176   0.05395   0.22252   0.12687   0.09314   0.00000   0.00546   0.00000   0.00000   0.01346   0.00208   0.00154   0.00523   0.00785   0.00486   0.00000   0.00308   0.00000   0.01334   0.00646   0.00000   0.01515   0.00000   0.01854   0.01299   0.01588   0.02484   0.01707   0.00322   0.00278   0.00331   0.00657   0.00316   0.00609   0.00811   0.00158   0.02156   0.01840   0.00000   0.00000   0.03272   3.78932   1.52617   1.29331   0.93916   2.89125   0.00010   0.01958   2.33859  
 87 3185.7475   5086.652849  x:  0.07779   0.03573   0.06925   0.22029   0.12891   0.09035   0.00000   0.00534   0.00000   0.00000   0.01398   0.00212   0.00156   0.00519   0.00618   0.00569   0.00000   0.00313   0.00000   0.01474   0.00629   0.00000   0.01482   0.00000   0.01623   0.01213   0.02687   0.02368   0.01388   0.00325   0.00279   0.00353   0.00658   0.00313   0.01281   0.00896   0.00144   0.02430   0.01940   0.00000   0.00000   0.03466   3.97910   1.50100   1.35359   0.93284   2.95734   0.00010   0.02401   2.32221  
 88 4428.9833   5084.320569  x:  0.07716   0.03519   0.07298   0.21798   0.12527   0.08972   0.00000   0.00428   0.00000   0.00000   0.01300   0.00194   0.00152   0.00539   0.00863   0.00565   0.00000   0.00308   0.00000   0.01440   0.00818   0.00000   0.01428   0.00000   0.01526   0.01129   0.03096   0.02247   0.01493   0.00317   0.00316   0.00342   0.00641   0.00320   0.00664   0.00934   0.00153   0.02554   0.01885   0.00000   0.00000   0.03377   4.03423   1.49097   1.37314   0.93015   2.97650   0.00010   0.02613   2.31738  
 89 2045.3908   5081.664577  x:  0.07765   0.03951   0.07187   0.21210   0.10930   0.09021   0.00000   0.00173   0.00000   0.00000   0.01290   0.00157   0.00144   0.00592   0.00791   0.00629   0.00000   0.00295   0.00000   0.01311   0.01018   0.00000   0.01406   0.00000   0.01690   0.01282   0.02896   0.02159   0.01827   0.00312   0.00381   0.00318   0.00603   0.00309   0.00893   0.00923   0.00197   0.02504   0.01744   0.00000   0.00000   0.02745   4.09310   1.47542   1.39597   0.92596   2.99692   0.00010   0.02416   2.31209  
 90 787.2113   5079.640372  x:  0.07838   0.04506   0.06689   0.20789   0.09116   0.09094   0.00000   0.00207   0.00000   0.00000   0.01320   0.00164   0.00143   0.00565   0.00827   0.00619   0.00000   0.00297   0.00000   0.01393   0.00930   0.00000   0.01393   0.00000   0.01559   0.00939   0.02725   0.02229   0.01367   0.00313   0.00364   0.00373   0.00612   0.00304   0.00847   0.00955   0.00191   0.02474   0.01938   0.00000   0.00000   0.02440   4.14993   1.46389   1.41214   0.92334   3.01640   0.00010   0.02347   2.30702  
 91 1068.3628   5078.661639  x:  0.07871   0.04838   0.06280   0.20587   0.08007   0.09127   0.00000   0.00304   0.00000   0.00000   0.01249   0.00180   0.00143   0.00552   0.00795   0.00565   0.00000   0.00294   0.00000   0.01288   0.00839   0.00000   0.01438   0.00000   0.01502   0.01197   0.02869   0.02272   0.01520   0.00307   0.00335   0.00349   0.00609   0.00299   0.00809   0.00897   0.00173   0.02439   0.01937   0.00000   0.00000   0.02727   4.18427   1.45760   1.41960   0.92233   3.02807   0.00010   0.02339   2.30395  
 92 960.4194   5078.540111  x:  0.07874   0.04873   0.06222   0.20539   0.07888   0.09130   0.00000   0.00282   0.00000   0.00000   0.01279   0.00176   0.00142   0.00554   0.00802   0.00584   0.00000   0.00293   0.00000   0.01310   0.00866   0.00000   0.01426   0.00000   0.01621   0.01138   0.02854   0.02227   0.01494   0.00307   0.00342   0.00353   0.00607   0.00300   0.00813   0.00910   0.00171   0.02443   0.01915   0.00000   0.00000   0.02963   4.18750   1.45552   1.41966   0.92220   3.02910   0.00010   0.02290   2.30360  
 93 116.7995   5078.403993  x:  0.07861   0.04875   0.06201   0.20497   0.07868   0.09117   0.00000   0.00258   0.00000   0.00000   0.01288   0.00172   0.00141   0.00558   0.00807   0.00598   0.00000   0.00291   0.00000   0.01305   0.00887   0.00000   0.01423   0.00000   0.01414   0.01103   0.02784   0.02198   0.01507   0.00307   0.00348   0.00352   0.00603   0.00300   0.00842   0.00908   0.00173   0.02426   0.01883   0.00000   0.00000   0.03082   4.19126   1.44952   1.41643   0.92221   3.02999   0.00010   0.02269   2.30301  
 94 53.1627   5075.874684  x:  0.07505   0.04727   0.06038   0.19977   0.07864   0.08761   0.00000   0.00277   0.00000   0.00000   0.01226   0.00174   0.00134   0.00542   0.00791   0.00571   0.00000   0.00278   0.00000   0.01291   0.00841   0.00000   0.01427   0.00000   0.01509   0.01107   0.02757   0.02200   0.01459   0.00294   0.00332   0.00340   0.00593   0.00288   0.00796   0.00882   0.00167   0.02349   0.01864   0.00000   0.00000   0.02854   4.27920   1.32748   1.34282   0.92360   3.05148   0.00010   0.02295   2.28990  
 95 269.8739   5075.696034  x:  0.07507   0.04730   0.06034   0.19994   0.07887   0.08763   0.00000   0.00296   0.00000   0.00000   0.01225   0.00177   0.00134   0.00537   0.00782   0.00562   0.00000   0.00278   0.00000   0.01284   0.00821   0.00000   0.01435   0.00000   0.01505   0.01117   0.02745   0.01899   0.01454   0.00293   0.00326   0.00339   0.00594   0.00288   0.00793   0.00874   0.00166   0.02344   0.01868   0.00000   0.00000   0.02814   4.28674   1.32026   1.33613   0.91447   3.05279   0.00010   0.02268   2.28851  
 96 53.0416   5074.508417  x:  0.07536   0.04731   0.05984   0.20004   0.08072   0.08792   0.00000   0.00289   0.00000   0.00000   0.01229   0.00177   0.00135   0.00539   0.00793   0.00569   0.00000   0.00280   0.00000   0.01288   0.00831   0.00000   0.01432   0.00000   0.01506   0.01113   0.02732   0.02141   0.01463   0.00295   0.00329   0.00343   0.00596   0.00290   0.00801   0.00880   0.00166   0.02347   0.01868   0.00000   0.00000   0.02877   4.33229   1.27159   1.29023   0.84529   3.05921   0.00010   0.02304   2.27925  
 97 401.8089   5068.599342  x:  0.07769   0.04879   0.06093   0.20728   0.08459   0.09024   0.00000   0.00348   0.00000   0.00000   0.01297   0.00187   0.00154   0.00538   0.00809   0.00655   0.00000   0.00317   0.00000   0.01440   0.00801   0.00000   0.01404   0.00000   0.01541   0.01141   0.02759   0.02197   0.01707   0.00316   0.00319   0.00503   0.00653   0.00321   0.00809   0.00981   0.00137   0.02369   0.01867   0.00000   0.00000   0.02924   4.92031   1.27013   1.27758   0.84723   2.34900   0.00010   0.00984   1.67949  
 98  2.6448   5059.259521  x:  0.07484   0.04854   0.05924   0.20382   0.08577   0.08738   0.00000   0.00373   0.00000   0.00000   0.01362   0.00185   0.00150   0.00495   0.00865   0.00748   0.00000   0.00326   0.00000   0.01449   0.00753   0.00000   0.01394   0.00000   0.01530   0.01172   0.02742   0.02188   0.01867   0.00313   0.00297   0.00697   0.00686   0.00339   0.00771   0.01030   0.00093   0.02206   0.01778   0.00000   0.00000   0.02881   5.37346   1.29527   1.22871   0.84922   2.47499   0.00010   0.01255   0.57235  
 99 11.6771   5049.114034  x:  0.07157   0.04782   0.05763   0.20730   0.08420   0.08406   0.00000   0.00385   0.00000   0.00000   0.01462   0.00175   0.00152   0.00437   0.00984   0.00871   0.00000   0.00328   0.00000   0.01496   0.00582   0.00000   0.01389   0.00000   0.01560   0.01121   0.02750   0.02233   0.02041   0.00306   0.00247   0.00885   0.00702   0.00343   0.00739   0.01037   0.00010   0.01840   0.01575   0.00000   0.00000   0.02765   6.34109   1.34157   1.14786   0.85403   3.20074   0.00010   0.02799   1.86862  
100  3.8934   5037.912786  x:  0.07741   0.04756   0.06173   0.19064   0.07739   0.08983   0.00000   0.00268   0.00000   0.00000   0.01493   0.00242   0.00191   0.00410   0.00871   0.00824   0.00000   0.00326   0.00000   0.01329   0.00929   0.00000   0.01567   0.00000   0.01574   0.00891   0.02755   0.02277   0.01656   0.00345   0.00406   0.00328   0.00553   0.00287   0.00727   0.00881   0.00164   0.02648   0.02060   0.00000   0.00000   0.02982   8.36236   1.37164   1.25022   0.87802   3.20085   0.00010   0.02964   1.86486  
101  1.0836   5031.977526  x:  0.07582   0.04618   0.06026   0.18550   0.08971   0.08814   0.00000   0.00284   0.00000   0.00000   0.01330   0.00192   0.00130   0.00466   0.00829   0.00730   0.00000   0.00298   0.00000   0.01400   0.00815   0.00000   0.01443   0.00000   0.01477   0.01389   0.02693   0.02158   0.01704   0.00294   0.00289   0.00718   0.00677   0.00318   0.00824   0.00936   0.00064   0.02129   0.01889   0.00000   0.00000   0.02876  10.61242   1.27929   1.17637   0.84703   3.08578   0.00010   0.02539   1.64601  
102  1.0644   5029.969049  x:  0.07706   0.04798   0.05906   0.19392   0.08483   0.08929   0.00000   0.00277   0.00000   0.00000   0.01375   0.00174   0.00148   0.00438   0.00867   0.00709   0.00000   0.00304   0.00000   0.01413   0.00643   0.00000   0.01431   0.00000   0.01539   0.01105   0.02796   0.02188   0.01665   0.00317   0.00279   0.00407   0.00645   0.00314   0.00739   0.00879   0.00044   0.01977   0.01741   0.00000   0.00000   0.02792  12.04349   1.29697   1.17178   0.84046   2.96468   0.00010   0.02279   1.44778  
103  1.0208   5029.235414  x:  0.07802   0.04800   0.06061   0.19542   0.08357   0.09018   0.00000   0.00284   0.00000   0.00000   0.01398   0.00200   0.00168   0.00474   0.00867   0.00717   0.00000   0.00318   0.00000   0.01369   0.00777   0.00000   0.01451   0.00000   0.01558   0.01031   0.02728   0.02207   0.01776   0.00316   0.00329   0.00476   0.00606   0.00310   0.00769   0.00977   0.00103   0.02237   0.01812   0.00000   0.00000   0.02853  13.06718   1.31948   1.19458   0.85299   3.00353   0.00010   0.02390   1.47065  
104  0.8337   5028.985691  x:  0.07719   0.04785   0.06065   0.19478   0.08462   0.08929   0.00000   0.00283   0.00000   0.00000   0.01357   0.00188   0.00147   0.00465   0.00875   0.00728   0.00000   0.00309   0.00000   0.01373   0.00758   0.00000   0.01427   0.00000   0.01520   0.01099   0.02725   0.02207   0.01718   0.00313   0.00304   0.00459   0.00623   0.00317   0.00767   0.00938   0.00073   0.02194   0.01870   0.00000   0.00000   0.02894  14.08212   1.30144   1.18850   0.85241   3.00404   0.00010   0.02413   1.47123  
105  0.5984   5028.955001  x:  0.07740   0.04781   0.06028   0.19551   0.08444   0.08949   0.00000   0.00286   0.00000   0.00000   0.01372   0.00193   0.00153   0.00457   0.00866   0.00734   0.00000   0.00310   0.00000   0.01382   0.00752   0.00000   0.01441   0.00000   0.01533   0.01092   0.02727   0.02203   0.01730   0.00314   0.00309   0.00473   0.00627   0.00313   0.00760   0.00935   0.00078   0.02163   0.01834   0.00000   0.00000   0.02865  14.33877   1.30302   1.18520   0.84801   3.01515   0.00010   0.02423   1.50930  
106  0.2080   5028.951171  x:  0.07749   0.04791   0.06030   0.19545   0.08455   0.08958   0.00000   0.00286   0.00000   0.00000   0.01378   0.00192   0.00153   0.00457   0.00868   0.00733   0.00000   0.00311   0.00000   0.01379   0.00749   0.00000   0.01441   0.00000   0.01536   0.01084   0.02729   0.02204   0.01728   0.00314   0.00308   0.00468   0.00623   0.00313   0.00767   0.00937   0.00074   0.02181   0.01835   0.00000   0.00000   0.02868  14.41374   1.30408   1.18634   0.84936   3.01694   0.00010   0.02431   1.53892  
107  0.0557   5028.950399  x:  0.07744   0.04787   0.06030   0.19533   0.08447   0.08953   0.00000   0.00283   0.00000   0.00000   0.01376   0.00192   0.00152   0.00458   0.00867   0.00733   0.00000   0.00311   0.00000   0.01380   0.00751   0.00000   0.01442   0.00000   0.01533   0.01088   0.02732   0.02203   0.01727   0.00314   0.00309   0.00469   0.00625   0.00313   0.00762   0.00937   0.00075   0.02175   0.01837   0.00000   0.00000   0.02866  14.40410   1.30358   1.18627   0.84937   3.01683   0.00010   0.02429   1.55412  
108  0.0138   5028.950311  x:  0.07744   0.04786   0.06030   0.19534   0.08451   0.08953   0.00000   0.00284   0.00000   0.00000   0.01376   0.00192   0.00152   0.00458   0.00868   0.00733   0.00000   0.00311   0.00000   0.01380   0.00751   0.00000   0.01442   0.00000   0.01533   0.01088   0.02731   0.02203   0.01727   0.00314   0.00308   0.00469   0.00624   0.00313   0.00765   0.00937   0.00075   0.02174   0.01837   0.00000   0.00000   0.02867  14.39328   1.30350   1.18609   0.84917   3.01625   0.00010   0.02428   1.55693  
109  0.0115   5028.950300  x:  0.07744   0.04786   0.06031   0.19535   0.08450   0.08953   0.00000   0.00285   0.00000   0.00000   0.01375   0.00192   0.00152   0.00458   0.00867   0.00733   0.00000   0.00310   0.00000   0.01380   0.00751   0.00000   0.01441   0.00000   0.01533   0.01087   0.02731   0.02203   0.01728   0.00314   0.00308   0.00469   0.00624   0.00313   0.00764   0.00937   0.00075   0.02175   0.01836   0.00000   0.00000   0.02867  14.39017   1.30354   1.18612   0.84917   3.01616   0.00010   0.02428   1.55738  
110  0.0029   5028.950300  x:  0.07744   0.04786   0.06031   0.19535   0.08450   0.08953   0.00000   0.00285   0.00000   0.00000   0.01375   0.00192   0.00152   0.00458   0.00867   0.00733   0.00000   0.00310   0.00000   0.01380   0.00751   0.00000   0.01441   0.00000   0.01533   0.01087   0.02730   0.02203   0.01728   0.00314   0.00308   0.00469   0.00624   0.00313   0.00764   0.00937   0.00075   0.02175   0.01836   0.00000   0.00000   0.02867  14.39030   1.30354   1.18612   0.84917   3.01616   0.00010   0.02428   1.55736  
111  0.0004   5028.950300  x:  0.07744   0.04786   0.06031   0.19535   0.08450   0.08953   0.00000   0.00285   0.00000   0.00000   0.01375   0.00192   0.00152   0.00458   0.00867   0.00733   0.00000   0.00310   0.00000   0.01380   0.00751   0.00000   0.01441   0.00000   0.01533   0.01087   0.02730   0.02203   0.01728   0.00314   0.00308   0.00469   0.00624   0.00313   0.00764   0.00937   0.00075   0.02175   0.01836   0.00000   0.00000   0.02867  14.39030   1.30354   1.18612   0.84917   3.01616   0.00010   0.02428   1.55736  
112  0.0004   5028.950300  x:  0.07744   0.04786   0.06031   0.19535   0.08450   0.08953   0.00000   0.00285   0.00000   0.00000   0.01375   0.00192   0.00152   0.00458   0.00867   0.00733   0.00000   0.00310   0.00000   0.01380   0.00751   0.00000   0.01441   0.00000   0.01533   0.01087   0.02730   0.02203   0.01728   0.00314   0.00308   0.00469   0.00624   0.00313   0.00764   0.00937   0.00075   0.02175   0.01836   0.00000   0.00000   0.02867  14.39032   1.30354   1.18612   0.84918   3.01616   0.00010   0.02428   1.55736  
113  0.0004   5028.950300  x:  0.07744   0.04786   0.06031   0.19535   0.08450   0.08953   0.00000   0.00285   0.00000   0.00000   0.01375   0.00192   0.00152   0.00458   0.00867   0.00733   0.00000   0.00310   0.00000   0.01380   0.00751   0.00000   0.01441   0.00000   0.01533   0.01087   0.02730   0.02203   0.01728   0.00314   0.00308   0.00469   0.00624   0.00313   0.00764   0.00937   0.00075   0.02175   0.01836   0.00000   0.00000   0.02867  14.39032   1.30354   1.18612   0.84918   3.01616   0.00010   0.02428   1.55736  
114  0.0004   5028.950300  x:  0.07744   0.04786   0.06031   0.19535   0.08450   0.08953   0.00000   0.00285   0.00000   0.00000   0.01375   0.00192   0.00152   0.00458   0.00867   0.00733   0.00000   0.00310   0.00000   0.01380   0.00751   0.00000   0.01441   0.00000   0.01533   0.01087   0.02730   0.02203   0.01728   0.00314   0.00308   0.00469   0.00624   0.00313   0.00764   0.00937   0.00075   0.02175   0.01836   0.00000   0.00000   0.02867  14.39033   1.30354   1.18612   0.84918   3.01616   0.00010   0.02428   1.55736  
115  0.0004   5028.950300  x:  0.07744   0.04786   0.06031   0.19535   0.08450   0.08953   0.00000   0.00285   0.00000   0.00000   0.01375   0.00192   0.00152   0.00458   0.00867   0.00733   0.00000   0.00310   0.00000   0.01380   0.00751   0.00000   0.01441   0.00000   0.01533   0.01087   0.02730   0.02203   0.01728   0.00314   0.00308   0.00469   0.00624   0.00313   0.00764   0.00937   0.00075   0.02175   0.01836   0.00000   0.00000   0.02867  14.39033   1.30354   1.18612   0.84918   3.01616   0.00010   0.02428   1.55736  
116  0.0004   5028.950300  x:  0.07744   0.04786   0.06031   0.19535   0.08450   0.08953   0.00000   0.00285   0.00000   0.00000   0.01375   0.00192   0.00152   0.00458   0.00867   0.00733   0.00000   0.00310   0.00000   0.01380   0.00751   0.00000   0.01441   0.00000   0.01533   0.01087   0.02730   0.02203   0.01728   0.00314   0.00308   0.00469   0.00624   0.00313   0.00764   0.00937   0.00075   0.02175   0.01836   0.00000   0.00000   0.02867  14.39033   1.30354   1.18612   0.84918   3.01616   0.00010   0.02428   1.55736  
117  0.0004   5028.950300  x:  0.07744   0.04786   0.06031   0.19535   0.08450   0.08953   0.00000   0.00285   0.00000   0.00000   0.01375   0.00192   0.00152   0.00458   0.00867   0.00733   0.00000   0.00310   0.00000   0.01380   0.00751   0.00000   0.01441   0.00000   0.01533   0.01087   0.02730   0.02203   0.01728   0.00314   0.00308   0.00469   0.00624   0.00313   0.00764   0.00937   0.00075   0.02175   0.01836   0.00000   0.00000   0.02867  14.39033   1.30354   1.18612   0.84918   3.01616   0.00010   0.02428   1.55736  
check convergence!
