Supplemental results for CODEML (seqf: aln.phy  treef: tree.tre)


MLEs of dN/dS (w) for site classes (K=4)

site class             0        1       2a       2b
proportion       0.89632  0.05184  0.04900  0.00283
background w     0.01818  1.00000  0.01818  1.00000
foreground w     0.01818  1.00000  1.00000  1.00000

Naive Empirical Bayes (NEB) probabilities for 4 classes
(amino acids refer to 1st sequence: JF915746.1)

   1 M   0.97117 0.00533 0.02321 0.00029 ( 1)
   2 E   0.95733 0.01175 0.03028 0.00064 ( 1)
   3 A   0.96160 0.00950 0.02838 0.00052 ( 1)
   4 H   0.96586 0.00768 0.02604 0.00042 ( 1)
   5 Q   0.94936 0.01656 0.03318 0.00091 ( 1)
   6 F   0.97115 0.00560 0.02294 0.00031 ( 1)
   7 I   0.96818 0.00701 0.02442 0.00038 ( 1)
   8 K   0.95742 0.01218 0.02973 0.00067 ( 1)
   9 A   0.96568 0.00802 0.02587 0.00044 ( 1)
  10 P   0.97024 0.00603 0.02340 0.00033 ( 1)
  11 G   0.95834 0.01161 0.02942 0.00063 ( 1)
  12 V   0.96333 0.00911 0.02706 0.00050 ( 1)
  13 T   0.96557 0.00813 0.02586 0.00044 ( 1)
  14 T   0.96557 0.00813 0.02586 0.00044 ( 1)
  15 A   0.96568 0.00802 0.02587 0.00044 ( 1)
  16 I   0.96487 0.00845 0.02622 0.00046 ( 1)
  17 E   0.95920 0.01123 0.02895 0.00061 ( 1)
  18 Q   0.94664 0.01785 0.03453 0.00098 ( 1)
  19 A   0.95452 0.01366 0.03107 0.00075 ( 1)
  20 A   0.96568 0.00802 0.02587 0.00044 ( 1)
  21 L   0.93870 0.02285 0.03721 0.00125 ( 1)
  22 A   0.95452 0.01366 0.03107 0.00075 ( 1)
  23 A   0.96247 0.00954 0.02747 0.00052 ( 1)
  24 A   0.96356 0.00902 0.02693 0.00049 ( 1)
  25 N   0.95954 0.01110 0.02875 0.00061 ( 1)
  26 S   0.96822 0.00688 0.02452 0.00038 ( 1)
  27 A   0.96356 0.00902 0.02693 0.00049 ( 1)
  28 L   0.94646 0.01800 0.03456 0.00098 ( 1)
  29 A   0.96247 0.00954 0.02747 0.00052 ( 1)
  30 N   0.96170 0.01002 0.02774 0.00055 ( 1)
  31 A   0.96568 0.00802 0.02587 0.00044 ( 1)
  32 V   0.96225 0.00963 0.02760 0.00053 ( 1)
  33 V   0.96225 0.00963 0.02760 0.00053 ( 1)
  34 V   0.96543 0.00811 0.02602 0.00044 ( 1)
  35 R   0.96102 0.01019 0.02823 0.00056 ( 1)
  36 P   0.97024 0.00603 0.02340 0.00033 ( 1)
  37 F   0.37532 0.12710 0.49063 0.00695 ( 3)
  38 L   0.96265 0.01022 0.02657 0.00056 ( 1)
  39 S   0.96887 0.00653 0.02424 0.00036 ( 1)
  40 R   0.96102 0.01019 0.02823 0.00056 ( 1)
  41 L   0.93870 0.02285 0.03721 0.00125 ( 1)
  42 Q   0.94928 0.01663 0.03317 0.00091 ( 1)
  43 T   0.95417 0.01390 0.03117 0.00076 ( 1)
  44 E   0.95684 0.01269 0.02977 0.00069 ( 1)
  45 I   0.96630 0.00787 0.02540 0.00043 ( 1)
  46 L   0.94609 0.01834 0.03456 0.00100 ( 1)
  47 I   0.96744 0.00764 0.02450 0.00042 ( 1)
  48 N   0.95964 0.01102 0.02874 0.00060 ( 1)
  49 L   0.94609 0.01834 0.03456 0.00100 ( 1)
  50 M   0.97311 0.00497 0.02164 0.00027 ( 1)
  51 Q   0.94936 0.01656 0.03318 0.00091 ( 1)
  52 P   0.35639 0.13980 0.49616 0.00764 ( 3)
  53 R   0.96102 0.01019 0.02823 0.00056 ( 1)
  54 Q   0.94936 0.01656 0.03318 0.00091 ( 1)
  55 L   0.97022 0.00601 0.02343 0.00033 ( 1)
  56 V   0.96419 0.00864 0.02669 0.00047 ( 1)
  57 F   0.97115 0.00560 0.02294 0.00031 ( 1)
  58 R   0.96102 0.01019 0.02823 0.00056 ( 1)
  59 P   0.97024 0.00603 0.02340 0.00033 ( 1)
  60 E   0.95919 0.01124 0.02895 0.00061 ( 1)
  61 V   0.96533 0.00814 0.02609 0.00044 ( 1)
  62 L   0.94357 0.02006 0.03527 0.00110 ( 1)
  63 W   0.95131 0.01543 0.03241 0.00084 ( 1)
  64 N   0.96100 0.01043 0.02800 0.00057 ( 1)
  65 H   0.96530 0.00827 0.02597 0.00045 ( 1)
  66 P   0.95936 0.01113 0.02890 0.00061 ( 1)
  67 I   0.96529 0.00836 0.02589 0.00046 ( 1)
  68 Q   0.94936 0.01656 0.03318 0.00091 ( 1)
  69 R   0.96367 0.00892 0.02692 0.00049 ( 1)
  70 V   0.95435 0.01374 0.03116 0.00075 ( 1)
  71 I   0.96486 0.00846 0.02622 0.00046 ( 1)
  72 H   0.96599 0.00790 0.02568 0.00043 ( 1)
  73 N   0.96024 0.01082 0.02835 0.00059 ( 1)
  74 E   0.95559 0.01260 0.03112 0.00069 ( 1)
  75 L   0.97022 0.00601 0.02343 0.00033 ( 1)
  76 E   0.95920 0.01123 0.02895 0.00061 ( 1)
  77 Q   0.94936 0.01656 0.03318 0.00091 ( 1)
  78 Y   0.96446 0.00857 0.02649 0.00047 ( 1)
  79 C   0.96540 0.00828 0.02587 0.00045 ( 1)
  80 R   0.93160 0.02736 0.03954 0.00150 ( 1)
  81 A   0.96418 0.00864 0.02671 0.00047 ( 1)
  82 R   0.96494 0.00842 0.02618 0.00046 ( 1)
  83 A   0.96568 0.00802 0.02587 0.00044 ( 1)
  84 G   0.96046 0.01050 0.02846 0.00057 ( 1)
  85 R   0.96367 0.00894 0.02690 0.00049 ( 1)
  86 C   0.96489 0.00840 0.02625 0.00046 ( 1)
  87 L   0.97022 0.00601 0.02343 0.00033 ( 1)
  88 E   0.95920 0.01123 0.02895 0.00061 ( 1)
  89 V   0.96218 0.00970 0.02759 0.00053 ( 1)
  90 G   0.95112 0.01519 0.03286 0.00083 ( 1)
  91 A   0.96366 0.00893 0.02692 0.00049 ( 1)
  92 H   0.96665 0.00772 0.02520 0.00042 ( 1)
  93 P   0.96715 0.00736 0.02508 0.00040 ( 1)
  94 R   0.96494 0.00842 0.02618 0.00046 ( 1)
  95 S   0.96816 0.00694 0.02452 0.00038 ( 1)
  96 I   0.96694 0.00750 0.02515 0.00041 ( 1)
  97 N   0.96170 0.01002 0.02774 0.00055 ( 1)
  98 D   0.96219 0.00989 0.02737 0.00054 ( 1)
  99 N   0.96075 0.01038 0.02829 0.00057 ( 1)
 100 P   0.96822 0.00690 0.02451 0.00038 ( 1)
 101 N   0.96170 0.01002 0.02774 0.00055 ( 1)
 102 V   0.96537 0.00813 0.02606 0.00044 ( 1)
 103 L   0.94646 0.01800 0.03456 0.00098 ( 1)
 104 H   0.96631 0.00795 0.02531 0.00043 ( 1)
 105 R   0.96463 0.00838 0.02653 0.00046 ( 1)
 106 C   0.96556 0.00801 0.02599 0.00044 ( 1)
 107 F   0.97228 0.00519 0.02224 0.00028 ( 1)
 108 L   0.94943 0.01662 0.03305 0.00091 ( 1)
 109 K   0.95246 0.01462 0.03212 0.00080 ( 1)
 110 P   0.96894 0.00653 0.02418 0.00036 ( 1)
 111 R   0.96552 0.00810 0.02594 0.00044 ( 1)
 112 G   0.96052 0.01049 0.02842 0.00057 ( 1)
 113 R   0.96416 0.00885 0.02651 0.00048 ( 1)
 114 D   0.96217 0.00990 0.02739 0.00054 ( 1)
 115 V   0.96472 0.00850 0.02632 0.00046 ( 1)
 116 Q   0.94936 0.01656 0.03318 0.00091 ( 1)
 117 R   0.96102 0.01019 0.02823 0.00056 ( 1)
 118 W   0.95131 0.01543 0.03241 0.00084 ( 1)
 119 Y   0.96482 0.00862 0.02609 0.00047 ( 1)
 120 T   0.96413 0.00874 0.02665 0.00048 ( 1)
 121 A   0.96356 0.00902 0.02693 0.00049 ( 1)
 122 P   0.96586 0.00818 0.02552 0.00045 ( 1)
 123 T   0.96339 0.00916 0.02695 0.00050 ( 1)
 124 R   0.96355 0.00902 0.02694 0.00049 ( 1)
 125 G   0.95834 0.01161 0.02942 0.00063 ( 1)
 126 P   0.96954 0.00638 0.02372 0.00035 ( 1)
 127 A   0.95452 0.01366 0.03107 0.00075 ( 1)
 128 A   0.96247 0.00954 0.02747 0.00052 ( 1)
 129 N   0.96025 0.01068 0.02849 0.00058 ( 1)
 130 C   0.96493 0.00833 0.02629 0.00046 ( 1)
 131 R   0.96355 0.00902 0.02694 0.00049 ( 1)
 132 R   0.93399 0.02560 0.03901 0.00140 ( 1)
 133 S   0.96624 0.00768 0.02567 0.00042 ( 1)
 134 A   0.96557 0.00810 0.02589 0.00044 ( 1)
 135 L   0.96953 0.00637 0.02376 0.00035 ( 1)
 136 R   0.96566 0.00803 0.02588 0.00044 ( 1)
 137 G   0.95112 0.01519 0.03286 0.00083 ( 1)
 138 L   0.97022 0.00601 0.02343 0.00033 ( 1)
 139 P   0.31062 0.17039 0.50967 0.00932 ( 3)
 140 P   0.97024 0.00603 0.02340 0.00033 ( 1)
 141 V   0.02813 0.87671 0.04723 0.04793 ( 2)
 142 D   0.96114 0.01026 0.02803 0.00056 ( 1)
 143 R   0.96102 0.01019 0.02823 0.00056 ( 1)
 144 T   0.95836 0.01225 0.02872 0.00067 ( 1)
 145 Y   0.96440 0.00859 0.02654 0.00047 ( 1)
 146 C   0.96682 0.00749 0.02528 0.00041 ( 1)
 147 F   0.97228 0.00519 0.02224 0.00028 ( 1)
 148 D   0.62990 0.33415 0.01768 0.01827 ( 1)
 149 G   0.95978 0.01092 0.02870 0.00060 ( 1)
 150 F   0.97141 0.00544 0.02285 0.00030 ( 1)
 151 S   0.97007 0.00609 0.02351 0.00033 ( 1)
 152 G   0.95722 0.01218 0.02993 0.00067 ( 1)
 153 C   0.96682 0.00750 0.02528 0.00041 ( 1)
 154 T   0.02964 0.91927 0.00083 0.05026 ( 2)
 155 F   0.39169 0.11555 0.48644 0.00632 ( 3)
 156 A   0.96568 0.00802 0.02587 0.00044 ( 1)
 157 A   0.96568 0.00802 0.02587 0.00044 ( 1)
 158 E   0.95920 0.01123 0.02895 0.00061 ( 1)
 159 T   0.96493 0.00828 0.02634 0.00045 ( 1)
 160 G   0.95722 0.01218 0.02993 0.00067 ( 1)
 161 V   0.96541 0.00813 0.02602 0.00044 ( 1)
 162 A   0.96493 0.00829 0.02633 0.00045 ( 1)
 163 L   0.97022 0.00601 0.02343 0.00033 ( 1)
 164 Y   0.96586 0.00799 0.02571 0.00044 ( 1)
 165 S   0.95696 0.01233 0.03003 0.00067 ( 1)
 166 L   0.94797 0.01708 0.03401 0.00093 ( 1)
 167 H   0.96530 0.00827 0.02597 0.00045 ( 1)
 168 D   0.96216 0.00961 0.02770 0.00053 ( 1)
 169 L   0.93870 0.02285 0.03721 0.00125 ( 1)
 170 W   0.95131 0.01543 0.03241 0.00084 ( 1)
 171 P   0.97024 0.00603 0.02340 0.00033 ( 1)
 172 A   0.96554 0.00809 0.02593 0.00044 ( 1)
 173 D   0.96122 0.01019 0.02803 0.00056 ( 1)
 174 V   0.96345 0.00901 0.02705 0.00049 ( 1)
 175 A   0.95856 0.01206 0.02872 0.00066 ( 1)
 176 E   0.95920 0.01123 0.02895 0.00061 ( 1)
 177 A   0.95452 0.01366 0.03107 0.00075 ( 1)
 178 M   0.97311 0.00497 0.02164 0.00027 ( 1)
 179 A   0.96356 0.00902 0.02693 0.00049 ( 1)
 180 R   0.96461 0.00865 0.02626 0.00047 ( 1)
 181 H   0.96599 0.00790 0.02568 0.00043 ( 1)
 182 G   0.96052 0.01049 0.02842 0.00057 ( 1)
 183 M   0.97311 0.00497 0.02164 0.00027 ( 1)
 184 T   0.96387 0.00904 0.02660 0.00049 ( 1)
 185 R   0.96102 0.01019 0.02823 0.00056 ( 1)
 186 L   0.94870 0.01718 0.03318 0.00094 ( 1)
 187 Y   0.96515 0.00838 0.02601 0.00046 ( 1)
 188 A   0.95452 0.01366 0.03107 0.00075 ( 1)
 189 A   0.96356 0.00902 0.02693 0.00049 ( 1)
 190 L   0.97022 0.00601 0.02343 0.00033 ( 1)
 191 H   0.96627 0.00769 0.02562 0.00042 ( 1)
 192 L   0.96822 0.00688 0.02452 0.00038 ( 1)
 193 P   0.96830 0.00683 0.02450 0.00037 ( 1)
 194 P   0.96715 0.00736 0.02508 0.00040 ( 1)
 195 E   0.95920 0.01123 0.02895 0.00061 ( 1)
 196 V   0.96269 0.00934 0.02746 0.00051 ( 1)
 197 L   0.94274 0.01989 0.03629 0.00109 ( 1)
 198 L   0.97016 0.00603 0.02348 0.00033 ( 1)
 199 P   0.96957 0.00638 0.02371 0.00035 ( 1)
 200 P   0.97024 0.00603 0.02340 0.00033 ( 1)
 201 G   0.95914 0.01112 0.02913 0.00061 ( 1)
 202 T   0.96339 0.00916 0.02695 0.00050 ( 1)
 203 Y   0.96500 0.00847 0.02607 0.00046 ( 1)
 204 H   0.96734 0.00734 0.02492 0.00040 ( 1)
 205 T   0.96413 0.00874 0.02665 0.00048 ( 1)
 206 T   0.96523 0.00829 0.02603 0.00045 ( 1)
 207 S   0.95696 0.01233 0.03003 0.00067 ( 1)
 208 Y   0.96372 0.00899 0.02680 0.00049 ( 1)
 209 L   0.97020 0.00603 0.02343 0.00033 ( 1)
 210 L   0.94432 0.01932 0.03531 0.00106 ( 1)
 211 I   0.96694 0.00750 0.02515 0.00041 ( 1)
 212 H   0.96732 0.00735 0.02493 0.00040 ( 1)
 213 D   0.96323 0.00924 0.02703 0.00051 ( 1)
 214 G   0.95837 0.01160 0.02940 0.00063 ( 1)
 215 D   0.96313 0.00933 0.02703 0.00051 ( 1)
 216 R   0.96567 0.00802 0.02588 0.00044 ( 1)
 217 A   0.96568 0.00802 0.02587 0.00044 ( 1)
 218 V   0.96225 0.00963 0.02760 0.00053 ( 1)
 219 I   0.66056 0.30503 0.01773 0.01668 ( 1)
 220 T   0.95712 0.01206 0.03016 0.00066 ( 1)
 221 Y   0.96588 0.00797 0.02571 0.00044 ( 1)
 222 E   0.95920 0.01123 0.02895 0.00061 ( 1)
 223 G   0.95978 0.01092 0.02870 0.00060 ( 1)
 224 D   0.96114 0.01026 0.02803 0.00056 ( 1)
 225 S   0.96611 0.00780 0.02566 0.00043 ( 1)
 226 S   0.96125 0.01020 0.02800 0.00056 ( 1)
 227 A   0.95964 0.01066 0.02911 0.00058 ( 1)
 228 G   0.95722 0.01218 0.02993 0.00067 ( 1)
 229 Y   0.96374 0.00897 0.02680 0.00049 ( 1)
 230 N   0.96098 0.01045 0.02800 0.00057 ( 1)
 231 H   0.96734 0.00734 0.02492 0.00040 ( 1)
 232 D   0.96323 0.00924 0.02703 0.00051 ( 1)
 233 V   0.96225 0.00963 0.02760 0.00053 ( 1)
 234 S   0.66976 0.29546 0.01863 0.01615 ( 1)
 235 I   0.96684 0.00758 0.02517 0.00041 ( 1)
 236 L   0.94891 0.01636 0.03383 0.00089 ( 1)
 237 R   0.96365 0.00893 0.02693 0.00049 ( 1)
 238 A   0.96356 0.00902 0.02693 0.00049 ( 1)
 239 W   0.27657 0.23080 0.48001 0.01262 ( 3)
 240 I   0.96486 0.00846 0.02622 0.00046 ( 1)
 241 R   0.96355 0.00902 0.02694 0.00049 ( 1)
 242 T   0.96339 0.00916 0.02695 0.00050 ( 1)
 243 T   0.96413 0.00874 0.02665 0.00048 ( 1)
 244 K   0.95369 0.01475 0.03075 0.00081 ( 1)
 245 V   0.96345 0.00901 0.02705 0.00049 ( 1)
 246 T   0.96557 0.00813 0.02586 0.00044 ( 1)
 247 G   0.95836 0.01158 0.02942 0.00063 ( 1)
 248 D   0.00810 0.26232 0.71524 0.01434 ( 3)
 249 H   0.96590 0.00799 0.02568 0.00044 ( 1)
 250 P   0.96356 0.00870 0.02727 0.00048 ( 1)
 251 L   0.95095 0.01557 0.03263 0.00085 ( 1)
 252 V   0.96333 0.00911 0.02706 0.00050 ( 1)
 253 I   0.96691 0.00751 0.02517 0.00041 ( 1)
 254 E   0.95920 0.01123 0.02895 0.00061 ( 1)
 255 R   0.96102 0.01019 0.02823 0.00056 ( 1)
 256 V   0.96333 0.00911 0.02706 0.00050 ( 1)
 257 R   0.96102 0.01019 0.02823 0.00056 ( 1)
 258 A   0.96247 0.00954 0.02747 0.00052 ( 1)
 259 V   0.27679 0.21638 0.49500 0.01183 ( 3)
 260 G   0.95722 0.01218 0.02993 0.00067 ( 1)
 261 C   0.96482 0.00842 0.02630 0.00046 ( 1)
 262 H   0.96734 0.00734 0.02492 0.00040 ( 1)
 263 F   0.97228 0.00519 0.02224 0.00028 ( 1)
 264 V   0.96225 0.00963 0.02760 0.00053 ( 1)
 265 L   0.97022 0.00601 0.02343 0.00033 ( 1)
 266 L   0.95141 0.01529 0.03246 0.00084 ( 1)
 267 L   0.96822 0.00688 0.02452 0.00038 ( 1)
 268 T   0.95417 0.01390 0.03117 0.00076 ( 1)
 269 A   0.96548 0.00811 0.02597 0.00044 ( 1)
 270 A   0.96215 0.00983 0.02748 0.00054 ( 1)
 271 P   0.97024 0.00603 0.02340 0.00033 ( 1)
 272 E   0.95559 0.01260 0.03112 0.00069 ( 1)
 273 P   0.96449 0.00822 0.02684 0.00045 ( 1)
 274 S   0.96325 0.00941 0.02683 0.00051 ( 1)
 275 P   0.96709 0.00743 0.02508 0.00041 ( 1)
 276 M   0.97311 0.00497 0.02164 0.00027 ( 1)
 277 P   0.37728 0.12770 0.48804 0.00698 ( 3)
 278 Y   0.96573 0.00805 0.02577 0.00044 ( 1)
 279 V   0.96400 0.00877 0.02675 0.00048 ( 1)
 280 P   0.95936 0.01113 0.02890 0.00061 ( 1)
 281 Y   0.96372 0.00899 0.02680 0.00049 ( 1)
 282 P   0.97015 0.00610 0.02341 0.00033 ( 1)
 283 R   0.96355 0.00902 0.02694 0.00049 ( 1)
 284 S   0.96822 0.00688 0.02452 0.00038 ( 1)
 285 T   0.96350 0.00909 0.02691 0.00050 ( 1)
 286 E   0.95920 0.01123 0.02895 0.00061 ( 1)
 287 V   0.96333 0.00911 0.02706 0.00050 ( 1)
 288 Y   0.96586 0.00798 0.02573 0.00044 ( 1)
 289 V   0.96333 0.00911 0.02706 0.00050 ( 1)
 290 R   0.96102 0.01019 0.02823 0.00056 ( 1)
 291 S   0.96894 0.00651 0.02419 0.00036 ( 1)
 292 I   0.96624 0.00788 0.02544 0.00043 ( 1)
 293 F   0.97228 0.00519 0.02224 0.00028 ( 1)
 294 G   0.95271 0.01396 0.03256 0.00076 ( 1)
 295 P   0.95987 0.01081 0.02873 0.00059 ( 1)
 296 G   0.95834 0.01161 0.02942 0.00063 ( 1)
 297 G   0.95838 0.01153 0.02946 0.00063 ( 1)
 298 S   0.96611 0.00780 0.02566 0.00043 ( 1)
 299 P   0.96830 0.00683 0.02450 0.00037 ( 1)
 300 S   0.97022 0.00601 0.02343 0.00033 ( 1)
 301 L   0.96825 0.00687 0.02450 0.00038 ( 1)
 302 F   0.97099 0.00583 0.02287 0.00032 ( 1)
 303 P   0.95936 0.01113 0.02890 0.00061 ( 1)
 304 S   0.97016 0.00603 0.02348 0.00033 ( 1)
 305 A   0.96568 0.00802 0.02587 0.00044 ( 1)
 306 C   0.96482 0.00842 0.02630 0.00046 ( 1)
 307 S   0.96611 0.00780 0.02566 0.00043 ( 1)
 308 T   0.96557 0.00813 0.02586 0.00044 ( 1)
 309 K   0.95742 0.01218 0.02973 0.00067 ( 1)
 310 S   0.97014 0.00609 0.02344 0.00033 ( 1)
 311 T   0.95417 0.01390 0.03117 0.00076 ( 1)
 312 F   0.97208 0.00525 0.02239 0.00029 ( 1)
 313 H   0.96631 0.00788 0.02538 0.00043 ( 1)
 314 A   0.96356 0.00902 0.02693 0.00049 ( 1)
 315 V   0.96333 0.00911 0.02706 0.00050 ( 1)
 316 P   0.97024 0.00603 0.02340 0.00033 ( 1)
 317 V   0.96221 0.00964 0.02762 0.00053 ( 1)
 318 H   0.96734 0.00734 0.02492 0.00040 ( 1)
 319 I   0.96553 0.00807 0.02596 0.00044 ( 1)
 320 W   0.95131 0.01543 0.03241 0.00084 ( 1)
 321 D   0.96114 0.01026 0.02803 0.00056 ( 1)
 322 R   0.95892 0.01137 0.02909 0.00062 ( 1)
 323 L   0.96952 0.00637 0.02375 0.00035 ( 1)
 324 M   0.97311 0.00497 0.02164 0.00027 ( 1)
 325 L   0.97022 0.00601 0.02343 0.00033 ( 1)
 326 F   0.97228 0.00519 0.02224 0.00028 ( 1)
 327 G   0.96048 0.01050 0.02845 0.00057 ( 1)
 328 A   0.96247 0.00954 0.02747 0.00052 ( 1)
 329 T   0.96339 0.00916 0.02695 0.00050 ( 1)
 330 L   0.97017 0.00602 0.02347 0.00033 ( 1)
 331 D   0.96323 0.00924 0.02703 0.00051 ( 1)
 332 D   0.96114 0.01026 0.02803 0.00056 ( 1)
 333 Q   0.94936 0.01656 0.03318 0.00091 ( 1)
 334 A   0.96518 0.00815 0.02622 0.00045 ( 1)
 335 F   0.97165 0.00550 0.02255 0.00030 ( 1)
 336 C   0.96482 0.00842 0.02630 0.00046 ( 1)
 337 C   0.96483 0.00841 0.02630 0.00046 ( 1)
 338 S   0.96611 0.00780 0.02566 0.00043 ( 1)
 339 R   0.95892 0.01137 0.02909 0.00062 ( 1)
 340 L   0.97006 0.00610 0.02351 0.00033 ( 1)
 341 M   0.97311 0.00497 0.02164 0.00027 ( 1)
 342 T   0.96229 0.00968 0.02749 0.00053 ( 1)
 343 Y   0.96372 0.00899 0.02680 0.00049 ( 1)
 344 L   0.96895 0.00650 0.02419 0.00036 ( 1)
 345 R   0.96567 0.00802 0.02588 0.00044 ( 1)
 346 G   0.96037 0.01057 0.02848 0.00058 ( 1)
 347 I   0.96694 0.00750 0.02515 0.00041 ( 1)
 348 S   0.96253 0.00965 0.02730 0.00053 ( 1)
 349 Y   0.96588 0.00797 0.02571 0.00044 ( 1)
 350 K   0.95735 0.01225 0.02973 0.00067 ( 1)
 351 V   0.96543 0.00811 0.02602 0.00044 ( 1)
 352 T   0.95417 0.01390 0.03117 0.00076 ( 1)
 353 V   0.96333 0.00911 0.02706 0.00050 ( 1)
 354 G   0.96052 0.01049 0.02842 0.00057 ( 1)
 355 A   0.96495 0.00841 0.02617 0.00046 ( 1)
 356 L   0.36705 0.13853 0.48685 0.00757 ( 3)
 357 V   0.96529 0.00820 0.02607 0.00045 ( 1)
 358 A   0.96433 0.00858 0.02662 0.00047 ( 1)
 359 N   0.27046 0.20038 0.51820 0.01096 ( 3)
 360 E   0.95183 0.01520 0.03213 0.00083 ( 1)
 361 G   0.95834 0.01161 0.02942 0.00063 ( 1)
 362 W   0.95131 0.01543 0.03241 0.00084 ( 1)
 363 N   0.96015 0.01074 0.02852 0.00059 ( 1)
 364 A   0.96366 0.00893 0.02692 0.00049 ( 1)
 365 S   0.96822 0.00688 0.02452 0.00038 ( 1)
 366 E   0.95890 0.01151 0.02896 0.00063 ( 1)
 367 D   0.96186 0.00998 0.02762 0.00055 ( 1)
 368 A   0.95993 0.01103 0.02843 0.00060 ( 1)
 369 L   0.94609 0.01834 0.03456 0.00100 ( 1)
 370 T   0.96557 0.00813 0.02586 0.00044 ( 1)
 371 A   0.96568 0.00802 0.02587 0.00044 ( 1)
 372 V   0.95435 0.01374 0.03116 0.00075 ( 1)
 373 I   0.96694 0.00750 0.02515 0.00041 ( 1)
 374 T   0.96490 0.00851 0.02613 0.00047 ( 1)
 375 A   0.95459 0.01364 0.03102 0.00075 ( 1)
 376 A   0.96565 0.00804 0.02587 0.00044 ( 1)
 377 Y   0.96495 0.00830 0.02630 0.00045 ( 1)
 378 L   0.97019 0.00602 0.02346 0.00033 ( 1)
 379 T   0.96385 0.00904 0.02662 0.00049 ( 1)
 380 I   0.96692 0.00752 0.02515 0.00041 ( 1)
 381 C   0.96682 0.00749 0.02528 0.00041 ( 1)
 382 H   0.96733 0.00735 0.02492 0.00040 ( 1)
 383 Q   0.94936 0.01656 0.03318 0.00091 ( 1)
 384 R   0.95802 0.01220 0.02912 0.00067 ( 1)
 385 Y   0.96479 0.00863 0.02611 0.00047 ( 1)
 386 L   0.96870 0.00668 0.02425 0.00037 ( 1)
 387 R   0.96366 0.00892 0.02693 0.00049 ( 1)
 388 T   0.96339 0.00907 0.02705 0.00050 ( 1)
 389 Q   0.44698 0.50806 0.01718 0.02778 ( 2)
 390 A   0.96357 0.00901 0.02693 0.00049 ( 1)
 391 I   0.96694 0.00750 0.02515 0.00041 ( 1)
 392 S   0.95696 0.01233 0.03003 0.00067 ( 1)
 393 K   0.95010 0.01612 0.03290 0.00088 ( 1)
 394 G   0.94811 0.01717 0.03379 0.00094 ( 1)
 395 M   0.97311 0.00497 0.02164 0.00027 ( 1)
 396 K   0.95742 0.01218 0.02973 0.00067 ( 1)
 397 R   0.95845 0.01167 0.02925 0.00064 ( 1)
 398 L   0.94965 0.01645 0.03300 0.00090 ( 1)
 399 E   0.95920 0.01123 0.02895 0.00061 ( 1)
 400 L   0.96938 0.00644 0.02384 0.00035 ( 1)
 401 E   0.95176 0.01523 0.03218 0.00083 ( 1)
 402 H   0.96669 0.00749 0.02541 0.00041 ( 1)
 403 A   0.95761 0.01234 0.02937 0.00067 ( 1)
 404 Q   0.94936 0.01656 0.03318 0.00091 ( 1)
 405 K   0.95157 0.01578 0.03178 0.00086 ( 1)
 406 F   0.97225 0.00520 0.02227 0.00028 ( 1)
 407 I   0.96818 0.00701 0.02442 0.00038 ( 1)
 408 T   0.96198 0.00997 0.02750 0.00055 ( 1)
 409 R   0.96355 0.00902 0.02694 0.00049 ( 1)
 410 L   0.97022 0.00601 0.02343 0.00033 ( 1)
 411 Y   0.96588 0.00797 0.02571 0.00044 ( 1)
 412 S   0.96125 0.01020 0.02800 0.00056 ( 1)
 413 W   0.27657 0.23080 0.48001 0.01262 ( 3)
 414 L   0.94616 0.01828 0.03457 0.00100 ( 1)
 415 F   0.97138 0.00567 0.02264 0.00031 ( 1)
 416 E   0.95920 0.01123 0.02895 0.00061 ( 1)
 417 K   0.95742 0.01218 0.02973 0.00067 ( 1)
 418 S   0.96822 0.00688 0.02452 0.00038 ( 1)
 419 G   0.95834 0.01161 0.02942 0.00063 ( 1)
 420 R   0.96567 0.00802 0.02588 0.00044 ( 1)
 421 D   0.96317 0.00925 0.02707 0.00051 ( 1)
 422 Y   0.96372 0.00899 0.02680 0.00049 ( 1)
 423 I   0.96486 0.00846 0.02622 0.00046 ( 1)
 424 P   0.96869 0.00680 0.02414 0.00037 ( 1)
 425 G   0.95817 0.01165 0.02954 0.00064 ( 1)
 426 R   0.96430 0.00834 0.02691 0.00046 ( 1)
 427 Q   0.94708 0.01810 0.03383 0.00099 ( 1)
 428 L   0.27003 0.23095 0.48639 0.01263 ( 3)
 429 Q   0.94936 0.01656 0.03318 0.00091 ( 1)
 430 F   0.97228 0.00519 0.02224 0.00028 ( 1)
 431 Y   0.96585 0.00798 0.02573 0.00044 ( 1)
 432 A   0.96356 0.00902 0.02693 0.00049 ( 1)
 433 Q   0.94936 0.01656 0.03318 0.00091 ( 1)
 434 C   0.96613 0.00786 0.02557 0.00043 ( 1)
 435 R   0.96362 0.00900 0.02689 0.00049 ( 1)
 436 R   0.96097 0.01023 0.02823 0.00056 ( 1)
 437 W   0.95131 0.01543 0.03241 0.00084 ( 1)
 438 L   0.95099 0.01556 0.03260 0.00085 ( 1)
 439 S   0.97022 0.00601 0.02343 0.00033 ( 1)
 440 A   0.96356 0.00902 0.02693 0.00049 ( 1)
 441 G   0.95834 0.01161 0.02942 0.00063 ( 1)
 442 F   0.97228 0.00519 0.02224 0.00028 ( 1)
 443 H   0.96734 0.00734 0.02492 0.00040 ( 1)
 444 L   0.96908 0.00642 0.02414 0.00035 ( 1)
 445 D   0.96114 0.01026 0.02803 0.00056 ( 1)
 446 P   0.95936 0.01113 0.02890 0.00061 ( 1)
 447 R   0.96465 0.00836 0.02653 0.00046 ( 1)
 448 V   0.95735 0.01188 0.03012 0.00065 ( 1)
 449 L   0.96972 0.00612 0.02383 0.00033 ( 1)
 450 V   0.96013 0.00977 0.02957 0.00053 ( 1)
 451 F   0.97228 0.00519 0.02224 0.00028 ( 1)
 452 D   0.96323 0.00924 0.02703 0.00051 ( 1)
 453 E   0.95443 0.01352 0.03131 0.00074 ( 1)
 454 A   0.95751 0.01181 0.03004 0.00065 ( 1)
 455 A   0.96415 0.00871 0.02666 0.00048 ( 1)
 456 P   0.96822 0.00690 0.02451 0.00038 ( 1)
 457 C   0.96493 0.00833 0.02629 0.00046 ( 1)
 458 R   0.96460 0.00841 0.02653 0.00046 ( 1)
 459 C   0.96641 0.00759 0.02559 0.00041 ( 1)
 460 R   0.96567 0.00802 0.02588 0.00044 ( 1)
 461 N   0.96019 0.01069 0.02853 0.00058 ( 1)
 462 F   0.97140 0.00565 0.02264 0.00031 ( 1)
 463 L   0.97022 0.00601 0.02343 0.00033 ( 1)
 464 R   0.96094 0.01026 0.02823 0.00056 ( 1)
 465 K   0.94977 0.01637 0.03297 0.00089 ( 1)
 466 A   0.61875 0.31414 0.04993 0.01718 ( 1)
 467 A   0.96358 0.00900 0.02693 0.00049 ( 1)
 468 H   0.96537 0.00821 0.02597 0.00045 ( 1)
 469 K   0.95742 0.01218 0.02973 0.00067 ( 1)
 470 F   0.97180 0.00531 0.02261 0.00029 ( 1)
 471 C   0.96588 0.00780 0.02589 0.00043 ( 1)
 472 C   0.96482 0.00842 0.02630 0.00046 ( 1)
 473 F   0.97057 0.00585 0.02325 0.00032 ( 1)
 474 M   0.97311 0.00497 0.02164 0.00027 ( 1)
 475 R   0.96102 0.01019 0.02823 0.00056 ( 1)
 476 W   0.95131 0.01543 0.03241 0.00084 ( 1)
 477 L   0.94499 0.01950 0.03445 0.00107 ( 1)
 478 G   0.95663 0.01285 0.02982 0.00070 ( 1)
 479 Q   0.94708 0.01810 0.03383 0.00099 ( 1)
 480 D   0.96185 0.00985 0.02776 0.00054 ( 1)
 481 C   0.96482 0.00842 0.02630 0.00046 ( 1)
 482 T   0.96339 0.00916 0.02695 0.00050 ( 1)
 483 C   0.96560 0.00801 0.02595 0.00044 ( 1)
 484 F   0.97107 0.00568 0.02295 0.00031 ( 1)
 485 L   0.96822 0.00688 0.02452 0.00038 ( 1)
 486 Q   0.94903 0.01687 0.03318 0.00092 ( 1)
 487 P   0.97024 0.00603 0.02340 0.00033 ( 1)
 488 I   0.96531 0.00842 0.02581 0.00046 ( 1)
 489 E   0.95891 0.01140 0.02906 0.00062 ( 1)
 490 G   0.94790 0.01721 0.03395 0.00094 ( 1)
 491 R   0.96102 0.01019 0.02823 0.00056 ( 1)
 492 V   0.96543 0.00811 0.02602 0.00044 ( 1)
 493 G   0.96043 0.01057 0.02843 0.00058 ( 1)
 494 E   0.58451 0.37720 0.01767 0.02062 ( 1)
 495 Q   0.94936 0.01656 0.03318 0.00091 ( 1)
 496 G   0.95978 0.01092 0.02870 0.00060 ( 1)
 497 Y   0.96588 0.00797 0.02571 0.00044 ( 1)
 498 D   0.96313 0.00933 0.02703 0.00051 ( 1)
 499 N   0.96170 0.01002 0.02774 0.00055 ( 1)
 500 E   0.95356 0.01466 0.03098 0.00080 ( 1)
 501 A   0.95452 0.01366 0.03107 0.00075 ( 1)
 502 F   0.38576 0.11505 0.49290 0.00629 ( 3)
 503 E   0.95176 0.01523 0.03218 0.00083 ( 1)
 504 G   0.95727 0.01215 0.02991 0.00066 ( 1)
 505 S   0.96611 0.00780 0.02566 0.00043 ( 1)
 506 D   0.96323 0.00924 0.02703 0.00051 ( 1)
 507 V   0.96440 0.00873 0.02639 0.00048 ( 1)
 508 D   0.96185 0.00985 0.02776 0.00054 ( 1)
 509 P   0.96922 0.00656 0.02386 0.00036 ( 1)
 510 A   0.96568 0.00802 0.02587 0.00044 ( 1)
 511 E   0.95920 0.01123 0.02895 0.00061 ( 1)
 512 E   0.55468 0.40587 0.01726 0.02219 ( 1)
 513 A   0.53640 0.42299 0.01748 0.02313 ( 1)
 514 T   0.33572 0.16254 0.49285 0.00889 ( 3)
 515 V   0.96225 0.00963 0.02760 0.00053 ( 1)
 516 S   0.96323 0.00924 0.02703 0.00051 ( 1)
 517 I   0.96486 0.00846 0.02622 0.00046 ( 1)
 518 S   0.97022 0.00601 0.02343 0.00033 ( 1)
 519 G   0.95722 0.01218 0.02993 0.00067 ( 1)
 520 S   0.95696 0.01233 0.03003 0.00067 ( 1)
 521 Y   0.96582 0.00799 0.02576 0.00044 ( 1)
 522 I   0.96694 0.00750 0.02515 0.00041 ( 1)
 523 V   0.95777 0.01161 0.02998 0.00063 ( 1)
 524 T   0.96486 0.00852 0.02616 0.00047 ( 1)
 525 G   0.96048 0.01050 0.02845 0.00057 ( 1)
 526 S   0.60593 0.35689 0.01767 0.01951 ( 1)
 527 Q   0.94936 0.01656 0.03318 0.00091 ( 1)
 528 L   0.93870 0.02285 0.03721 0.00125 ( 1)
 529 Q   0.94936 0.01656 0.03318 0.00091 ( 1)
 530 P   0.97024 0.00603 0.02340 0.00033 ( 1)
 531 I   0.43427 0.52045 0.01683 0.02845 ( 2)
 532 Y   0.96588 0.00797 0.02571 0.00044 ( 1)
 533 Q   0.94936 0.01656 0.03318 0.00091 ( 1)
 534 A   0.95757 0.01182 0.02996 0.00065 ( 1)
 535 L   0.97022 0.00601 0.02343 0.00033 ( 1)
 536 G   0.96052 0.01049 0.02842 0.00057 ( 1)
 537 I   0.96489 0.00845 0.02620 0.00046 ( 1)
 538 P   0.96831 0.00685 0.02446 0.00037 ( 1)
 539 P   0.70840 0.26025 0.01712 0.01423 ( 1)
 540 D   0.96323 0.00924 0.02703 0.00051 ( 1)
 541 I   0.69013 0.27800 0.01667 0.01520 ( 1)
 542 A   0.96568 0.00802 0.02587 0.00044 ( 1)
 543 A   0.96555 0.00805 0.02596 0.00044 ( 1)
 544 R   0.96566 0.00802 0.02588 0.00044 ( 1)
 545 A   0.96356 0.00902 0.02693 0.00049 ( 1)
 546 G   0.53606 0.42247 0.01837 0.02310 ( 1)
 547 R   0.96251 0.00934 0.02764 0.00051 ( 1)
 548 L   0.96873 0.00677 0.02413 0.00037 ( 1)
 549 T   0.62744 0.33582 0.01838 0.01836 ( 1)
 550 A   0.96433 0.00858 0.02662 0.00047 ( 1)
 551 T   0.96557 0.00813 0.02586 0.00044 ( 1)
 552 V   0.96472 0.00850 0.02632 0.00046 ( 1)
 553 E   0.51229 0.44600 0.01732 0.02438 ( 1)
 554 V   0.96446 0.00844 0.02664 0.00046 ( 1)
 555 S   0.97022 0.00601 0.02343 0.00033 ( 1)
 556 D   0.96263 0.00939 0.02747 0.00051 ( 1)
 557 A   0.95452 0.01366 0.03107 0.00075 ( 1)
 558 D   0.96252 0.00965 0.02730 0.00053 ( 1)
 559 G   0.95834 0.01161 0.02942 0.00063 ( 1)
 560 R   0.96355 0.00902 0.02694 0.00049 ( 1)
 561 L   0.96954 0.00636 0.02375 0.00035 ( 1)
 562 T   0.96396 0.00887 0.02669 0.00048 ( 1)
 563 C   0.96487 0.00841 0.02626 0.00046 ( 1)
 564 K   0.94977 0.01637 0.03297 0.00089 ( 1)
 565 T   0.96447 0.00879 0.02626 0.00048 ( 1)
 566 I   0.64820 0.31718 0.01728 0.01734 ( 1)
 567 M   0.65715 0.30967 0.01624 0.01693 ( 1)
 568 G   0.95834 0.01161 0.02942 0.00063 ( 1)
 569 N   0.96170 0.01002 0.02774 0.00055 ( 1)
 570 K   0.95200 0.01507 0.03211 0.00082 ( 1)
 571 T   0.03224 0.91674 0.00090 0.05012 ( 2)
 572 F   0.97115 0.00560 0.02294 0.00031 ( 1)
 573 S   0.95696 0.01233 0.03003 0.00067 ( 1)
 574 T   0.95417 0.01390 0.03117 0.00076 ( 1)
 575 I   0.00055 0.94702 0.00065 0.05178 ( 2)
 576 F   0.97141 0.00544 0.02285 0.00030 ( 1)
 577 T   0.33120 0.16430 0.49552 0.00898 ( 3)
 578 D   0.96313 0.00933 0.02703 0.00051 ( 1)
 579 G   0.95951 0.01116 0.02872 0.00061 ( 1)
 580 A   0.96356 0.00902 0.02693 0.00049 ( 1)
 581 Q   0.94936 0.01656 0.03318 0.00091 ( 1)
 582 L   0.94859 0.01619 0.03433 0.00089 ( 1)
 583 E   0.95920 0.01123 0.02895 0.00061 ( 1)
 584 A   0.96356 0.00902 0.02693 0.00049 ( 1)
 585 N   0.95993 0.01099 0.02847 0.00060 ( 1)
 586 G   0.95722 0.01218 0.02993 0.00067 ( 1)
 587 P   0.96715 0.00736 0.02508 0.00040 ( 1)
 588 E   0.95920 0.01123 0.02895 0.00061 ( 1)
 589 Q   0.48897 0.46834 0.01709 0.02561 ( 1)
 590 Y   0.96588 0.00797 0.02571 0.00044 ( 1)
 591 V   0.34094 0.16981 0.47997 0.00928 ( 3)
 592 L   0.94631 0.01821 0.03449 0.00100 ( 1)
 593 S   0.95696 0.01233 0.03003 0.00067 ( 1)
 594 F   0.97169 0.00548 0.02253 0.00030 ( 1)
 595 D   0.96185 0.00985 0.02776 0.00054 ( 1)
 596 P   0.96715 0.00736 0.02508 0.00040 ( 1)
 597 I   0.00972 0.23038 0.74731 0.01260 ( 3)
 598 K   0.26252 0.23986 0.48451 0.01311 ( 3)
 599 Q   0.94504 0.01934 0.03456 0.00106 ( 1)
 600 T   0.96557 0.00813 0.02586 0.00044 ( 1)
 601 M   0.97311 0.00497 0.02164 0.00027 ( 1)
 602 A   0.96422 0.00869 0.02662 0.00048 ( 1)
 603 A   0.96413 0.00888 0.02651 0.00049 ( 1)
 604 G   0.95834 0.01161 0.02942 0.00063 ( 1)
 605 P   0.96715 0.00736 0.02508 0.00040 ( 1)
 606 H   0.96734 0.00734 0.02492 0.00040 ( 1)
 607 N   0.31299 0.18074 0.49639 0.00988 ( 3)
 608 L   0.96897 0.00651 0.02416 0.00036 ( 1)
 609 S   0.96237 0.00957 0.02754 0.00052 ( 1)
 610 Y   0.96469 0.00839 0.02646 0.00046 ( 1)
 611 T   0.96394 0.00899 0.02658 0.00049 ( 1)
 612 L   0.94654 0.01755 0.03495 0.00096 ( 1)
 613 T   0.95622 0.01327 0.02978 0.00073 ( 1)
 614 S   0.53373 0.42274 0.02042 0.02311 ( 1)
 615 A   0.27615 0.21754 0.49442 0.01189 ( 3)
 616 G   0.95902 0.01142 0.02894 0.00062 ( 1)
 617 L   0.96891 0.00652 0.02421 0.00036 ( 1)
 618 E   0.95356 0.01466 0.03098 0.00080 ( 1)
 619 I   0.33130 0.14828 0.51231 0.00811 ( 3)
 620 H   0.00771 0.22518 0.75480 0.01231 ( 3)
 621 V   0.34009 0.16074 0.49038 0.00879 ( 3)
 622 V   0.96361 0.00892 0.02699 0.00049 ( 1)
 623 S   0.97014 0.00609 0.02344 0.00033 ( 1)
 624 A   0.96413 0.00888 0.02651 0.00049 ( 1)
 625 G   0.95523 0.01275 0.03132 0.00070 ( 1)
 626 L   0.97022 0.00601 0.02343 0.00033 ( 1)
 627 D   0.96252 0.00965 0.02730 0.00053 ( 1)
 628 C   0.96669 0.00757 0.02533 0.00041 ( 1)
 629 K   0.95742 0.01218 0.02973 0.00067 ( 1)
 630 A   0.00060 0.94674 0.00089 0.05176 ( 2)
 631 V   0.96469 0.00842 0.02643 0.00046 ( 1)
 632 F   0.97165 0.00550 0.02255 0.00030 ( 1)
 633 P   0.95970 0.01083 0.02887 0.00059 ( 1)
 634 S   0.04025 0.86693 0.04542 0.04740 ( 2)
 635 G   0.95759 0.01208 0.02967 0.00066 ( 1)
 636 V   0.96494 0.00825 0.02636 0.00045 ( 1)
 637 A   0.95757 0.01182 0.02996 0.00065 ( 1)
 638 T   0.96295 0.00927 0.02727 0.00051 ( 1)
 639 P   0.96732 0.00733 0.02496 0.00040 ( 1)
 640 S   0.96747 0.00657 0.02560 0.00036 ( 1)
 641 A   0.00000 0.94815 0.00001 0.05184 ( 2)
 642 P   0.97024 0.00603 0.02340 0.00033 ( 1)
 643 G   0.95722 0.01218 0.02993 0.00067 ( 1)
 644 E   0.95920 0.01123 0.02895 0.00061 ( 1)
 645 V   0.96218 0.00970 0.02760 0.00053 ( 1)
 646 S   0.66799 0.29715 0.01861 0.01625 ( 1)
 647 A   0.96254 0.00901 0.02796 0.00049 ( 1)
 648 F   0.97214 0.00526 0.02231 0.00029 ( 1)
 649 C   0.96588 0.00780 0.02589 0.00043 ( 1)
 650 S   0.95942 0.01163 0.02832 0.00064 ( 1)
 651 A   0.95763 0.01273 0.02895 0.00070 ( 1)
 652 L   0.94917 0.01617 0.03377 0.00088 ( 1)
 653 Y   0.96478 0.00834 0.02642 0.00046 ( 1)
 654 R   0.95203 0.01560 0.03152 0.00085 ( 1)
 655 F   0.97111 0.00562 0.02296 0.00031 ( 1)
 656 N   0.95954 0.01110 0.02875 0.00061 ( 1)
 657 R   0.96355 0.00902 0.02694 0.00049 ( 1)
 658 C   0.96682 0.00749 0.02528 0.00041 ( 1)
 659 V   0.96436 0.00853 0.02664 0.00047 ( 1)
 660 Q   0.94936 0.01656 0.03318 0.00091 ( 1)
 661 R   0.96080 0.01040 0.02823 0.00057 ( 1)
 662 H   0.96530 0.00827 0.02597 0.00045 ( 1)
 663 S   0.96874 0.00677 0.02413 0.00037 ( 1)
 664 L   0.96881 0.00674 0.02409 0.00037 ( 1)
 665 V   0.47235 0.48208 0.01922 0.02636 ( 2)
 666 G   0.95722 0.01218 0.02993 0.00067 ( 1)
 667 G   0.96015 0.01059 0.02869 0.00058 ( 1)
 668 V   0.02551 0.87969 0.04670 0.04810 ( 2)
 669 W   0.95131 0.01543 0.03241 0.00084 ( 1)
 670 Y   0.96381 0.00891 0.02680 0.00049 ( 1)
 671 H   0.33791 0.15900 0.49440 0.00869 ( 3)
 672 P   0.97024 0.00603 0.02340 0.00033 ( 1)
 673 E   0.95920 0.01123 0.02895 0.00061 ( 1)
 674 G   0.95759 0.01208 0.02967 0.00066 ( 1)
 675 L   0.93870 0.02285 0.03721 0.00125 ( 1)
 676 V   0.96320 0.00914 0.02716 0.00050 ( 1)
 677 G   0.95902 0.01142 0.02894 0.00062 ( 1)
 678 L   0.94609 0.01834 0.03456 0.00100 ( 1)
 679 F   0.97143 0.00566 0.02260 0.00031 ( 1)
 680 P   0.96563 0.00762 0.02633 0.00042 ( 1)
 681 P   0.96344 0.00858 0.02751 0.00047 ( 1)
 682 F   0.97057 0.00586 0.02325 0.00032 ( 1)
 683 S   0.96874 0.00677 0.02413 0.00037 ( 1)
 684 P   0.96783 0.00698 0.02481 0.00038 ( 1)
 685 G   0.95927 0.01109 0.02904 0.00061 ( 1)
 686 H   0.96734 0.00734 0.02492 0.00040 ( 1)
 687 S   0.96115 0.01025 0.02803 0.00056 ( 1)
 688 W   0.95131 0.01543 0.03241 0.00084 ( 1)
 689 E   0.95920 0.01123 0.02895 0.00061 ( 1)
 690 S   0.97022 0.00601 0.02343 0.00033 ( 1)
 691 A   0.96495 0.00841 0.02617 0.00046 ( 1)
 692 N   0.95954 0.01110 0.02875 0.00061 ( 1)
 693 P   0.96828 0.00688 0.02446 0.00038 ( 1)
 694 F   0.97138 0.00567 0.02264 0.00031 ( 1)
 695 C   0.96674 0.00757 0.02528 0.00041 ( 1)
 696 G   0.95806 0.01194 0.02934 0.00065 ( 1)
 697 E   0.95909 0.01126 0.02903 0.00062 ( 1)
 698 S   0.96263 0.00939 0.02747 0.00051 ( 1)
 699 T   0.96214 0.00924 0.02812 0.00050 ( 1)
 700 L   0.96972 0.00612 0.02383 0.00033 ( 1)
 701 Y   0.96389 0.00884 0.02678 0.00048 ( 1)
 702 T   0.96339 0.00916 0.02695 0.00050 ( 1)
 703 R   0.96519 0.00813 0.02623 0.00044 ( 1)
 704 T   0.96339 0.00916 0.02695 0.00050 ( 1)
 705 W   0.95131 0.01543 0.03241 0.00084 ( 1)
 706 S   0.96550 0.00751 0.02657 0.00041 ( 1)
 707 V   0.27539 0.21813 0.49455 0.01193 ( 3)
 708 S   0.96408 0.00827 0.02720 0.00045 ( 1)
 709 G   0.95905 0.01139 0.02894 0.00062 ( 1)
 710 F   0.97214 0.00526 0.02231 0.00029 ( 1)
 711 S   0.96593 0.00737 0.02630 0.00040 ( 1)
 712 S   0.96122 0.01019 0.02803 0.00056 ( 1)
 713 C   0.96613 0.00786 0.02557 0.00043 ( 1)
 714 F   0.97184 0.00528 0.02260 0.00029 ( 1)
 715 S   0.96973 0.00612 0.02382 0.00033 ( 1)
 716 P   0.96269 0.00918 0.02763 0.00050 ( 1)
 717 F   0.70770 0.26065 0.01740 0.01425 ( 1)
 718 E   0.95377 0.01457 0.03086 0.00080 ( 1)
 719 P   0.58062 0.38171 0.01680 0.02087 ( 1)
 720 G   0.15492 0.24107 0.59083 0.01318 ( 3)
 721 V   0.62379 0.34017 0.01744 0.01860 ( 1)
 722 P   0.96668 0.00762 0.02529 0.00042 ( 1)
 723 D   0.96158 0.01015 0.02772 0.00055 ( 1)
 724 P   0.32364 0.15309 0.51490 0.00837 ( 3)
 725 P   0.96783 0.00698 0.02481 0.00038 ( 1)
 726 P   0.96788 0.00651 0.02526 0.00036 ( 1)
 727 L   0.01117 0.20501 0.77261 0.01121 ( 3)
 728 V   0.00001 0.90849 0.04183 0.04967 ( 2)
 729 E   0.00767 0.28037 0.69664 0.01533 ( 3)
 730 T   0.00937 0.23575 0.74199 0.01289 ( 3)
 731 D   0.96158 0.01015 0.02772 0.00055 ( 1)
 732 T   0.00025 0.94727 0.00069 0.05179 ( 2)
 733 P   0.97024 0.00603 0.02340 0.00033 ( 1)
 734 V   0.02151 0.92715 0.00065 0.05069 ( 2)
 735 V   0.00737 0.23649 0.74322 0.01293 ( 3)
 736 A   0.03401 0.88196 0.03581 0.04822 ( 2)
 737 D   0.00036 0.90408 0.04614 0.04943 ( 2)
 738 -   0.89632 0.05184 0.04900 0.00283 ( 1)
 739 T   0.02552 0.87941 0.04699 0.04808 ( 2)
 740 L   0.00031 0.94735 0.00054 0.05179 ( 2)
 741 P   0.30324 0.14399 0.54490 0.00787 ( 3)
 742 S   0.63227 0.33273 0.01681 0.01819 ( 1)
 743 V   0.03011 0.88192 0.03976 0.04822 ( 2)
 744 A   0.00021 0.90435 0.04600 0.04944 ( 2)
 745 P   0.00038 0.94712 0.00072 0.05178 ( 2)
 746 V   0.00550 0.27493 0.70454 0.01503 ( 3)
 747 S   0.67038 0.29545 0.01801 0.01615 ( 1)
 748 -   0.89632 0.05184 0.04900 0.00283 ( 1)
 749 -   0.89632 0.05184 0.04900 0.00283 ( 1)
 750 P   0.02947 0.91946 0.00080 0.05027 ( 2)
 751 E   0.58350 0.37819 0.01763 0.02068 ( 1)
 752 Q   0.25288 0.25720 0.47585 0.01406 ( 3)
 753 I   0.00464 0.22175 0.76148 0.01212 ( 3)
 754 A   0.59205 0.36972 0.01801 0.02021 ( 1)
 755 L   0.52891 0.42702 0.02073 0.02335 ( 1)
 756 P   0.96225 0.01022 0.02697 0.00056 ( 1)
 757 P   0.32242 0.17874 0.48907 0.00977 ( 3)
 758 D   0.57618 0.38455 0.01825 0.02102 ( 1)
 759 P   0.01231 0.89505 0.04371 0.04893 ( 2)
 760 V   0.00645 0.30089 0.67622 0.01645 ( 3)
 761 D   0.96263 0.00939 0.02747 0.00051 ( 1)
 762 K   0.06475 0.26926 0.65126 0.01472 ( 3)
 763 A   0.00033 0.91396 0.03574 0.04997 ( 2)
 764 A   0.00000 0.94815 0.00001 0.05184 ( 2)
 765 G   0.29605 0.19534 0.49793 0.01068 ( 3)
 766 P   0.59652 0.36662 0.01682 0.02004 ( 1)
 767 T   0.19159 0.20057 0.59688 0.01097 ( 3)
 768 V   0.00024 0.94733 0.00063 0.05179 ( 2)
 769 P   0.00001 0.94716 0.00105 0.05178 ( 2)
 770 S   0.00816 0.26369 0.71373 0.01442 ( 3)
 771 T   0.00059 0.94685 0.00079 0.05177 ( 2)
 772 P   0.96951 0.00639 0.02376 0.00035 ( 1)
 773 A   0.00060 0.91318 0.03629 0.04993 ( 2)
 774 V   0.30587 0.19293 0.49065 0.01055 ( 3)
 775 P   0.31753 0.18799 0.48420 0.01028 ( 3)
 776 P   0.96301 0.01004 0.02640 0.00055 ( 1)
 777 A   0.28865 0.21470 0.48491 0.01174 ( 3)
 778 P   0.96141 0.01056 0.02745 0.00058 ( 1)
 779 A   0.02409 0.88274 0.04491 0.04826 ( 2)
 780 Q   0.02382 0.92485 0.00077 0.05056 ( 2)
 781 P   0.69408 0.27364 0.01732 0.01496 ( 1)
 782 V   0.31007 0.19352 0.48583 0.01058 ( 3)
 783 V   0.00061 0.90933 0.04033 0.04972 ( 2)
 784 Q   0.26466 0.25303 0.46847 0.01383 ( 3)
 785 S   0.00020 0.94735 0.00066 0.05179 ( 2)
 786 S   0.96747 0.00657 0.02560 0.00036 ( 1)
 787 G   0.95416 0.01411 0.03097 0.00077 ( 1)
 788 P   0.96968 0.00614 0.02384 0.00034 ( 1)
 789 R   0.96432 0.00859 0.02662 0.00047 ( 1)
 790 R   0.96172 0.00979 0.02796 0.00054 ( 1)
 791 R   0.95584 0.01156 0.03198 0.00063 ( 1)
 792 L   0.94460 0.01885 0.03552 0.00103 ( 1)
 793 L   0.97022 0.00601 0.02343 0.00033 ( 1)
 794 H   0.96734 0.00734 0.02492 0.00040 ( 1)
 795 T   0.96348 0.00908 0.02695 0.00050 ( 1)
 796 Y   0.96465 0.00851 0.02638 0.00047 ( 1)
 797 P   0.96784 0.00654 0.02526 0.00036 ( 1)
 798 D   0.96319 0.00925 0.02706 0.00051 ( 1)
 799 G   0.95834 0.01161 0.02942 0.00063 ( 1)
 800 S   0.96408 0.00827 0.02720 0.00045 ( 1)
 801 K   0.95556 0.01272 0.03103 0.00070 ( 1)
 802 V   0.96225 0.00963 0.02760 0.00053 ( 1)
 803 Y   0.96588 0.00797 0.02571 0.00044 ( 1)
 804 A   0.96520 0.00813 0.02622 0.00044 ( 1)
 805 G   0.95834 0.01161 0.02942 0.00063 ( 1)
 806 S   0.96822 0.00688 0.02452 0.00038 ( 1)
 807 L   0.96450 0.00925 0.02575 0.00051 ( 1)
 808 F   0.39161 0.11572 0.48635 0.00633 ( 3)
 809 E   0.95909 0.01126 0.02903 0.00062 ( 1)
 810 S   0.96877 0.00676 0.02410 0.00037 ( 1)
 811 E   0.95213 0.01496 0.03209 0.00082 ( 1)
 812 C   0.96560 0.00801 0.02595 0.00044 ( 1)
 813 T   0.96350 0.00909 0.02691 0.00050 ( 1)
 814 W   0.95131 0.01543 0.03241 0.00084 ( 1)
 815 L   0.57334 0.38677 0.01874 0.02115 ( 1)
 816 V   0.96326 0.00861 0.02765 0.00047 ( 1)
 817 N   0.96158 0.01009 0.02778 0.00055 ( 1)
 818 A   0.95763 0.01273 0.02895 0.00070 ( 1)
 819 S   0.96973 0.00612 0.02382 0.00033 ( 1)
 820 N   0.96025 0.01068 0.02849 0.00058 ( 1)
 821 P   0.96895 0.00665 0.02404 0.00036 ( 1)
 822 G   0.95834 0.01161 0.02942 0.00063 ( 1)
 823 H   0.96590 0.00795 0.02572 0.00043 ( 1)
 824 R   0.96412 0.00888 0.02651 0.00049 ( 1)
 825 P   0.97024 0.00603 0.02340 0.00033 ( 1)
 826 G   0.96037 0.01057 0.02848 0.00058 ( 1)
 827 G   0.95952 0.01085 0.02903 0.00059 ( 1)
 828 G   0.95914 0.01111 0.02913 0.00061 ( 1)
 829 L   0.96883 0.00653 0.02428 0.00036 ( 1)
 830 C   0.96499 0.00833 0.02622 0.00046 ( 1)
 831 H   0.67423 0.29240 0.01738 0.01599 ( 1)
 832 A   0.95770 0.01225 0.02937 0.00067 ( 1)
 833 F   0.97062 0.00585 0.02321 0.00032 ( 1)
 834 Y   0.96372 0.00899 0.02680 0.00049 ( 1)
 835 Q   0.94664 0.01785 0.03453 0.00098 ( 1)
 836 R   0.96102 0.01019 0.02823 0.00056 ( 1)
 837 F   0.97049 0.00593 0.02326 0.00032 ( 1)
 838 P   0.95976 0.01089 0.02875 0.00060 ( 1)
 839 E   0.95920 0.01123 0.02895 0.00061 ( 1)
 840 S   0.95696 0.01233 0.03003 0.00067 ( 1)
 841 F   0.97184 0.00528 0.02260 0.00029 ( 1)
 842 D   0.96323 0.00924 0.02703 0.00051 ( 1)
 843 P   0.96822 0.00690 0.02451 0.00038 ( 1)
 844 A   0.96568 0.00802 0.02587 0.00044 ( 1)
 845 E   0.02476 0.88549 0.04134 0.04841 ( 2)
 846 F   0.97141 0.00544 0.02285 0.00030 ( 1)
 847 V   0.96543 0.00811 0.02602 0.00044 ( 1)
 848 M   0.97311 0.00497 0.02164 0.00027 ( 1)
 849 S   0.96168 0.01054 0.02721 0.00058 ( 1)
 850 D   0.96323 0.00924 0.02703 0.00051 ( 1)
 851 G   0.95722 0.01218 0.02993 0.00067 ( 1)
 852 F   0.73355 0.23649 0.01703 0.01293 ( 1)
 853 A   0.95452 0.01366 0.03107 0.00075 ( 1)
 854 A   0.96359 0.00901 0.02691 0.00049 ( 1)
 855 Y   0.96372 0.00899 0.02680 0.00049 ( 1)
 856 T   0.96348 0.00908 0.02695 0.00050 ( 1)
 857 L   0.94601 0.01842 0.03456 0.00101 ( 1)
 858 S   0.96822 0.00688 0.02452 0.00038 ( 1)
 859 P   0.96830 0.00683 0.02450 0.00037 ( 1)
 860 R   0.96102 0.01019 0.02823 0.00056 ( 1)
 861 P   0.96935 0.00633 0.02397 0.00035 ( 1)
 862 I   0.96694 0.00750 0.02515 0.00041 ( 1)
 863 I   0.96492 0.00841 0.02622 0.00046 ( 1)
 864 H   0.96599 0.00790 0.02568 0.00043 ( 1)
 865 A   0.34171 0.15776 0.49191 0.00862 ( 3)
 866 V   0.96440 0.00873 0.02639 0.00048 ( 1)
 867 A   0.96357 0.00901 0.02693 0.00049 ( 1)
 868 P   0.97008 0.00610 0.02348 0.00033 ( 1)
 869 D   0.96114 0.01026 0.02803 0.00056 ( 1)
 870 Y   0.96523 0.00835 0.02597 0.00046 ( 1)
 871 R   0.96102 0.01019 0.02823 0.00056 ( 1)
 872 V   0.96543 0.00811 0.02602 0.00044 ( 1)
 873 E   0.95176 0.01523 0.03218 0.00083 ( 1)
 874 H   0.96734 0.00734 0.02492 0.00040 ( 1)
 875 N   0.95954 0.01110 0.02875 0.00061 ( 1)
 876 P   0.97015 0.00610 0.02341 0.00033 ( 1)
 877 K   0.95742 0.01218 0.02973 0.00067 ( 1)
 878 R   0.95892 0.01137 0.02909 0.00062 ( 1)
 879 L   0.96265 0.01022 0.02657 0.00056 ( 1)
 880 E   0.95920 0.01123 0.02895 0.00061 ( 1)
 881 A   0.96356 0.00902 0.02693 0.00049 ( 1)
 882 A   0.96372 0.00893 0.02686 0.00049 ( 1)
 883 Y   0.34482 0.15466 0.49207 0.00846 ( 3)
 884 R   0.96102 0.01019 0.02823 0.00056 ( 1)
 885 E   0.95920 0.01123 0.02895 0.00061 ( 1)
 886 T   0.96229 0.00968 0.02749 0.00053 ( 1)
 887 C   0.96482 0.00842 0.02630 0.00046 ( 1)
 888 S   0.96822 0.00688 0.02452 0.00038 ( 1)
 889 R   0.96566 0.00802 0.02588 0.00044 ( 1)
 890 L   0.96895 0.00650 0.02419 0.00036 ( 1)
 891 G   0.95722 0.01218 0.02993 0.00067 ( 1)
 892 T   0.95836 0.01225 0.02872 0.00067 ( 1)
 893 A   0.95452 0.01366 0.03107 0.00075 ( 1)
 894 A   0.96560 0.00805 0.02591 0.00044 ( 1)
 895 Y   0.96381 0.00891 0.02680 0.00049 ( 1)
 896 P   0.96830 0.00683 0.02450 0.00037 ( 1)
 897 L   0.94129 0.02145 0.03609 0.00117 ( 1)
 898 L   0.97022 0.00601 0.02343 0.00033 ( 1)
 899 G   0.95914 0.01111 0.02913 0.00061 ( 1)
 900 S   0.02886 0.87968 0.04337 0.04809 ( 2)
 901 G   0.96052 0.01049 0.02842 0.00057 ( 1)
 902 I   0.96818 0.00701 0.02442 0.00038 ( 1)
 903 Y   0.96588 0.00797 0.02571 0.00044 ( 1)
 904 K   0.55441 0.40617 0.01722 0.02221 ( 1)
 905 V   0.96225 0.00963 0.02760 0.00053 ( 1)
 906 P   0.97024 0.00603 0.02340 0.00033 ( 1)
 907 V   0.96543 0.00811 0.02602 0.00044 ( 1)
 908 G   0.95722 0.01218 0.02993 0.00067 ( 1)
 909 L   0.94798 0.01707 0.03401 0.00093 ( 1)
 910 S   0.96114 0.01026 0.02803 0.00056 ( 1)
 911 F   0.97228 0.00519 0.02224 0.00028 ( 1)
 912 D   0.96238 0.00974 0.02735 0.00053 ( 1)
 913 A   0.96356 0.00902 0.02693 0.00049 ( 1)
 914 W   0.95131 0.01543 0.03241 0.00084 ( 1)
 915 E   0.95176 0.01523 0.03218 0.00083 ( 1)
 916 R   0.96552 0.00810 0.02594 0.00044 ( 1)
 917 N   0.95954 0.01110 0.02875 0.00061 ( 1)
 918 H   0.96531 0.00827 0.02597 0.00045 ( 1)
 919 R   0.30842 0.18084 0.50086 0.00989 ( 3)
 920 P   0.96822 0.00690 0.02451 0.00038 ( 1)
 921 G   0.95569 0.01340 0.03017 0.00073 ( 1)
 922 D   0.96322 0.00924 0.02703 0.00051 ( 1)
 923 E   0.95920 0.01123 0.02895 0.00061 ( 1)
 924 L   0.94646 0.01800 0.03456 0.00098 ( 1)
 925 Y   0.96588 0.00797 0.02571 0.00044 ( 1)
 926 L   0.94609 0.01834 0.03456 0.00100 ( 1)
 927 T   0.65751 0.30795 0.01771 0.01684 ( 1)
 928 E   0.95890 0.01151 0.02896 0.00063 ( 1)
 929 P   0.95975 0.01077 0.02889 0.00059 ( 1)
 930 A   0.96427 0.00860 0.02666 0.00047 ( 1)
 931 V   0.95735 0.01188 0.03012 0.00065 ( 1)
 932 A   0.96562 0.00803 0.02591 0.00044 ( 1)
 933 W   0.95131 0.01543 0.03241 0.00084 ( 1)
 934 F   0.97226 0.00520 0.02226 0.00028 ( 1)
 935 E   0.95920 0.01123 0.02895 0.00061 ( 1)
 936 A   0.95452 0.01366 0.03107 0.00075 ( 1)
 937 N   0.95954 0.01110 0.02875 0.00061 ( 1)
 938 R   0.96102 0.01019 0.02823 0.00056 ( 1)
 939 P   0.35639 0.13979 0.49617 0.00764 ( 3)
 940 T   0.96339 0.00916 0.02695 0.00050 ( 1)
 941 L   0.96822 0.00688 0.02452 0.00038 ( 1)
 942 P   0.95936 0.01113 0.02890 0.00061 ( 1)
 943 A   0.96495 0.00841 0.02617 0.00046 ( 1)
 944 L   0.97014 0.00605 0.02348 0.00033 ( 1)
 945 T   0.96543 0.00820 0.02592 0.00045 ( 1)
 946 I   0.96627 0.00788 0.02542 0.00043 ( 1)
 947 T   0.96557 0.00813 0.02586 0.00044 ( 1)
 948 E   0.95920 0.01123 0.02895 0.00061 ( 1)
 949 D   0.96310 0.00929 0.02711 0.00051 ( 1)
 950 T   0.96466 0.00845 0.02642 0.00046 ( 1)
 951 A   0.95504 0.01332 0.03090 0.00073 ( 1)
 952 R   0.62179 0.34086 0.01872 0.01864 ( 1)
 953 T   0.96229 0.00968 0.02749 0.00053 ( 1)
 954 A   0.96247 0.00954 0.02747 0.00052 ( 1)
 955 N   0.95962 0.01103 0.02875 0.00060 ( 1)
 956 L   0.94634 0.01818 0.03449 0.00099 ( 1)
 957 A   0.95497 0.01325 0.03106 0.00072 ( 1)
 958 L   0.94845 0.01726 0.03335 0.00094 ( 1)
 959 E   0.95920 0.01123 0.02895 0.00061 ( 1)
 960 L   0.94022 0.02178 0.03681 0.00119 ( 1)
 961 D   0.96118 0.01025 0.02801 0.00056 ( 1)
 962 S   0.96895 0.00650 0.02419 0.00036 ( 1)
 963 A   0.96356 0.00902 0.02693 0.00049 ( 1)
 964 T   0.96557 0.00813 0.02586 0.00044 ( 1)
 965 E   0.95176 0.01523 0.03218 0.00083 ( 1)
 966 V   0.96500 0.00821 0.02634 0.00045 ( 1)
 967 G   0.95834 0.01161 0.02942 0.00063 ( 1)
 968 R   0.95306 0.01515 0.03096 0.00083 ( 1)
 969 A   0.96249 0.00953 0.02745 0.00052 ( 1)
 970 C   0.96682 0.00749 0.02528 0.00041 ( 1)
 971 A   0.96568 0.00802 0.02587 0.00044 ( 1)
 972 G   0.95834 0.01161 0.02942 0.00063 ( 1)
 973 C   0.96493 0.00833 0.02629 0.00046 ( 1)
 974 R   0.96460 0.00837 0.02658 0.00046 ( 1)
 975 V   0.96337 0.00910 0.02703 0.00050 ( 1)
 976 E   0.95909 0.01126 0.02903 0.00062 ( 1)
 977 P   0.96894 0.00653 0.02418 0.00036 ( 1)
 978 G   0.95985 0.01089 0.02866 0.00060 ( 1)
 979 V   0.96440 0.00873 0.02639 0.00048 ( 1)
 980 V   0.96345 0.00901 0.02705 0.00049 ( 1)
 981 H   0.34563 0.15102 0.49509 0.00826 ( 3)
 982 Y   0.96578 0.00806 0.02572 0.00044 ( 1)
 983 Q   0.49086 0.46649 0.01715 0.02550 ( 1)
 984 F   0.97184 0.00528 0.02260 0.00029 ( 1)
 985 T   0.95417 0.01390 0.03117 0.00076 ( 1)
 986 A   0.95662 0.01303 0.02964 0.00071 ( 1)
 987 G   0.96015 0.01059 0.02869 0.00058 ( 1)
 988 V   0.96333 0.00911 0.02706 0.00050 ( 1)
 989 P   0.96944 0.00629 0.02393 0.00034 ( 1)
 990 G   0.95834 0.01161 0.02942 0.00063 ( 1)
 991 S   0.96168 0.01054 0.02721 0.00058 ( 1)
 992 G   0.96052 0.01049 0.02842 0.00057 ( 1)
 993 K   0.94977 0.01637 0.03297 0.00089 ( 1)
 994 S   0.96831 0.00680 0.02452 0.00037 ( 1)
 995 R   0.96103 0.01018 0.02823 0.00056 ( 1)
 996 S   0.96045 0.01024 0.02875 0.00056 ( 1)
 997 V   0.96348 0.00905 0.02697 0.00049 ( 1)
 998 Q   0.94936 0.01656 0.03318 0.00091 ( 1)
 999 Q   0.94936 0.01656 0.03318 0.00091 ( 1)
1000 G   0.95722 0.01218 0.02993 0.00067 ( 1)
1001 E   0.95920 0.01123 0.02895 0.00061 ( 1)
1002 V   0.96225 0.00963 0.02760 0.00053 ( 1)
1003 D   0.96323 0.00924 0.02703 0.00051 ( 1)
1004 V   0.95971 0.01113 0.02856 0.00061 ( 1)
1005 V   0.95435 0.01374 0.03116 0.00075 ( 1)
1006 V   0.95860 0.01096 0.02985 0.00060 ( 1)
1007 V   0.95435 0.01374 0.03116 0.00075 ( 1)
1008 P   0.96344 0.00858 0.02751 0.00047 ( 1)
1009 T   0.96547 0.00821 0.02586 0.00045 ( 1)
1010 R   0.96567 0.00802 0.02588 0.00044 ( 1)
1011 E   0.95920 0.01123 0.02895 0.00061 ( 1)
1012 L   0.94609 0.01834 0.03456 0.00100 ( 1)
1013 R   0.96552 0.00807 0.02596 0.00044 ( 1)
1014 N   0.95954 0.01110 0.02875 0.00061 ( 1)
1015 S   0.96611 0.00780 0.02566 0.00043 ( 1)
1016 W   0.95131 0.01543 0.03241 0.00084 ( 1)
1017 R   0.96102 0.01019 0.02823 0.00056 ( 1)
1018 R   0.96355 0.00902 0.02694 0.00049 ( 1)
1019 R   0.96355 0.00902 0.02694 0.00049 ( 1)
1020 G   0.95722 0.01218 0.02993 0.00067 ( 1)
1021 F   0.97049 0.00593 0.02326 0.00032 ( 1)
1022 A   0.95452 0.01366 0.03107 0.00075 ( 1)
1023 A   0.96462 0.00865 0.02626 0.00047 ( 1)
1024 Y   0.96526 0.00827 0.02601 0.00045 ( 1)
1025 T   0.95422 0.01385 0.03117 0.00076 ( 1)
1026 P   0.96894 0.00653 0.02418 0.00036 ( 1)
1027 H   0.96599 0.00790 0.02568 0.00043 ( 1)
1028 T   0.96413 0.00874 0.02665 0.00048 ( 1)
1029 A   0.96247 0.00954 0.02747 0.00052 ( 1)
1030 A   0.96366 0.00893 0.02692 0.00049 ( 1)
1031 R   0.96567 0.00802 0.02588 0.00044 ( 1)
1032 V   0.96333 0.00911 0.02706 0.00050 ( 1)
1033 T   0.95878 0.01065 0.02999 0.00058 ( 1)
1034 R   0.33791 0.15501 0.49861 0.00847 ( 3)
1035 G   0.96043 0.01057 0.02843 0.00058 ( 1)
1036 R   0.96567 0.00802 0.02588 0.00044 ( 1)
1037 R   0.95892 0.01137 0.02909 0.00062 ( 1)
1038 V   0.96543 0.00811 0.02602 0.00044 ( 1)
1039 V   0.96472 0.00850 0.02632 0.00046 ( 1)
1040 I   0.96692 0.00752 0.02515 0.00041 ( 1)
1041 D   0.96323 0.00924 0.02703 0.00051 ( 1)
1042 E   0.95920 0.01123 0.02895 0.00061 ( 1)
1043 A   0.96356 0.00902 0.02693 0.00049 ( 1)
1044 P   0.96715 0.00736 0.02508 0.00040 ( 1)
1045 S   0.96611 0.00780 0.02566 0.00043 ( 1)
1046 L   0.96822 0.00688 0.02452 0.00038 ( 1)
1047 P   0.96830 0.00683 0.02450 0.00037 ( 1)
1048 P   0.95936 0.01113 0.02890 0.00061 ( 1)
1049 H   0.96530 0.00827 0.02597 0.00045 ( 1)
1050 L   0.95119 0.01543 0.03253 0.00084 ( 1)
1051 L   0.96922 0.00657 0.02386 0.00036 ( 1)
1052 L   0.95017 0.01569 0.03329 0.00086 ( 1)
1053 L   0.94372 0.02011 0.03507 0.00110 ( 1)
1054 H   0.96728 0.00736 0.02495 0.00040 ( 1)
1055 M   0.97311 0.00497 0.02164 0.00027 ( 1)
1056 Q   0.94936 0.01656 0.03318 0.00091 ( 1)
1057 R   0.95957 0.01106 0.02877 0.00060 ( 1)
1058 A   0.96356 0.00902 0.02693 0.00049 ( 1)
1059 S   0.96975 0.00630 0.02361 0.00034 ( 1)
1060 S   0.95696 0.01233 0.03003 0.00067 ( 1)
1061 V   0.96475 0.00836 0.02643 0.00046 ( 1)
1062 H   0.96665 0.00772 0.02520 0.00042 ( 1)
1063 L   0.96835 0.00684 0.02444 0.00037 ( 1)
1064 L   0.93893 0.02263 0.03720 0.00124 ( 1)
1065 G   0.96052 0.01049 0.02842 0.00057 ( 1)
1066 D   0.96253 0.00965 0.02730 0.00053 ( 1)
1067 P   0.96879 0.00658 0.02427 0.00036 ( 1)
1068 N   0.96098 0.01045 0.02800 0.00057 ( 1)
1069 Q   0.94482 0.01899 0.03515 0.00104 ( 1)
1070 I   0.96591 0.00812 0.02553 0.00044 ( 1)
1071 P   0.96923 0.00633 0.02409 0.00035 ( 1)
1072 A   0.96439 0.00871 0.02643 0.00048 ( 1)
1073 I   0.96623 0.00789 0.02544 0.00043 ( 1)
1074 D   0.96114 0.01026 0.02803 0.00056 ( 1)
1075 F   0.97228 0.00519 0.02224 0.00028 ( 1)
1076 E   0.95920 0.01123 0.02895 0.00061 ( 1)
1077 H   0.96669 0.00749 0.02541 0.00041 ( 1)
1078 A   0.96358 0.00900 0.02693 0.00049 ( 1)
1079 G   0.95914 0.01111 0.02913 0.00061 ( 1)
1080 L   0.97022 0.00601 0.02343 0.00033 ( 1)
1081 V   0.96543 0.00811 0.02602 0.00044 ( 1)
1082 P   0.95936 0.01113 0.02890 0.00061 ( 1)
1083 A   0.96507 0.00830 0.02617 0.00045 ( 1)
1084 I   0.96694 0.00750 0.02515 0.00041 ( 1)
1085 R   0.94426 0.01847 0.03627 0.00101 ( 1)
1086 P   0.96685 0.00763 0.02510 0.00042 ( 1)
1087 E   0.95920 0.01123 0.02895 0.00061 ( 1)
1088 L   0.95137 0.01534 0.03246 0.00084 ( 1)
1089 V   0.96333 0.00911 0.02706 0.00050 ( 1)
1090 P   0.96712 0.00740 0.02508 0.00040 ( 1)
1091 T   0.95417 0.01390 0.03117 0.00076 ( 1)
1092 K   0.95246 0.01462 0.03212 0.00080 ( 1)
1093 W   0.95131 0.01543 0.03241 0.00084 ( 1)
1094 W   0.95131 0.01543 0.03241 0.00084 ( 1)
1095 H   0.96532 0.00826 0.02597 0.00045 ( 1)
1096 V   0.96446 0.00843 0.02664 0.00046 ( 1)
1097 T   0.96557 0.00813 0.02586 0.00044 ( 1)
1098 H   0.34971 0.14630 0.49600 0.00800 ( 3)
1099 R   0.94977 0.01633 0.03300 0.00089 ( 1)
1100 C   0.96542 0.00826 0.02587 0.00045 ( 1)
1101 P   0.95936 0.01113 0.02890 0.00061 ( 1)
1102 A   0.96520 0.00813 0.02622 0.00044 ( 1)
1103 D   0.96323 0.00924 0.02703 0.00051 ( 1)
1104 V   0.96333 0.00911 0.02706 0.00050 ( 1)
1105 C   0.96682 0.00749 0.02528 0.00041 ( 1)
1106 E   0.95920 0.01123 0.02895 0.00061 ( 1)
1107 L   0.94162 0.02120 0.03603 0.00116 ( 1)
1108 I   0.96500 0.00837 0.02618 0.00046 ( 1)
1109 R   0.96494 0.00842 0.02618 0.00046 ( 1)
1110 G   0.96052 0.01049 0.02842 0.00057 ( 1)
1111 A   0.96175 0.00979 0.02792 0.00054 ( 1)
1112 Y   0.96446 0.00857 0.02649 0.00047 ( 1)
1113 P   0.95936 0.01113 0.02890 0.00061 ( 1)
1114 K   0.95556 0.01272 0.03103 0.00070 ( 1)
1115 I   0.96494 0.00839 0.02621 0.00046 ( 1)
1116 Q   0.94936 0.01656 0.03318 0.00091 ( 1)
1117 T   0.96557 0.00813 0.02586 0.00044 ( 1)
1118 A   0.57712 0.38293 0.01901 0.02094 ( 1)
1119 S   0.96125 0.01020 0.02800 0.00056 ( 1)
1120 R   0.96355 0.00902 0.02694 0.00049 ( 1)
1121 V   0.95750 0.01279 0.02901 0.00070 ( 1)
1122 L   0.96822 0.00688 0.02452 0.00038 ( 1)
1123 R   0.96355 0.00902 0.02694 0.00049 ( 1)
1124 S   0.96973 0.00612 0.02382 0.00033 ( 1)
1125 L   0.94798 0.01707 0.03401 0.00093 ( 1)
1126 F   0.97139 0.00546 0.02285 0.00030 ( 1)
1127 W   0.95131 0.01543 0.03241 0.00084 ( 1)
1128 G   0.95722 0.01218 0.02993 0.00067 ( 1)
1129 E   0.95443 0.01352 0.03131 0.00074 ( 1)
1130 P   0.96951 0.00639 0.02376 0.00035 ( 1)
1131 P   0.96964 0.00630 0.02372 0.00034 ( 1)
1132 V   0.23129 0.19769 0.56021 0.01081 ( 3)
1133 G   0.96043 0.01057 0.02843 0.00058 ( 1)
1134 Q   0.94936 0.01656 0.03318 0.00091 ( 1)
1135 K   0.27849 0.21982 0.48967 0.01202 ( 3)
1136 L   0.95105 0.01544 0.03267 0.00084 ( 1)
1137 V   0.96060 0.01005 0.02880 0.00055 ( 1)
1138 F   0.97097 0.00582 0.02289 0.00032 ( 1)
1139 T   0.96408 0.00875 0.02669 0.00048 ( 1)
1140 Q   0.94936 0.01656 0.03318 0.00091 ( 1)
1141 A   0.96224 0.00985 0.02738 0.00054 ( 1)
1142 A   0.96075 0.00998 0.02873 0.00055 ( 1)
1143 K   0.95742 0.01218 0.02973 0.00067 ( 1)
1144 A   0.96356 0.00902 0.02693 0.00049 ( 1)
1145 A   0.96354 0.00904 0.02693 0.00049 ( 1)
1146 N   0.95993 0.01099 0.02847 0.00060 ( 1)
1147 P   0.97024 0.00603 0.02340 0.00033 ( 1)
1148 G   0.95979 0.01068 0.02895 0.00058 ( 1)
1149 A   0.96075 0.00998 0.02873 0.00055 ( 1)
1150 I   0.96632 0.00764 0.02562 0.00042 ( 1)
1151 T   0.95417 0.01390 0.03117 0.00076 ( 1)
1152 V   0.96333 0.00911 0.02706 0.00050 ( 1)
1153 H   0.96649 0.00776 0.02532 0.00042 ( 1)
1154 E   0.95457 0.01343 0.03126 0.00073 ( 1)
1155 A   0.96372 0.00893 0.02686 0.00049 ( 1)
1156 Q   0.94936 0.01656 0.03318 0.00091 ( 1)
1157 G   0.96009 0.01060 0.02873 0.00058 ( 1)
1158 A   0.96178 0.00946 0.02825 0.00052 ( 1)
1159 T   0.95721 0.01297 0.02910 0.00071 ( 1)
1160 F   0.97184 0.00528 0.02260 0.00029 ( 1)
1161 T   0.96557 0.00813 0.02586 0.00044 ( 1)
1162 E   0.95684 0.01269 0.02977 0.00069 ( 1)
1163 T   0.96557 0.00813 0.02586 0.00044 ( 1)
1164 T   0.95417 0.01390 0.03117 0.00076 ( 1)
1165 I   0.96684 0.00759 0.02516 0.00041 ( 1)
1166 I   0.96611 0.00792 0.02553 0.00043 ( 1)
1167 A   0.96356 0.00902 0.02693 0.00049 ( 1)
1168 T   0.96291 0.00953 0.02705 0.00052 ( 1)
1169 A   0.95859 0.01101 0.02979 0.00060 ( 1)
1170 D   0.96125 0.01020 0.02800 0.00056 ( 1)
1171 A   0.96426 0.00861 0.02666 0.00047 ( 1)
1172 R   0.96287 0.00971 0.02689 0.00053 ( 1)
1173 G   0.95722 0.01218 0.02993 0.00067 ( 1)
1174 L   0.94615 0.01832 0.03453 0.00100 ( 1)
1175 I   0.96694 0.00750 0.02515 0.00041 ( 1)
1176 Q   0.94936 0.01656 0.03318 0.00091 ( 1)
1177 S   0.96892 0.00652 0.02421 0.00036 ( 1)
1178 S   0.96898 0.00662 0.02404 0.00036 ( 1)
1179 R   0.95892 0.01137 0.02909 0.00062 ( 1)
1180 A   0.96356 0.00902 0.02693 0.00049 ( 1)
1181 H   0.96734 0.00734 0.02492 0.00040 ( 1)
1182 A   0.96215 0.00983 0.02748 0.00054 ( 1)
1183 I   0.96694 0.00750 0.02515 0.00041 ( 1)
1184 V   0.96225 0.00963 0.02760 0.00053 ( 1)
1185 A   0.96520 0.00813 0.02622 0.00044 ( 1)
1186 L   0.95507 0.01256 0.03169 0.00069 ( 1)
1187 T   0.96339 0.00916 0.02695 0.00050 ( 1)
1188 R   0.96355 0.00902 0.02694 0.00049 ( 1)
1189 H   0.96569 0.00818 0.02568 0.00045 ( 1)
1190 T   0.95721 0.01297 0.02910 0.00071 ( 1)
1191 E   0.95920 0.01123 0.02895 0.00061 ( 1)
1192 K   0.94977 0.01637 0.03297 0.00089 ( 1)
1193 C   0.96682 0.00749 0.02528 0.00041 ( 1)
1194 V   0.32136 0.17479 0.49429 0.00956 ( 3)
1195 V   0.96456 0.00838 0.02661 0.00046 ( 1)
1196 V   0.96543 0.00811 0.02602 0.00044 ( 1)
1197 D   0.96240 0.00969 0.02739 0.00053 ( 1)
1198 A   0.96413 0.00888 0.02651 0.00049 ( 1)
1199 P   0.96715 0.00736 0.02508 0.00040 ( 1)
1200 G   0.95720 0.01164 0.03053 0.00064 ( 1)
1201 L   0.96822 0.00688 0.02452 0.00038 ( 1)
1202 L   0.96873 0.00677 0.02413 0.00037 ( 1)
1203 R   0.96519 0.00813 0.02623 0.00044 ( 1)
1204 E   0.95684 0.01269 0.02977 0.00069 ( 1)
1205 V   0.96410 0.00885 0.02657 0.00048 ( 1)
1206 G   0.95989 0.01088 0.02863 0.00060 ( 1)
1207 I   0.96555 0.00808 0.02593 0.00044 ( 1)
1208 S   0.96644 0.00801 0.02511 0.00044 ( 1)
1209 D   0.96167 0.01009 0.02768 0.00055 ( 1)
1210 A   0.96568 0.00802 0.02587 0.00044 ( 1)
1211 I   0.96415 0.00814 0.02727 0.00044 ( 1)
1212 V   0.96504 0.00820 0.02632 0.00045 ( 1)
1213 N   0.96070 0.01066 0.02805 0.00058 ( 1)
1214 N   0.96102 0.01020 0.02822 0.00056 ( 1)
1215 F   0.38002 0.12587 0.48723 0.00688 ( 3)
1216 F   0.97115 0.00560 0.02294 0.00031 ( 1)
1217 L   0.96953 0.00637 0.02376 0.00035 ( 1)
1218 S   0.96586 0.00816 0.02554 0.00045 ( 1)
1219 G   0.95902 0.01142 0.02894 0.00062 ( 1)
1220 G   0.95927 0.01123 0.02889 0.00061 ( 1)
1221 Q   0.94936 0.01656 0.03318 0.00091 ( 1)
1222 V   0.61584 0.34642 0.01880 0.01894 ( 1)
1223 G   0.96015 0.01059 0.02869 0.00058 ( 1)
1224 Q   0.94936 0.01656 0.03318 0.00091 ( 1)
1225 H   0.96542 0.00820 0.02594 0.00045 ( 1)
1226 R   0.96355 0.00902 0.02694 0.00049 ( 1)
1227 P   0.96715 0.00736 0.02508 0.00040 ( 1)
1228 S   0.96082 0.01123 0.02734 0.00061 ( 1)
1229 V   0.96356 0.00903 0.02691 0.00049 ( 1)
1230 I   0.96818 0.00701 0.02442 0.00038 ( 1)
1231 P   0.95936 0.01113 0.02890 0.00061 ( 1)
1232 R   0.96558 0.00810 0.02588 0.00044 ( 1)
1233 G   0.95836 0.01158 0.02942 0.00063 ( 1)
1234 T   0.96493 0.00828 0.02634 0.00045 ( 1)
1235 I   0.96694 0.00750 0.02515 0.00041 ( 1)
1236 D   0.96114 0.01026 0.02803 0.00056 ( 1)
1237 R   0.00047 0.90274 0.04744 0.04935 ( 2)
1238 N   0.96170 0.01002 0.02774 0.00055 ( 1)
1239 V   0.96543 0.00811 0.02602 0.00044 ( 1)
1240 D   0.58782 0.37363 0.01812 0.02043 ( 1)
1241 T   0.95417 0.01390 0.03117 0.00076 ( 1)
1242 L   0.97022 0.00601 0.02343 0.00033 ( 1)
1243 D   0.96323 0.00924 0.02703 0.00051 ( 1)
1244 A   0.95452 0.01366 0.03107 0.00075 ( 1)
1245 F   0.97063 0.00586 0.02319 0.00032 ( 1)
1246 P   0.96712 0.00740 0.02508 0.00040 ( 1)
1247 P   0.96951 0.00639 0.02376 0.00035 ( 1)
1248 S   0.96895 0.00650 0.02419 0.00036 ( 1)
1249 C   0.96550 0.00807 0.02599 0.00044 ( 1)
1250 Q   0.94936 0.01656 0.03318 0.00091 ( 1)
1251 F   0.97214 0.00526 0.02231 0.00029 ( 1)
1252 S   0.96308 0.00933 0.02708 0.00051 ( 1)
1253 A   0.96417 0.00887 0.02648 0.00048 ( 1)
1254 Y   0.28605 0.17726 0.52700 0.00969 ( 3)
1255 H   0.96669 0.00749 0.02541 0.00041 ( 1)
1256 Q   0.94767 0.01711 0.03428 0.00094 ( 1)
1257 L   0.96512 0.00712 0.02737 0.00039 ( 1)
1258 A   0.96356 0.00902 0.02693 0.00049 ( 1)
1259 E   0.95920 0.01123 0.02895 0.00061 ( 1)
1260 E   0.30431 0.19158 0.49364 0.01047 ( 3)
1261 L   0.97022 0.00601 0.02343 0.00033 ( 1)
1262 G   0.95834 0.01161 0.02942 0.00063 ( 1)
1263 H   0.96542 0.00821 0.02592 0.00045 ( 1)
1264 R   0.93160 0.02736 0.03954 0.00150 ( 1)
1265 P   0.96715 0.00736 0.02508 0.00040 ( 1)
1266 A   0.96356 0.00902 0.02693 0.00049 ( 1)
1267 P   0.96715 0.00736 0.02508 0.00040 ( 1)
1268 I   0.66391 0.30196 0.01763 0.01651 ( 1)
1269 A   0.65087 0.31430 0.01765 0.01718 ( 1)
1270 A   0.96568 0.00802 0.02587 0.00044 ( 1)
1271 V   0.96336 0.00910 0.02704 0.00050 ( 1)
1272 L   0.95141 0.01529 0.03246 0.00084 ( 1)
1273 P   0.96923 0.00633 0.02409 0.00035 ( 1)
1274 P   0.34417 0.15869 0.48846 0.00868 ( 3)
1275 C   0.96493 0.00833 0.02629 0.00046 ( 1)
1276 P   0.96477 0.00865 0.02611 0.00047 ( 1)
1277 E   0.95920 0.01123 0.02895 0.00061 ( 1)
1278 L   0.96953 0.00637 0.02376 0.00035 ( 1)
1279 E   0.95176 0.01523 0.03218 0.00083 ( 1)
1280 Q   0.94936 0.01656 0.03318 0.00091 ( 1)
1281 G   0.95834 0.01161 0.02942 0.00063 ( 1)
1282 L   0.95141 0.01529 0.03246 0.00084 ( 1)
1283 L   0.96895 0.00650 0.02419 0.00036 ( 1)
1284 Y   0.96526 0.00813 0.02617 0.00044 ( 1)
1285 M   0.97311 0.00497 0.02164 0.00027 ( 1)
1286 P   0.97024 0.00603 0.02340 0.00033 ( 1)
1287 Q   0.94936 0.01656 0.03318 0.00091 ( 1)
1288 E   0.95684 0.01269 0.02977 0.00069 ( 1)
1289 L   0.96822 0.00688 0.02452 0.00038 ( 1)
1290 T   0.96492 0.00850 0.02612 0.00046 ( 1)
1291 T   0.95417 0.01390 0.03117 0.00076 ( 1)
1292 S   0.96611 0.00780 0.02566 0.00043 ( 1)
1293 D   0.96122 0.01019 0.02803 0.00056 ( 1)
1294 S   0.96216 0.00961 0.02770 0.00053 ( 1)
1295 V   0.95435 0.01374 0.03116 0.00075 ( 1)
1296 L   0.26171 0.21165 0.51507 0.01157 ( 3)
1297 T   0.95420 0.01386 0.03117 0.00076 ( 1)
1298 F   0.97214 0.00526 0.02231 0.00029 ( 1)
1299 E   0.95920 0.01123 0.02895 0.00061 ( 1)
1300 L   0.97016 0.00603 0.02348 0.00033 ( 1)
1301 T   0.95712 0.01206 0.03016 0.00066 ( 1)
1302 D   0.96252 0.00965 0.02730 0.00053 ( 1)
1303 I   0.96678 0.00800 0.02479 0.00044 ( 1)
1304 V   0.96225 0.00963 0.02760 0.00053 ( 1)
1305 H   0.96530 0.00827 0.02597 0.00045 ( 1)
1306 C   0.96482 0.00842 0.02630 0.00046 ( 1)
1307 R   0.96564 0.00804 0.02588 0.00044 ( 1)
1308 M   0.97311 0.00497 0.02164 0.00027 ( 1)
1309 A   0.96247 0.00954 0.02747 0.00052 ( 1)
1310 A   0.96215 0.00983 0.02748 0.00054 ( 1)
1311 P   0.97024 0.00603 0.02340 0.00033 ( 1)
1312 S   0.96263 0.00939 0.02747 0.00051 ( 1)
1313 Q   0.94936 0.01656 0.03318 0.00091 ( 1)
1314 R   0.96519 0.00813 0.02623 0.00044 ( 1)
1315 K   0.95742 0.01218 0.02973 0.00067 ( 1)
1316 A   0.95504 0.01332 0.03090 0.00073 ( 1)
1317 V   0.96333 0.00911 0.02706 0.00050 ( 1)
1318 L   0.94609 0.01834 0.03456 0.00100 ( 1)
1319 S   0.96611 0.00780 0.02566 0.00043 ( 1)
1320 T   0.96551 0.00814 0.02590 0.00045 ( 1)
1321 L   0.97022 0.00601 0.02343 0.00033 ( 1)
1322 V   0.96341 0.00907 0.02702 0.00050 ( 1)
1323 G   0.95978 0.01092 0.02870 0.00060 ( 1)
1324 R   0.95892 0.01137 0.02909 0.00062 ( 1)
1325 Y   0.96588 0.00797 0.02571 0.00044 ( 1)
1326 G   0.95852 0.01150 0.02935 0.00063 ( 1)
1327 R   0.96355 0.00902 0.02694 0.00049 ( 1)
1328 R   0.96567 0.00802 0.02588 0.00044 ( 1)
1329 T   0.96229 0.00968 0.02749 0.00053 ( 1)
1330 K   0.95503 0.01370 0.03053 0.00075 ( 1)
1331 L   0.94891 0.01636 0.03383 0.00089 ( 1)
1332 Y   0.96588 0.00797 0.02571 0.00044 ( 1)
1333 E   0.95185 0.01514 0.03218 0.00083 ( 1)
1334 A   0.96568 0.00802 0.02587 0.00044 ( 1)
1335 A   0.96552 0.00811 0.02593 0.00044 ( 1)
1336 H   0.96718 0.00746 0.02496 0.00041 ( 1)
1337 A   0.95452 0.01366 0.03107 0.00075 ( 1)
1338 D   0.96311 0.00935 0.02703 0.00051 ( 1)
1339 V   0.96472 0.00850 0.02632 0.00046 ( 1)
1340 R   0.96437 0.00879 0.02636 0.00048 ( 1)
1341 G   0.95722 0.01218 0.02993 0.00067 ( 1)
1342 S   0.96646 0.00716 0.02599 0.00039 ( 1)
1343 L   0.94393 0.01908 0.03595 0.00104 ( 1)
1344 N   0.02545 0.92328 0.00080 0.05048 ( 2)
1345 H   0.03363 0.91537 0.00096 0.05005 ( 2)
1346 F   0.96790 0.00645 0.02530 0.00035 ( 1)
1347 I   0.96237 0.00905 0.02808 0.00049 ( 1)
1348 P   0.96765 0.00655 0.02544 0.00036 ( 1)
1349 E   0.00045 0.94772 0.00001 0.05181 ( 2)
1350 L   0.96681 0.00680 0.02601 0.00037 ( 1)
1351 R   0.01869 0.90255 0.02941 0.04934 ( 2)
1352 P   0.96757 0.00659 0.02548 0.00036 ( 1)
1353 I   0.96348 0.00840 0.02766 0.00046 ( 1)
1354 S   0.95920 0.01078 0.02944 0.00059 ( 1)
1355 V   0.96081 0.00972 0.02893 0.00053 ( 1)
1356 T   0.96306 0.00872 0.02775 0.00048 ( 1)
1357 T   0.96091 0.00978 0.02878 0.00053 ( 1)
1358 C   0.96228 0.00903 0.02820 0.00049 ( 1)
1359 E   0.95679 0.01189 0.03067 0.00065 ( 1)
1360 L   0.96682 0.00706 0.02573 0.00039 ( 1)
1361 Y   0.96336 0.00856 0.02761 0.00047 ( 1)
1362 E   0.95238 0.01466 0.03215 0.00080 ( 1)
1363 L   0.96762 0.00654 0.02548 0.00036 ( 1)
1364 V   0.95973 0.01027 0.02944 0.00056 ( 1)
1365 E   0.95679 0.01189 0.03067 0.00065 ( 1)
1366 A   0.96103 0.00964 0.02879 0.00053 ( 1)
1367 M   0.97061 0.00544 0.02366 0.00030 ( 1)
1368 V   0.95660 0.01253 0.03019 0.00068 ( 1)
1369 E   0.95493 0.01241 0.03199 0.00068 ( 1)
1370 K   0.95194 0.01419 0.03309 0.00078 ( 1)
1371 G   0.95589 0.01229 0.03115 0.00067 ( 1)
1372 Q   0.94716 0.01728 0.03462 0.00094 ( 1)
1373 D   0.95916 0.01079 0.02946 0.00059 ( 1)
1374 G   0.95589 0.01229 0.03115 0.00067 ( 1)
1375 S   0.96762 0.00654 0.02548 0.00036 ( 1)
1376 A   0.95996 0.01018 0.02930 0.00056 ( 1)
1377 V   0.96272 0.00879 0.02801 0.00048 ( 1)
1378 L   0.94679 0.01709 0.03518 0.00093 ( 1)
1379 E   0.95679 0.01189 0.03067 0.00065 ( 1)
1380 L   0.96564 0.00744 0.02652 0.00041 ( 1)
1381 D   0.95870 0.01091 0.02980 0.00060 ( 1)
1382 L   0.94601 0.01808 0.03492 0.00099 ( 1)
1383 C   0.96246 0.00894 0.02812 0.00049 ( 1)
1384 S   0.95870 0.01091 0.02980 0.00060 ( 1)
1385 R   0.96230 0.00891 0.02830 0.00049 ( 1)
1386 D   0.96075 0.00986 0.02885 0.00054 ( 1)
1387 V   0.96021 0.01010 0.02914 0.00055 ( 1)
1388 S   0.96354 0.00839 0.02761 0.00046 ( 1)
1389 R   0.95849 0.01085 0.03006 0.00059 ( 1)
1390 I   0.96569 0.00756 0.02633 0.00041 ( 1)
1391 T   0.26581 0.22356 0.49841 0.01222 ( 3)
1392 F   0.36164 0.12799 0.50337 0.00700 ( 3)
1393 F   0.96790 0.00645 0.02530 0.00035 ( 1)
1394 Q   0.94716 0.01728 0.03462 0.00094 ( 1)
1395 K   0.94758 0.01708 0.03440 0.00093 ( 1)
1396 D   0.95880 0.01082 0.02979 0.00059 ( 1)
1397 C   0.96380 0.00818 0.02757 0.00045 ( 1)
1398 N   0.95927 0.01065 0.02950 0.00058 ( 1)
1399 K   0.95506 0.01286 0.03138 0.00070 ( 1)
1400 F   0.96920 0.00577 0.02472 0.00032 ( 1)
1401 T   0.95187 0.01459 0.03274 0.00080 ( 1)
1402 T   0.95642 0.01268 0.03020 0.00069 ( 1)
1403 G   0.95688 0.01189 0.03058 0.00065 ( 1)
1404 E   0.95381 0.01314 0.03233 0.00072 ( 1)
1405 T   0.95187 0.01459 0.03274 0.00080 ( 1)
1406 I   0.96525 0.00799 0.02632 0.00044 ( 1)
1407 A   0.95543 0.01298 0.03089 0.00071 ( 1)
1408 H   0.96483 0.00791 0.02683 0.00043 ( 1)
1409 G   0.95803 0.01115 0.03021 0.00061 ( 1)
1410 K   0.94758 0.01708 0.03440 0.00093 ( 1)
1411 V   0.96286 0.00871 0.02795 0.00048 ( 1)
1412 G   0.95480 0.01287 0.03162 0.00070 ( 1)
1413 Q   0.94716 0.01728 0.03462 0.00094 ( 1)
1414 G   0.94930 0.01648 0.03332 0.00090 ( 1)
1415 I   0.66997 0.29560 0.01827 0.01616 ( 1)
1416 S   0.96762 0.00654 0.02548 0.00036 ( 1)
1417 A   0.95219 0.01437 0.03266 0.00079 ( 1)
1418 W   0.94905 0.01615 0.03392 0.00088 ( 1)
1419 S   0.96075 0.00986 0.02885 0.00054 ( 1)
1420 K   0.94758 0.01708 0.03440 0.00093 ( 1)
1421 T   0.96093 0.00975 0.02878 0.00053 ( 1)
1422 F   0.70952 0.25785 0.01854 0.01410 ( 1)
1423 C   0.96408 0.00819 0.02729 0.00045 ( 1)
1424 A   0.96103 0.00964 0.02879 0.00053 ( 1)
1425 L   0.94397 0.01903 0.03596 0.00104 ( 1)
1426 F   0.96957 0.00571 0.02440 0.00031 ( 1)
1427 G   0.95688 0.01189 0.03058 0.00065 ( 1)
1428 P   0.96566 0.00745 0.02648 0.00041 ( 1)
1429 W   0.94905 0.01615 0.03392 0.00088 ( 1)
1430 F   0.96896 0.00590 0.02482 0.00032 ( 1)
1431 R   0.96311 0.00862 0.02781 0.00047 ( 1)
1432 A   0.96312 0.00861 0.02780 0.00047 ( 1)
1433 I   0.96441 0.00808 0.02707 0.00044 ( 1)
1434 E   0.95679 0.01189 0.03067 0.00065 ( 1)
1435 K   0.94946 0.01647 0.03317 0.00090 ( 1)
1436 E   0.94951 0.01594 0.03368 0.00087 ( 1)
1437 I   0.96312 0.00878 0.02762 0.00048 ( 1)
1438 L   0.94182 0.02046 0.03660 0.00112 ( 1)
1439 A   0.96312 0.00861 0.02780 0.00047 ( 1)
1440 V   0.95973 0.01027 0.02944 0.00056 ( 1)
1441 L   0.96762 0.00654 0.02548 0.00036 ( 1)
1442 A   0.95996 0.01018 0.02930 0.00056 ( 1)
1443 P   0.96765 0.00655 0.02544 0.00036 ( 1)
1444 N   0.95927 0.01065 0.02950 0.00058 ( 1)
1445 V   0.95212 0.01441 0.03268 0.00079 ( 1)
1446 F   0.96968 0.00568 0.02433 0.00031 ( 1)
1447 Y   0.96247 0.00907 0.02797 0.00050 ( 1)
1448 G   0.95688 0.01189 0.03058 0.00065 ( 1)
1449 D   0.96075 0.00986 0.02885 0.00054 ( 1)
1450 A   0.95220 0.01435 0.03266 0.00078 ( 1)
1451 Y   0.96204 0.00930 0.02815 0.00051 ( 1)
1452 E   0.95647 0.01220 0.03067 0.00067 ( 1)
1453 D   0.95870 0.01091 0.02980 0.00060 ( 1)
1454 T   0.95228 0.01420 0.03274 0.00078 ( 1)
1455 V   0.96286 0.00871 0.02795 0.00048 ( 1)
1456 L   0.94867 0.01629 0.03415 0.00089 ( 1)
1457 A   0.96103 0.00964 0.02879 0.00053 ( 1)
1458 A   0.96312 0.00861 0.02780 0.00047 ( 1)
1459 A   0.96103 0.00964 0.02879 0.00053 ( 1)
1460 V   0.96285 0.00872 0.02795 0.00048 ( 1)
1461 A   0.95438 0.01370 0.03117 0.00075 ( 1)
1462 G   0.94529 0.01834 0.03537 0.00100 ( 1)
1463 A   0.96232 0.00891 0.02829 0.00049 ( 1)
1464 S   0.03726 0.86964 0.04556 0.04755 ( 2)
1465 D   0.55475 0.40531 0.01778 0.02216 ( 1)
1466 C   0.96425 0.00808 0.02724 0.00044 ( 1)
1467 K   0.95506 0.01286 0.03138 0.00070 ( 1)
1468 V   0.32769 0.15960 0.50397 0.00873 ( 3)
1469 F   0.96968 0.00568 0.02433 0.00031 ( 1)
1470 E   0.95679 0.01189 0.03067 0.00065 ( 1)
1471 N   0.95927 0.01065 0.02950 0.00058 ( 1)
1472 D   0.96075 0.00986 0.02885 0.00054 ( 1)
1473 F   0.96968 0.00568 0.02433 0.00031 ( 1)
1474 S   0.95455 0.01303 0.03171 0.00071 ( 1)
1475 E   0.95679 0.01189 0.03067 0.00065 ( 1)
1476 F   0.96968 0.00568 0.02433 0.00031 ( 1)
1477 D   0.96075 0.00986 0.02885 0.00054 ( 1)
1478 S   0.96075 0.00986 0.02885 0.00054 ( 1)
1479 T   0.96296 0.00881 0.02775 0.00048 ( 1)
1480 Q   0.94389 0.01979 0.03523 0.00108 ( 1)
1481 N   0.95927 0.01065 0.02950 0.00058 ( 1)
1482 N   0.95924 0.01068 0.02950 0.00058 ( 1)
1483 F   0.96790 0.00645 0.02530 0.00035 ( 1)
1484 S   0.96339 0.00843 0.02772 0.00046 ( 1)
1485 L   0.96751 0.00664 0.02549 0.00036 ( 1)
1486 G   0.95480 0.01287 0.03162 0.00070 ( 1)
1487 L   0.94393 0.01908 0.03595 0.00104 ( 1)
1488 E   0.95679 0.01189 0.03067 0.00065 ( 1)
1489 C   0.96425 0.00808 0.02724 0.00044 ( 1)
1490 I   0.66623 0.29854 0.01891 0.01632 ( 1)
1491 I   0.96441 0.00808 0.02707 0.00044 ( 1)
1492 M   0.97061 0.00544 0.02366 0.00030 ( 1)
1493 E   0.95679 0.01189 0.03067 0.00065 ( 1)
1494 E   0.95679 0.01189 0.03067 0.00065 ( 1)
1495 C   0.96316 0.00870 0.02766 0.00048 ( 1)
1496 G   0.95589 0.01229 0.03115 0.00067 ( 1)
1497 M   0.97061 0.00544 0.02366 0.00030 ( 1)
1498 P   0.96622 0.00701 0.02639 0.00038 ( 1)
1499 Q   0.94716 0.01728 0.03462 0.00094 ( 1)
1500 W   0.94905 0.01615 0.03392 0.00088 ( 1)
1501 M   0.97061 0.00544 0.02366 0.00030 ( 1)
1502 I   0.96441 0.00808 0.02707 0.00044 ( 1)
1503 R   0.93219 0.02590 0.04050 0.00142 ( 1)
1504 L   0.96681 0.00680 0.02601 0.00037 ( 1)
1505 Y   0.96123 0.00961 0.02864 0.00053 ( 1)
1506 H   0.96481 0.00791 0.02685 0.00043 ( 1)
1507 L   0.96619 0.00732 0.02609 0.00040 ( 1)
1508 V   0.61408 0.34809 0.01880 0.01903 ( 1)
1509 R   0.96102 0.00965 0.02880 0.00053 ( 1)
1510 S   0.96564 0.00744 0.02651 0.00041 ( 1)
1511 A   0.96232 0.00891 0.02829 0.00049 ( 1)
1512 W   0.94905 0.01615 0.03392 0.00088 ( 1)
1513 V   0.30789 0.17288 0.50977 0.00945 ( 3)
1514 L   0.96564 0.00744 0.02652 0.00041 ( 1)
1515 Q   0.94716 0.01728 0.03462 0.00094 ( 1)
1516 A   0.31239 0.17190 0.50631 0.00940 ( 3)
1517 P   0.96459 0.00794 0.02703 0.00043 ( 1)
1518 K   0.95049 0.01576 0.03288 0.00086 ( 1)
1519 E   0.95679 0.01189 0.03067 0.00065 ( 1)
1520 S   0.96564 0.00744 0.02651 0.00041 ( 1)
1521 L   0.94693 0.01704 0.03510 0.00093 ( 1)
1522 R   0.95745 0.01179 0.03011 0.00064 ( 1)
1523 G   0.95757 0.01135 0.03046 0.00062 ( 1)
1524 F   0.96968 0.00568 0.02433 0.00031 ( 1)
1525 W   0.94905 0.01615 0.03392 0.00088 ( 1)
1526 K   0.95506 0.01286 0.03138 0.00070 ( 1)
1527 K   0.94956 0.01638 0.03317 0.00090 ( 1)
1528 H   0.96483 0.00791 0.02683 0.00043 ( 1)
1529 S   0.96760 0.00656 0.02548 0.00036 ( 1)
1530 G   0.95803 0.01115 0.03021 0.00061 ( 1)
1531 E   0.95647 0.01220 0.03067 0.00067 ( 1)
1532 P   0.96644 0.00719 0.02598 0.00039 ( 1)
1533 G   0.95657 0.01181 0.03097 0.00065 ( 1)
1534 T   0.96235 0.00889 0.02827 0.00049 ( 1)
1535 L   0.94601 0.01808 0.03492 0.00099 ( 1)
1536 L   0.90800 0.02018 0.07073 0.00110 ( 1)
1537 W   0.94905 0.01615 0.03392 0.00088 ( 1)
1538 N   0.95927 0.01065 0.02950 0.00058 ( 1)
1539 T   0.96171 0.00947 0.02830 0.00052 ( 1)
1540 V   0.96084 0.00970 0.02893 0.00053 ( 1)
1541 W   0.94905 0.01615 0.03392 0.00088 ( 1)
1542 N   0.95927 0.01065 0.02950 0.00058 ( 1)
1543 M   0.97061 0.00544 0.02366 0.00030 ( 1)
1544 A   0.95438 0.01370 0.03117 0.00075 ( 1)
1545 V   0.96286 0.00871 0.02795 0.00048 ( 1)
1546 I   0.35088 0.14381 0.49744 0.00786 ( 3)
1547 A   0.95914 0.01011 0.03020 0.00055 ( 1)
1548 H   0.96413 0.00807 0.02737 0.00044 ( 1)
1549 C   0.96410 0.00815 0.02729 0.00045 ( 1)
1550 Y   0.96336 0.00856 0.02761 0.00047 ( 1)
1551 E   0.00726 0.27335 0.70445 0.01494 ( 3)
1552 F   0.96790 0.00645 0.02530 0.00035 ( 1)
1553 R   0.96114 0.00955 0.02879 0.00052 ( 1)
1554 D   0.95870 0.01091 0.02980 0.00060 ( 1)
1555 L   0.90779 0.03308 0.05733 0.00181 ( 1)
1556 K   0.94946 0.01647 0.03317 0.00090 ( 1)
1557 V   0.96286 0.00871 0.02795 0.00048 ( 1)
1558 A   0.95812 0.01065 0.03065 0.00058 ( 1)
1559 A   0.95812 0.01065 0.03065 0.00058 ( 1)
1560 F   0.96920 0.00577 0.02472 0.00032 ( 1)
1561 K   0.95506 0.01286 0.03138 0.00070 ( 1)
1562 G   0.95471 0.01297 0.03162 0.00071 ( 1)
1563 D   0.96075 0.00986 0.02885 0.00054 ( 1)
1564 D   0.96073 0.00988 0.02885 0.00054 ( 1)
1565 S   0.96760 0.00656 0.02548 0.00036 ( 1)
1566 V   0.96286 0.00871 0.02795 0.00048 ( 1)
1567 V   0.95917 0.01062 0.02963 0.00058 ( 1)
1568 L   0.96564 0.00744 0.02652 0.00041 ( 1)
1569 C   0.96425 0.00808 0.02724 0.00044 ( 1)
1570 S   0.96012 0.01002 0.02931 0.00055 ( 1)
1571 D   0.29873 0.18592 0.50519 0.01016 ( 3)
1572 Y   0.96267 0.00874 0.02811 0.00048 ( 1)
1573 R   0.95849 0.01085 0.03006 0.00059 ( 1)
1574 Q   0.94716 0.01728 0.03462 0.00094 ( 1)
1575 S   0.95870 0.01091 0.02980 0.00060 ( 1)
1576 R   0.96246 0.00877 0.02829 0.00048 ( 1)
1577 D   0.30717 0.17539 0.50786 0.00959 ( 3)
1578 A   0.95445 0.01363 0.03117 0.00075 ( 1)
1579 A   0.96312 0.00861 0.02780 0.00047 ( 1)
1580 A   0.96074 0.00971 0.02901 0.00053 ( 1)
1581 L   0.94410 0.01940 0.03544 0.00106 ( 1)
1582 I   0.96375 0.00823 0.02757 0.00045 ( 1)
1583 A   0.96165 0.00949 0.02834 0.00052 ( 1)
1584 G   0.95662 0.01208 0.03064 0.00066 ( 1)
1585 C   0.96315 0.00871 0.02766 0.00048 ( 1)
1586 G   0.95485 0.01284 0.03160 0.00070 ( 1)
1587 L   0.94393 0.01908 0.03595 0.00104 ( 1)
1588 K   0.95506 0.01286 0.03138 0.00070 ( 1)
1589 L   0.96762 0.00654 0.02548 0.00036 ( 1)
1590 K   0.95310 0.01342 0.03274 0.00073 ( 1)
1591 V   0.95939 0.01058 0.02946 0.00058 ( 1)
1592 D   0.96075 0.00986 0.02885 0.00054 ( 1)
1593 F   0.96965 0.00568 0.02435 0.00031 ( 1)
1594 R   0.95650 0.01204 0.03080 0.00066 ( 1)
1595 P   0.96765 0.00655 0.02544 0.00036 ( 1)
1596 I   0.96438 0.00808 0.02709 0.00044 ( 1)
1597 G   0.94930 0.01648 0.03332 0.00090 ( 1)
1598 L   0.94349 0.01922 0.03624 0.00105 ( 1)
1599 Y   0.96210 0.00928 0.02812 0.00051 ( 1)
1600 A   0.96312 0.00861 0.02780 0.00047 ( 1)
1601 G   0.95715 0.01170 0.03051 0.00064 ( 1)
1602 V   0.96277 0.00879 0.02796 0.00048 ( 1)
1603 V   0.96286 0.00871 0.02795 0.00048 ( 1)
1604 V   0.96058 0.01005 0.02882 0.00055 ( 1)
1605 A   0.96115 0.00954 0.02879 0.00052 ( 1)
1606 P   0.95915 0.01115 0.02909 0.00061 ( 1)
1607 G   0.95764 0.01125 0.03050 0.00062 ( 1)
1608 L   0.94392 0.01830 0.03678 0.00100 ( 1)
1609 G   0.94854 0.01725 0.03327 0.00094 ( 1)
1610 T   0.96091 0.00978 0.02878 0.00053 ( 1)
1611 L   0.94663 0.01989 0.03239 0.00109 ( 1)
1612 P   0.96705 0.00668 0.02591 0.00036 ( 1)
1613 D   0.96075 0.00986 0.02885 0.00054 ( 1)
1614 V   0.96244 0.00881 0.02827 0.00048 ( 1)
1615 V   0.96244 0.00881 0.02827 0.00048 ( 1)
1616 R   0.95650 0.01204 0.03080 0.00066 ( 1)
1617 F   0.96968 0.00568 0.02433 0.00031 ( 1)
1618 A   0.96261 0.00873 0.02818 0.00048 ( 1)
1619 G   0.95480 0.01287 0.03162 0.00070 ( 1)
1620 R   0.95849 0.01085 0.03006 0.00059 ( 1)
1621 L   0.96564 0.00744 0.02652 0.00041 ( 1)
1622 S   0.95714 0.01228 0.02991 0.00067 ( 1)
1623 E   0.95679 0.01189 0.03067 0.00065 ( 1)
1624 K   0.95049 0.01576 0.03288 0.00086 ( 1)
1625 N   0.95756 0.01164 0.03016 0.00064 ( 1)
1626 W   0.26710 0.23382 0.48629 0.01278 ( 3)
1627 G   0.95480 0.01287 0.03162 0.00070 ( 1)
1628 P   0.96363 0.00790 0.02804 0.00043 ( 1)
1629 G   0.95764 0.01125 0.03050 0.00062 ( 1)
1630 L   0.46096 0.49884 0.01293 0.02727 ( 2)
1631 E   0.00051 0.94708 0.00063 0.05178 ( 2)
1632 R   0.95426 0.01266 0.03239 0.00069 ( 1)
1633 A   0.95219 0.01437 0.03266 0.00079 ( 1)
1634 E   0.95679 0.01189 0.03067 0.00065 ( 1)
1635 Q   0.94716 0.01728 0.03462 0.00094 ( 1)
1636 L   0.94663 0.01989 0.03239 0.00109 ( 1)
1637 R   0.95849 0.01085 0.03006 0.00059 ( 1)
1638 L   0.94393 0.01908 0.03595 0.00104 ( 1)
1639 A   0.96312 0.00861 0.02780 0.00047 ( 1)
1640 V   0.96173 0.00939 0.02837 0.00051 ( 1)
1641 C   0.32888 0.15168 0.51116 0.00829 ( 3)
1642 D   0.95879 0.01083 0.02979 0.00059 ( 1)
1643 F   0.96886 0.00609 0.02472 0.00033 ( 1)
1644 L   0.94396 0.01906 0.03593 0.00104 ( 1)
1645 R   0.92997 0.02802 0.04048 0.00153 ( 1)
1646 R   0.28480 0.19925 0.50506 0.01089 ( 3)
1647 L   0.94238 0.02000 0.03653 0.00109 ( 1)
1648 T   0.96048 0.01015 0.02882 0.00055 ( 1)
1649 N   0.95927 0.01065 0.02950 0.00058 ( 1)
1650 V   0.95973 0.01027 0.02944 0.00056 ( 1)
1651 A   0.96312 0.00861 0.02780 0.00047 ( 1)
1652 Q   0.94716 0.01728 0.03462 0.00094 ( 1)
1653 V   0.96205 0.00891 0.02856 0.00049 ( 1)
1654 C   0.96425 0.00808 0.02724 0.00044 ( 1)
1655 V   0.95973 0.01027 0.02944 0.00056 ( 1)
1656 D   0.96075 0.00986 0.02885 0.00054 ( 1)
1657 V   0.96286 0.00871 0.02795 0.00048 ( 1)
1658 V   0.96277 0.00879 0.02796 0.00048 ( 1)
1659 S   0.96354 0.00839 0.02761 0.00046 ( 1)
1660 Q   0.94195 0.02082 0.03609 0.00114 ( 1)
1661 V   0.95531 0.01345 0.03050 0.00074 ( 1)
1662 Y   0.96336 0.00856 0.02761 0.00047 ( 1)
1663 G   0.95803 0.01115 0.03021 0.00061 ( 1)
1664 V   0.96286 0.00871 0.02795 0.00048 ( 1)
1665 S   0.95984 0.01021 0.02940 0.00056 ( 1)
1666 P   0.96765 0.00655 0.02544 0.00036 ( 1)
1667 G   0.95661 0.01209 0.03064 0.00066 ( 1)
1668 L   0.94855 0.01642 0.03414 0.00090 ( 1)
1669 V   0.95246 0.01403 0.03275 0.00077 ( 1)
1670 H   0.96483 0.00791 0.02683 0.00043 ( 1)
1671 N   0.95714 0.01176 0.03045 0.00064 ( 1)
1672 L   0.94624 0.01759 0.03521 0.00096 ( 1)
1673 I   0.96441 0.00808 0.02707 0.00044 ( 1)
1674 G   0.94934 0.01577 0.03404 0.00086 ( 1)
1675 M   0.97061 0.00544 0.02366 0.00030 ( 1)
1676 L   0.69353 0.27301 0.01852 0.01493 ( 1)
1677 Q   0.94716 0.01728 0.03462 0.00094 ( 1)
1678 T   0.96306 0.00872 0.02775 0.00048 ( 1)
1679 I   0.96441 0.00808 0.02707 0.00044 ( 1)
1680 A   0.96261 0.00873 0.02818 0.00048 ( 1)
1681 D   0.96075 0.00986 0.02885 0.00054 ( 1)
1682 G   0.95803 0.01115 0.03021 0.00061 ( 1)
1683 K   0.95506 0.01286 0.03138 0.00070 ( 1)
1684 A   0.00000 0.94815 0.00001 0.05184 ( 2)
1685 H   0.96483 0.00791 0.02683 0.00043 ( 1)
1686 F   0.00075 0.94630 0.00121 0.05174 ( 2)
1687 T   0.61508 0.34783 0.01807 0.01902 ( 1)
1688 E   0.95139 0.01534 0.03243 0.00084 ( 1)
1689 T   0.95187 0.01459 0.03274 0.00080 ( 1)
1690 V   0.32769 0.15960 0.50397 0.00873 ( 3)
1691 K   0.94946 0.01647 0.03317 0.00090 ( 1)
1692 P   0.96765 0.00655 0.02544 0.00036 ( 1)
1693 V   0.96080 0.00974 0.02893 0.00053 ( 1)
1694 L   0.96762 0.00654 0.02548 0.00036 ( 1)
1695 D   0.95946 0.01061 0.02935 0.00058 ( 1)
1696 L   0.94506 0.01760 0.03638 0.00096 ( 1)
1697 T   0.96100 0.00969 0.02878 0.00053 ( 1)
1698 N   0.29555 0.19269 0.50122 0.01053 ( 3)
1699 S   0.96751 0.00662 0.02551 0.00036 ( 1)
1700 I   0.96355 0.00865 0.02733 0.00047 ( 1)
1701 I   0.96531 0.00765 0.02663 0.00042 ( 1)
1702 Y   0.96210 0.00910 0.02831 0.00050 ( 1)
1703 R   0.95849 0.01083 0.03009 0.00059 ( 1)
1704 V   0.95967 0.01029 0.02948 0.00056 ( 1)
1705 E   0.94951 0.01594 0.03368 0.00087 ( 1)


lnL = -13789.154837

