

TREE # 1

  0  0.0000  15176.208014  x:  0.09562   0.02946   0.07036   0.26808   0.11069   0.08963   0.01306   0.01326   0.00000   0.00558   0.00919   0.00785   0.01156   0.01332   0.01417   0.01193   0.00363   0.01423   0.00911   0.02396   0.01555   0.00367   0.01023   0.01543   0.02311   0.01531   0.02038   0.04147   0.01464   0.01629   0.01547   0.01054   0.01070   0.01373   0.01499   0.02737   0.00558   0.02648   0.03220   0.01318   0.01122   0.03198   1.16079   0.93358   0.96871   0.66310   1.25118   0.17227   0.21553  
  1 99.0000  15176.191559  x:  0.09562   0.02946   0.07036   0.26808   0.11069   0.08963   0.01306   0.01326   0.00000   0.00558   0.00919   0.00785   0.01156   0.01332   0.01417   0.01193   0.00363   0.01423   0.00911   0.02396   0.01555   0.00367   0.01023   0.01543   0.02311   0.01531   0.02038   0.04147   0.01464   0.01629   0.01547   0.01054   0.01070   0.01373   0.01499   0.02737   0.00558   0.02648   0.03220   0.01318   0.01122   0.03197   1.16079   0.93358   0.96871   0.66310   1.25118   0.17227   0.21553  
  2 5352.3593  15084.880664  x:  0.09553   0.03017   0.07159   0.26884   0.11210   0.08954   0.01344   0.00535   0.00000   0.00014   0.01130   0.00276   0.01260   0.01241   0.01212   0.01247   0.01127   0.00764   0.00048   0.02209   0.01157   0.00483   0.01192   0.01335   0.02260   0.01001   0.02088   0.04011   0.01300   0.01436   0.01006   0.01227   0.01069   0.00930   0.01464   0.02423   0.00966   0.02505   0.03261   0.00589   0.00000   0.02991   1.16525   0.93526   0.96850   0.66515   1.25284   0.17094   0.20597  
  3 7963.5002  15081.462373  x:  0.09552   0.03024   0.07168   0.26890   0.11220   0.08953   0.01347   0.00478   0.00000   0.00044   0.01141   0.00243   0.01266   0.01233   0.01196   0.01249   0.01172   0.00718   0.00007   0.02196   0.01129   0.00488   0.01201   0.01320   0.02257   0.00963   0.02092   0.04001   0.01293   0.01422   0.00969   0.01237   0.01067   0.00899   0.01462   0.02401   0.00989   0.02495   0.03264   0.00539   0.00000   0.02977   1.16557   0.93538   0.96848   0.66529   1.25296   0.17084   0.20528  
  4 19011.4630  15060.514652  x:  0.09549   0.03068   0.07230   0.26928   0.11291   0.08950   0.01365   0.00089   0.00000   0.00147   0.01218   0.00021   0.01303   0.01180   0.01092   0.01261   0.01483   0.00407   0.00064   0.02104   0.00938   0.00516   0.01258   0.01216   0.02233   0.00705   0.02116   0.03935   0.01242   0.01328   0.00711   0.01299   0.01054   0.00688   0.01450   0.02247   0.01143   0.02425   0.03287   0.00196   0.00000   0.02875   1.16780   0.93622   0.96838   0.66631   1.25378   0.17017   0.20050  
  5 30449.6792  15056.853255  x:  0.09548   0.03079   0.07244   0.26937   0.11307   0.08949   0.01369   0.00013   0.00000   0.00162   0.01231   0.00065   0.01309   0.01167   0.01068   0.01261   0.01542   0.00344   0.00072   0.02084   0.00897   0.00518   0.01266   0.01193   0.02228   0.00648   0.02121   0.03921   0.01237   0.01307   0.00656   0.01308   0.01049   0.00643   0.01448   0.02213   0.01170   0.02410   0.03293   0.00133   0.00000   0.02853   1.16830   0.93640   0.96835   0.66654   1.25397   0.17002   0.19942  
  6 17349.4557  15053.084501  x:  0.09547   0.03093   0.07262   0.26948   0.11327   0.08948   0.01374   0.00000   0.00069   0.00178   0.01244   0.00102   0.01316   0.01150   0.01040   0.01260   0.01611   0.00273   0.00080   0.02060   0.00848   0.00518   0.01274   0.01166   0.02222   0.00579   0.02128   0.03903   0.01233   0.01282   0.00592   0.01319   0.01042   0.00592   0.01446   0.02172   0.01200   0.02391   0.03300   0.00077   0.00000   0.02825   1.16893   0.93664   0.96832   0.66682   1.25421   0.16983   0.19806  
  7 15349.0472  15040.517518  x:  0.09544   0.03155   0.07342   0.27000   0.11420   0.08945   0.01399   0.00000   0.00102   0.00229   0.01288   0.00161   0.01337   0.01074   0.00917   0.01249   0.01902   0.00063   0.00106   0.01954   0.00653   0.00509   0.01292   0.01053   0.02198   0.00279   0.02164   0.03821   0.01245   0.01179   0.00345   0.01348   0.01007   0.00397   0.01441   0.01984   0.01308   0.02306   0.03334   0.00293   0.00000   0.02700   1.17194   0.93777   0.96818   0.66821   1.25535   0.16892   0.19156  
  8 8613.8365  15030.993845  x:  0.09541   0.03211   0.07412   0.27046   0.11503   0.08943   0.01420   0.00000   0.00135   0.00260   0.01316   0.00190   0.01350   0.01006   0.00814   0.01235   0.02136   0.00218   0.00120   0.01866   0.00504   0.00492   0.01295   0.00961   0.02180   0.00043   0.02198   0.03750   0.01269   0.01095   0.00183   0.01364   0.00972   0.00266   0.01439   0.01823   0.01383   0.02235   0.03363   0.00408   0.00000   0.02593   1.17464   0.93879   0.96805   0.66945   1.25637   0.16809   0.18570  
  9 13872.2511  14987.660182  x:  0.09534   0.03506   0.07779   0.27295   0.11936   0.08937   0.01526   0.00000   0.00259   0.00334   0.01350   0.00233   0.01364   0.00668   0.00375   0.01117   0.03129   0.00432   0.00151   0.01465   0.00085   0.00350   0.01192   0.00593   0.02118   0.00443   0.02414   0.03409   0.01505   0.00745   0.00523   0.01356   0.00773   0.00260   0.01456   0.01049   0.01590   0.01902   0.03519   0.00739   0.00000   0.02076   1.18897   0.94419   0.96737   0.67605   1.26187   0.16367   0.15441  
 10 7405.7612  14959.703126  x:  0.09533   0.03750   0.08075   0.27498   0.12286   0.08936   0.01610   0.00000   0.00359   0.00375   0.01351   0.00247   0.01363   0.00418   0.00112   0.01015   0.03863   0.00564   0.00167   0.01168   0.00413   0.00203   0.01091   0.00354   0.02071   0.00624   0.02573   0.03143   0.01700   0.00504   0.00705   0.01331   0.00612   0.00303   0.01474   0.00478   0.01708   0.01653   0.03647   0.00982   0.00000   0.01680   1.20060   0.94858   0.96682   0.68138   1.26634   0.16007   0.12890  
 11 39654.4319  14930.665658  x:  0.09539   0.04013   0.08384   0.27714   0.12653   0.08943   0.01695   0.00000   0.00438   0.00400   0.01309   0.00247   0.01344   0.00268   0.00540   0.00905   0.04506   0.00651   0.00176   0.00936   0.00522   0.00022   0.00963   0.00319   0.02033   0.00722   0.02713   0.02889   0.01903   0.00389   0.00820   0.01278   0.00465   0.00387   0.01499   0.00160   0.01745   0.01444   0.03782   0.01163   0.00000   0.01327   1.21275   0.95319   0.96626   0.68691   1.27104   0.15629   0.10192  
 12 26647.4200  14835.149112  x:  0.09573   0.04841   0.09314   0.28366   0.13754   0.08979   0.01946   0.00000   0.00693   0.00444   0.01083   0.00217   0.01237   0.00114   0.00975   0.00558   0.06155   0.00910   0.00189   0.00380   0.00775   0.00140   0.00532   0.00390   0.01930   0.00993   0.03099   0.02168   0.02546   0.00252   0.01137   0.01060   0.00073   0.00597   0.01590   0.00708   0.01680   0.00899   0.04198   0.01724   0.00000   0.00388   1.24904   0.96696   0.96461   0.70333   1.28511   0.14497   0.02085  
 13 46078.1941  14804.303026  x:  0.09587   0.05059   0.09553   0.28535   0.14037   0.08993   0.02016   0.00000   0.00758   0.00451   0.01013   0.00206   0.01204   0.00218   0.01030   0.00487   0.06529   0.00971   0.00191   0.00342   0.00823   0.00110   0.00434   0.00409   0.01907   0.01057   0.03190   0.02000   0.02712   0.00275   0.01212   0.01001   0.00197   0.00637   0.01615   0.00766   0.01634   0.00799   0.04306   0.01861   0.00000   0.00250   1.25828   0.97047   0.96419   0.70749   1.28870   0.14209   0.00010  
 14 93274.4243  14796.339591  x:  0.09622   0.05455   0.09996   0.28855   0.14565   0.09029   0.02172   0.00000   0.00930   0.00449   0.00872   0.00160   0.01140   0.00292   0.01117   0.00433   0.07178   0.01125   0.00185   0.00543   0.00922   0.00046   0.00328   0.00498   0.01881   0.01213   0.03351   0.01734   0.03020   0.00422   0.01389   0.00894   0.00148   0.00740   0.01662   0.00842   0.01507   0.00736   0.04503   0.02218   0.00000   0.00364   1.27573   0.97713   0.96341   0.71532   1.29551   0.13661   0.00010  
 15 11702.8344  14789.545127  x:  0.09667   0.05809   0.10386   0.29147   0.15035   0.09075   0.02294   0.00000   0.01073   0.00446   0.00731   0.00122   0.01072   0.00168   0.01236   0.00494   0.07608   0.01254   0.00181   0.00551   0.01009   0.00176   0.00456   0.00564   0.01876   0.01347   0.03464   0.01609   0.03284   0.00405   0.01535   0.00816   0.00268   0.00821   0.01704   0.00874   0.01298   0.00880   0.04671   0.02514   0.00000   0.00499   1.29147   0.98316   0.96273   0.72228   1.30168   0.13167   0.00010  
 16 11215.3579  14783.727263  x:  0.09719   0.06113   0.10742   0.29427   0.15472   0.09128   0.02375   0.00000   0.01182   0.00448   0.00658   0.00098   0.01034   0.00370   0.01313   0.00630   0.07965   0.01357   0.00180   0.00478   0.01076   0.00226   0.00645   0.00589   0.01894   0.01459   0.03541   0.01627   0.03481   0.00327   0.01650   0.00810   0.00176   0.00869   0.01732   0.00870   0.01074   0.01113   0.04810   0.02744   0.00000   0.00533   1.30658   0.98897   0.96211   0.72886   1.30762   0.12690   0.00010  
 17 12090.0738  14773.767637  x:  0.09823   0.06453   0.11241   0.29875   0.16120   0.09233   0.02399   0.00000   0.01261   0.00471   0.00777   0.00098   0.01066   0.00287   0.01329   0.00823   0.08507   0.01441   0.00188   0.00579   0.01123   0.00050   0.00745   0.00556   0.01977   0.01563   0.03579   0.01998   0.03599   0.00483   0.01745   0.01025   0.00178   0.00858   0.01734   0.00952   0.00761   0.01388   0.04944   0.02921   0.00000   0.00278   1.33103   0.99841   0.96125   0.73920   1.31729   0.11918   0.00010  
 18 6727.8312  14758.750640  x:  0.10023   0.06894   0.12023   0.30645   0.17181   0.09435   0.02415   0.00000   0.01295   0.00527   0.01122   0.00137   0.01203   0.00263   0.01384   0.00759   0.09363   0.01503   0.00212   0.00394   0.01165   0.00043   0.00401   0.00437   0.02130   0.01663   0.03549   0.02731   0.03607   0.00379   0.01808   0.01400   0.00221   0.00763   0.01695   0.00975   0.00332   0.01330   0.05077   0.03025   0.00000   0.00521   1.37389   1.01500   0.95996   0.75683   1.33426   0.10566   0.00010  
 19 9678.2798  14751.234633  x:  0.10156   0.07138   0.12483   0.31140   0.17830   0.09569   0.02367   0.00000   0.01269   0.00564   0.01197   0.00175   0.01241   0.00298   0.01397   0.00563   0.09690   0.01501   0.00229   0.00620   0.01163   0.00312   0.00388   0.00476   0.02196   0.01683   0.03468   0.03067   0.03572   0.00243   0.01795   0.01448   0.00186   0.00679   0.01670   0.00803   0.00263   0.01105   0.05121   0.02995   0.00000   0.00407   1.40214   1.02595   0.95932   0.76802   1.34541   0.09680   0.00010  
 20 10495.8215  14740.963682  x:  0.10315   0.07342   0.12975   0.31732   0.18566   0.09730   0.02290   0.00000   0.01215   0.00615   0.01169   0.00231   0.01253   0.00306   0.01326   0.00352   0.09940   0.01478   0.00254   0.00472   0.01135   0.00406   0.00589   0.00569   0.02242   0.01681   0.03314   0.03316   0.03460   0.00487   0.01759   0.01337   0.00134   0.00605   0.01640   0.00635   0.00558   0.00815   0.05114   0.02916   0.00000   0.00403   1.43717   1.03950   0.95877   0.78143   1.35920   0.08589   0.00010  
 21 12825.5757  14723.545546  x:  0.10517   0.07367   0.13497   0.32530   0.19463   0.09934   0.02128   0.00000   0.01127   0.00688   0.01025   0.00315   0.01254   0.00248   0.01226   0.00643   0.10200   0.01432   0.00289   0.00489   0.01081   0.00181   0.00563   0.00611   0.02231   0.01647   0.03012   0.03342   0.03117   0.00167   0.01680   0.00964   0.00170   0.00635   0.01592   0.00673   0.01283   0.00601   0.04955   0.02779   0.00000   0.00420   1.48782   1.05902   0.95850   0.79990   1.37908   0.07022   0.00010  
 22 11550.6744  14711.624941  x:  0.10617   0.07173   0.13675   0.32990   0.19896   0.10036   0.01990   0.00000   0.01085   0.00715   0.00926   0.00348   0.01255   0.00241   0.01204   0.00689   0.10226   0.01404   0.00302   0.00477   0.01040   0.00303   0.00226   0.00401   0.02164   0.01615   0.02771   0.03152   0.02785   0.00217   0.01613   0.00710   0.00146   0.00698   0.01563   0.00567   0.01635   0.00903   0.04748   0.02709   0.00000   0.00358   1.52033   1.07147   0.95883   0.81090   1.39177   0.06028   0.00010  
 23 11782.9971  14698.471158  x:  0.10643   0.06607   0.13548   0.33316   0.20035   0.10064   0.01864   0.00000   0.01090   0.00723   0.00959   0.00358   0.01278   0.00233   0.01204   0.00418   0.10058   0.01412   0.00306   0.00517   0.01023   0.00194   0.00365   0.00150   0.02035   0.01630   0.02516   0.02693   0.02336   0.00137   0.01577   0.00825   0.00156   0.00818   0.01547   0.00637   0.01601   0.01029   0.04383   0.02727   0.00000   0.00374   1.55095   1.08298   0.96010   0.81972   1.40359   0.05114   0.00010  
 24 6879.2208  14681.745592  x:  0.10656   0.05630   0.13234   0.33738   0.20113   0.10079   0.01671   0.00000   0.01124   0.00714   0.01050   0.00349   0.01317   0.00198   0.01085   0.00235   0.09664   0.01439   0.00302   0.00465   0.00983   0.00081   0.00398   0.00415   0.01839   0.01673   0.02134   0.01996   0.01644   0.00070   0.01524   0.01061   0.00146   0.00958   0.01523   0.00583   0.01363   0.01179   0.03791   0.02794   0.00000   0.00347   1.59504   1.09944   0.96238   0.83166   1.42056   0.03808   0.00010  
 25 29495.9581  14665.531278  x:  0.10651   0.04622   0.12862   0.34117   0.20123   0.10076   0.01502   0.00000   0.01164   0.00695   0.01132   0.00330   0.01346   0.00194   0.01040   0.00445   0.09173   0.01471   0.00295   0.00414   0.00961   0.00114   0.00438   0.00415   0.01650   0.01730   0.01780   0.01325   0.01032   0.00173   0.01473   0.01268   0.00120   0.01074   0.01504   0.00507   0.00990   0.01002   0.03209   0.02872   0.00000   0.00321   1.63757   1.11525   0.96486   0.84274   1.43687   0.02555   0.00010  
 26 42420.8038  14613.937988  x:  0.10342   0.01157   0.10903   0.34420   0.19000   0.09771   0.01674   0.00000   0.01329   0.00530   0.01234   0.00151   0.01312   0.00197   0.01075   0.00442   0.07553   0.01566   0.00217   0.00432   0.00999   0.00121   0.00454   0.00431   0.01600   0.01954   0.01686   0.01529   0.01852   0.00191   0.01348   0.01144   0.00123   0.01026   0.01541   0.00533   0.00919   0.00970   0.02107   0.03122   0.00000   0.00329   1.72613   1.14665   0.97444   0.85927   1.47062   0.00010   0.00010  
 27 5853.6255  14585.651163  x:  0.10066   0.00000   0.09414   0.34317   0.17819   0.09499   0.01869   0.00000   0.01326   0.00477   0.01139   0.00112   0.01265   0.00196   0.01093   0.00434   0.06632   0.01559   0.00195   0.00443   0.01014   0.00119   0.00432   0.00418   0.01834   0.02024   0.02284   0.01540   0.01377   0.00185   0.01284   0.01157   0.00122   0.00749   0.01546   0.00553   0.00969   0.00974   0.03376   0.03093   0.00000   0.00322   1.78103   1.16429   0.98337   0.86583   1.49164   0.00010   0.00010  
 28 4182.5301  14495.175226  x:  0.09142   0.02739   0.03990   0.33111   0.12464   0.08587   0.02073   0.00000   0.00738   0.00427   0.01775   0.00202   0.01595   0.00180   0.00863   0.00573   0.04906   0.01006   0.00183   0.00473   0.00753   0.00181   0.00347   0.00416   0.01332   0.01461   0.03342   0.00782   0.02142   0.00163   0.00627   0.01862   0.00106   0.00407   0.01442   0.00469   0.01394   0.01066   0.03842   0.01836   0.00000   0.00330   1.97545   1.22086   1.02428   0.87730   1.56641   0.00010   0.00010  
 29 4353.3124  14468.208341  x:  0.08723   0.03419   0.02461   0.32229   0.10161   0.08171   0.01842   0.00000   0.00773   0.00327   0.01574   0.00109   0.01476   0.00195   0.00826   0.00505   0.03869   0.00944   0.00138   0.00512   0.00683   0.00188   0.00390   0.00438   0.01383   0.01111   0.03261   0.01573   0.01461   0.00186   0.00763   0.01546   0.00116   0.01008   0.01455   0.00524   0.01315   0.01040   0.03491   0.01839   0.00000   0.00403   2.02501   1.23217   1.04045   0.87204   1.58540   0.00010   0.00010  
 30 7888.8279  14406.173563  x:  0.07721   0.03836   0.03823   0.30257   0.06451   0.07178   0.01706   0.00000   0.00261   0.00263   0.01178   0.00169   0.01123   0.00170   0.00607   0.00424   0.03287   0.00391   0.00116   0.00484   0.00455   0.00078   0.00499   0.00432   0.02502   0.00131   0.03047   0.01513   0.01221   0.00194   0.01006   0.00813   0.00104   0.00339   0.01597   0.00533   0.00779   0.01037   0.03072   0.00707   0.00000   0.00405   2.13353   1.25373   1.07617   0.86129   1.62772   0.00010   0.00010  
 31 4675.9001  14375.805858  x:  0.07491   0.03771   0.04628   0.29038   0.05728   0.06950   0.01562   0.00000   0.00129   0.00213   0.00928   0.00163   0.01169   0.00185   0.00557   0.00450   0.02280   0.00299   0.00097   0.00512   0.00377   0.00127   0.00443   0.00439   0.02125   0.00378   0.02750   0.01690   0.01276   0.00203   0.00157   0.01270   0.00107   0.00645   0.01454   0.00552   0.00998   0.01049   0.03247   0.00414   0.00000   0.00454   2.17148   1.25678   1.09399   0.85004   1.64293   0.00010   0.00010  
 32 3993.7679  14345.877515  x:  0.07439   0.03611   0.05247   0.27436   0.05535   0.06902   0.01366   0.00000   0.00045   0.00129   0.00946   0.00116   0.01401   0.00216   0.00627   0.00511   0.00575   0.00168   0.00063   0.00585   0.00376   0.00220   0.00354   0.00458   0.01270   0.00000   0.02266   0.01926   0.01327   0.00199   0.00523   0.01918   0.00125   0.00466   0.01222   0.00649   0.01478   0.01117   0.03478   0.00194   0.00000   0.00539   2.21011   1.25670   1.11588   0.83311   1.65878   0.00010   0.00010  
 33 7771.2513  14340.825295  x:  0.07450   0.03600   0.05315   0.27095   0.05502   0.06914   0.01314   0.00000   0.00051   0.00110   0.01003   0.00102   0.01452   0.00225   0.00678   0.00518   0.00183   0.00182   0.00055   0.00607   0.00413   0.00233   0.00345   0.00462   0.01162   0.00068   0.02141   0.01985   0.01271   0.00199   0.00548   0.01983   0.00133   0.00264   0.01190   0.00694   0.01584   0.01146   0.03460   0.00203   0.00000   0.00562   2.21675   1.25618   1.12036   0.82912   1.66157   0.00010   0.00010  
 34 14466.7222  14336.642349  x:  0.07522   0.03590   0.05257   0.26897   0.05689   0.06986   0.01337   0.00000   0.00034   0.00102   0.01089   0.00099   0.01462   0.00224   0.00674   0.00514   0.00042   0.00164   0.00051   0.00611   0.00405   0.00232   0.00352   0.00463   0.01270   0.00057   0.02115   0.01966   0.01256   0.00200   0.00511   0.01927   0.00134   0.00264   0.01231   0.00703   0.01582   0.01154   0.03444   0.00162   0.00000   0.00560   2.22109   1.25570   1.12313   0.82667   1.66345   0.00010   0.00010  
 35 2970.5609  14332.244018  x:  0.07603   0.03569   0.05167   0.26711   0.05915   0.07068   0.01347   0.00097   0.00000   0.00100   0.01076   0.00105   0.01440   0.00222   0.00663   0.00504   0.00051   0.00137   0.00051   0.00608   0.00395   0.00218   0.00368   0.00465   0.01264   0.00053   0.02056   0.01967   0.01246   0.00202   0.00461   0.01833   0.00134   0.00205   0.01259   0.00709   0.01522   0.01154   0.03449   0.00092   0.00000   0.00555   2.22624   1.25552   1.12593   0.82437   1.66562   0.00010   0.00010  
 36 7091.1542  14331.081633  x:  0.07639   0.03559   0.05134   0.26646   0.05991   0.07104   0.01342   0.00029   0.00000   0.00100   0.01065   0.00108   0.01431   0.00221   0.00658   0.00501   0.00072   0.00128   0.00051   0.00606   0.00392   0.00212   0.00375   0.00465   0.01252   0.00053   0.02024   0.01968   0.01246   0.00203   0.00443   0.01794   0.00134   0.00181   0.01258   0.00710   0.01494   0.01153   0.03458   0.00067   0.00000   0.00554   2.22826   1.25549   1.12701   0.82345   1.66647   0.00010   0.00010  
 37 4826.1978  14330.432452  x:  0.07664   0.03553   0.05119   0.26609   0.06026   0.07129   0.01334   0.00000   0.00048   0.00099   0.01065   0.00109   0.01429   0.00221   0.00656   0.00499   0.00081   0.00124   0.00051   0.00606   0.00390   0.00209   0.00379   0.00466   0.01251   0.00054   0.02000   0.01967   0.01250   0.00204   0.00435   0.01773   0.00134   0.00173   0.01251   0.00711   0.01480   0.01153   0.03467   0.00056   0.00000   0.00554   2.22944   1.25547   1.12768   0.82283   1.66697   0.00010   0.00010  
 38 4763.1825  14324.284151  x:  0.08193   0.03439   0.05057   0.26128   0.06096   0.07659   0.01038   0.00013   0.00034   0.00088   0.01273   0.00095   0.01496   0.00219   0.00653   0.00487   0.00102   0.00134   0.00045   0.00609   0.00388   0.00190   0.00424   0.00478   0.01445   0.00065   0.01471   0.01903   0.01435   0.00213   0.00423   0.01569   0.00138   0.00263   0.00969   0.00730   0.01385   0.01163   0.03750   0.00083   0.00000   0.00572   2.24712   1.25524   1.13888   0.81021   1.67487   0.00010   0.00010  
 39 1829.6444  14319.630380  x:  0.08451   0.03410   0.05118   0.25939   0.06131   0.07918   0.01117   0.00000   0.00048   0.00090   0.01303   0.00096   0.01504   0.00218   0.00654   0.00487   0.00111   0.00136   0.00046   0.00611   0.00388   0.00190   0.00426   0.00479   0.01422   0.00066   0.01502   0.01910   0.01416   0.00213   0.00423   0.01554   0.00137   0.00280   0.01107   0.00731   0.01387   0.01165   0.03741   0.00090   0.00000   0.00562   2.25690   1.25529   1.14455   0.80385   1.67929   0.00010   0.00010  
 40 2546.9844  14319.630380  x:  0.08451   0.03410   0.05118   0.25939   0.06131   0.07918   0.01117   0.00000   0.00048   0.00090   0.01303   0.00096   0.01504   0.00218   0.00654   0.00487   0.00111   0.00136   0.00046   0.00611   0.00388   0.00190   0.00426   0.00479   0.01422   0.00066   0.01502   0.01910   0.01416   0.00213   0.00423   0.01554   0.00137   0.00280   0.01107   0.00731   0.01387   0.01165   0.03741   0.00090   0.00000   0.00562   2.25690   1.25529   1.14455   0.80385   1.67929   0.00010   0.00010  
 41 3548.9549  14265.567773  x:  0.08522   0.03566   0.05331   0.25992   0.06454   0.07988   0.01309   0.00087   0.00135   0.00007   0.01155   0.00199   0.01405   0.00798   0.00601   0.00693   0.00173   0.00441   0.00186   0.01095   0.00507   0.00096   0.00614   0.00663   0.01577   0.00457   0.01654   0.02091   0.01522   0.01095   0.00417   0.01425   0.01038   0.00420   0.01229   0.00934   0.01154   0.01369   0.03751   0.00481   0.00000   0.01238   2.25730   1.25497   1.14433   0.80432   1.67969   0.00010   0.00010  
 42 8999.9620  14261.409290  x:  0.08550   0.03629   0.05416   0.26015   0.06583   0.08017   0.01368   0.00075   0.00124   0.00355   0.01097   0.00207   0.01366   0.00935   0.00587   0.00753   0.00176   0.00497   0.00188   0.01238   0.00540   0.00070   0.00670   0.00718   0.01632   0.00542   0.01707   0.02159   0.01559   0.01308   0.00412   0.01373   0.01244   0.00453   0.01273   0.01002   0.01060   0.01442   0.03755   0.00549   0.00000   0.01440   2.25747   1.25485   1.14424   0.80450   1.67985   0.00010   0.00010  
 43 18185.6556  14251.633121  x:  0.08582   0.03693   0.05505   0.26040   0.06718   0.08048   0.01397   0.00000   0.00048   0.00347   0.01040   0.00166   0.01327   0.00934   0.00583   0.00777   0.00149   0.00458   0.00114   0.01301   0.00548   0.00075   0.00694   0.00739   0.01676   0.00524   0.01746   0.02223   0.01586   0.01326   0.00406   0.01317   0.01240   0.00448   0.01308   0.01049   0.00962   0.01500   0.03761   0.00493   0.00000   0.01538   2.25765   1.25473   1.14414   0.80469   1.68002   0.00010   0.00010  
 44 4242.1157  14238.315722  x:  0.08651   0.03827   0.05694   0.26097   0.07005   0.08117   0.01447   0.00078   0.00122   0.00335   0.00925   0.00109   0.01249   0.00907   0.00582   0.00812   0.00125   0.00368   0.00007   0.01407   0.00556   0.00073   0.00729   0.00770   0.01763   0.00468   0.01822   0.02352   0.01639   0.01324   0.00395   0.01202   0.01189   0.00433   0.01374   0.01135   0.00754   0.01610   0.03772   0.00358   0.00000   0.01709   2.25805   1.25445   1.14393   0.80512   1.68039   0.00010   0.00010  
 45 11222.5974  14221.992764  x:  0.08777   0.04072   0.06038   0.26200   0.07528   0.08243   0.01535   0.00182   0.00217   0.00315   0.00715   0.00013   0.01106   0.00847   0.00581   0.00872   0.00082   0.00198   0.00075   0.01593   0.00569   0.00075   0.00790   0.00822   0.01918   0.00355   0.01960   0.02585   0.01733   0.01304   0.00376   0.00991   0.01078   0.00404   0.01492   0.01288   0.00377   0.01808   0.03793   0.00105   0.00000   0.02011   2.25879   1.25395   1.14354   0.80589   1.68108   0.00010   0.00010  
 46 49620.2594  14218.229633  x:  0.08819   0.04151   0.06151   0.26235   0.07700   0.08285   0.01560   0.00204   0.00236   0.00309   0.00651   0.00090   0.01062   0.00823   0.00582   0.00888   0.00081   0.00153   0.00089   0.01647   0.00572   0.00076   0.00806   0.00836   0.01967   0.00316   0.02003   0.02660   0.01763   0.01288   0.00371   0.00925   0.01033   0.00394   0.01528   0.01334   0.00260   0.01869   0.03801   0.00044   0.00000   0.02101   2.25904   1.25378   1.14341   0.80615   1.68131   0.00010   0.00010  
 47 26952.8448  14211.697674  x:  0.08901   0.04302   0.06370   0.26305   0.08033   0.08368   0.01594   0.00242   0.00262   0.00300   0.00545   0.00140   0.00984   0.00753   0.00590   0.00904   0.00119   0.00118   0.00108   0.01721   0.00569   0.00083   0.00821   0.00849   0.02051   0.00226   0.02080   0.02797   0.01812   0.01216   0.00368   0.00809   0.00902   0.00375   0.01587   0.01409   0.00074   0.01973   0.03815   0.00193   0.00000   0.02239   2.25954   1.25345   1.14314   0.80667   1.68177   0.00010   0.00010  
 48 11901.2920  14200.109272  x:  0.09125   0.04684   0.06940   0.26502   0.08905   0.08592   0.01644   0.00334   0.00278   0.00280   0.00395   0.00193   0.00827   0.00626   0.00625   0.00915   0.00223   0.00484   0.00139   0.01861   0.00554   0.00090   0.00818   0.00854   0.02231   0.00077   0.02260   0.03123   0.01916   0.01044   0.00386   0.00593   0.00601   0.00372   0.01702   0.01553   0.00329   0.02203   0.03859   0.00262   0.00000   0.02540   2.26098   1.25252   1.14241   0.80810   1.68307   0.00010   0.00010  
 49 6088.6327  14188.789605  x:  0.09481   0.05174   0.07753   0.26845   0.10170   0.08947   0.01555   0.00448   0.00250   0.00274   0.00832   0.00232   0.00853   0.00670   0.00703   0.00812   0.00124   0.00486   0.00161   0.01820   0.00518   0.00210   0.00666   0.00762   0.02347   0.00632   0.02438   0.03475   0.01971   0.00786   0.00455   0.00836   0.00383   0.00473   0.01713   0.01567   0.00448   0.02315   0.03921   0.00334   0.00000   0.02691   2.26354   1.25097   1.14113   0.81053   1.68535   0.00010   0.00010  
 50 3227.6022  14182.999801  x:  0.09623   0.05321   0.08041   0.26998   0.10631   0.09089   0.01474   0.00471   0.00205   0.00273   0.00901   0.00227   0.00938   0.00695   0.00691   0.00773   0.00211   0.00434   0.00159   0.01728   0.00521   0.00024   0.00634   0.00722   0.02330   0.00604   0.02436   0.03546   0.01963   0.00741   0.00448   0.00954   0.00500   0.00464   0.01669   0.01508   0.00472   0.02277   0.03943   0.00328   0.00000   0.02645   2.26474   1.25031   1.14056   0.81157   1.68637   0.00010   0.00010  
 51 2963.2220  14175.684142  x:  0.09986   0.05643   0.08743   0.27411   0.11769   0.09453   0.01240   0.00556   0.00100   0.00288   0.00960   0.00211   0.01190   0.00780   0.00619   0.00701   0.00391   0.00320   0.00153   0.01449   0.00550   0.00238   0.00627   0.00649   0.02223   0.00325   0.02362   0.03659   0.01915   0.00753   0.00405   0.01224   0.00905   0.00408   0.01514   0.01307   0.00525   0.02107   0.03994   0.00311   0.00000   0.02446   2.26802   1.24855   1.13902   0.81435   1.68914   0.00010   0.00010  
 52 6205.8704  14171.193457  x:  0.10159   0.05694   0.09010   0.27653   0.12243   0.09625   0.01158   0.00623   0.00048   0.00293   0.00936   0.00227   0.01240   0.00807   0.00596   0.00762   0.00101   0.00387   0.00157   0.01340   0.00551   0.00196   0.00675   0.00719   0.02105   0.00211   0.02265   0.03596   0.01855   0.00944   0.00424   0.01249   0.00884   0.00446   0.01428   0.01186   0.00489   0.01940   0.04007   0.00339   0.00000   0.02264   2.27011   1.24755   1.13809   0.81595   1.69083   0.00010   0.00010  
 53 1928.8979  14169.160316  x:  0.10242   0.05655   0.09100   0.27799   0.12434   0.09708   0.01162   0.00652   0.00000   0.00294   0.00906   0.00216   0.01220   0.00816   0.00601   0.00806   0.00178   0.00409   0.00152   0.01336   0.00547   0.00194   0.00695   0.00765   0.02029   0.00265   0.02201   0.03503   0.01815   0.01061   0.00430   0.01207   0.00802   0.00463   0.01401   0.01145   0.00454   0.01839   0.04006   0.00317   0.00000   0.02158   2.27148   1.24695   1.13751   0.81690   1.69192   0.00010   0.00010  
 54 1501.3663  14160.388801  x:  0.10415   0.05408   0.09198   0.28205   0.12758   0.09881   0.01322   0.00058   0.00000   0.00295   0.00802   0.00225   0.01142   0.00829   0.00626   0.00748   0.00132   0.00315   0.00153   0.01471   0.00568   0.00186   0.00664   0.00685   0.01898   0.00382   0.02065   0.03181   0.01750   0.01067   0.00346   0.01056   0.00841   0.00341   0.01434   0.01194   0.00571   0.01719   0.03989   0.00342   0.00000   0.01994   2.27564   1.24527   1.13581   0.81955   1.69514   0.00010   0.00010  
 55 1102.6479  14159.398952  x:  0.10459   0.05291   0.09195   0.28348   0.12822   0.09925   0.01372   0.00018   0.00000   0.00294   0.00816   0.00223   0.01136   0.00828   0.00621   0.00745   0.00136   0.00326   0.00153   0.01488   0.00560   0.00191   0.00675   0.00691   0.01902   0.00359   0.02045   0.03087   0.01753   0.01015   0.00420   0.01056   0.00875   0.00445   0.01453   0.01220   0.00557   0.01740   0.03981   0.00338   0.00000   0.01978   2.27725   1.24465   1.13517   0.82052   1.69639   0.00010   0.00010  
 56 936.9161  14158.490644  x:  0.10494   0.05202   0.09196   0.28460   0.12875   0.09960   0.01411   0.00000   0.00041   0.00293   0.00823   0.00222   0.01130   0.00828   0.00619   0.00743   0.00137   0.00331   0.00153   0.01503   0.00556   0.00194   0.00683   0.00693   0.01902   0.00346   0.02028   0.03013   0.01753   0.00979   0.00466   0.01052   0.00898   0.00509   0.01466   0.01240   0.00550   0.01752   0.03975   0.00335   0.00000   0.01963   2.27850   1.24417   1.13468   0.82126   1.69735   0.00010   0.00010  
 57 17247.5994  14154.695483  x:  0.10663   0.04691   0.09159   0.29087   0.13115   0.10129   0.01530   0.00036   0.00000   0.00291   0.00921   0.00219   0.01136   0.00835   0.00607   0.00802   0.00138   0.00431   0.00153   0.01500   0.00541   0.00196   0.00707   0.00774   0.01970   0.00317   0.02022   0.02722   0.01783   0.00903   0.00376   0.01110   0.00917   0.00418   0.01497   0.01287   0.00479   0.01863   0.03946   0.00322   0.00000   0.01948   2.28585   1.24139   1.13183   0.82550   1.70300   0.00010   0.00010  
 58 1705.6825  14154.695483  x:  0.10663   0.04691   0.09159   0.29087   0.13115   0.10129   0.01530   0.00036   0.00000   0.00291   0.00921   0.00219   0.01136   0.00835   0.00607   0.00802   0.00138   0.00431   0.00153   0.01500   0.00541   0.00196   0.00707   0.00774   0.01970   0.00317   0.02022   0.02722   0.01783   0.00903   0.00376   0.01110   0.00917   0.00418   0.01497   0.01287   0.00479   0.01863   0.03946   0.00322   0.00000   0.01948   2.28585   1.24139   1.13183   0.82550   1.70300   0.00010   0.00010  
 59 2554.4086  14151.719909  x:  0.10665   0.04694   0.09167   0.29102   0.13131   0.10131   0.01527   0.00157   0.00111   0.00151   0.00872   0.00144   0.01117   0.00799   0.00608   0.00807   0.00132   0.00361   0.00048   0.01508   0.00543   0.00111   0.00709   0.00774   0.01985   0.00281   0.02039   0.02755   0.01792   0.00900   0.00389   0.01075   0.00855   0.00413   0.01505   0.01294   0.00423   0.01877   0.03947   0.00253   0.00000   0.01967   2.28608   1.24131   1.13175   0.82561   1.70317   0.00010   0.00010  
 60 2446.3622  14149.778295  x:  0.10667   0.04697   0.09174   0.29115   0.13146   0.10133   0.01524   0.00133   0.00078   0.00040   0.00831   0.00104   0.01101   0.00769   0.00609   0.00811   0.00132   0.00309   0.00049   0.01514   0.00544   0.00064   0.00711   0.00774   0.01998   0.00255   0.02054   0.02784   0.01799   0.00897   0.00397   0.01044   0.00802   0.00409   0.01512   0.01301   0.00377   0.01890   0.03947   0.00206   0.00000   0.01984   2.28629   1.24124   1.13167   0.82571   1.70333   0.00010   0.00010  
 61 2686.8471  14148.488353  x:  0.10671   0.04703   0.09189   0.29145   0.13179   0.10137   0.01517   0.00121   0.00046   0.00083   0.00750   0.00086   0.01069   0.00710   0.00611   0.00818   0.00130   0.00221   0.00029   0.01527   0.00546   0.00072   0.00719   0.00774   0.02024   0.00215   0.02087   0.02848   0.01815   0.00891   0.00411   0.00981   0.00695   0.00404   0.01527   0.01315   0.00293   0.01916   0.03949   0.00143   0.00000   0.02020   2.28677   1.24107   1.13151   0.82593   1.70370   0.00010   0.00010  
 62 1583.3413  14148.063637  x:  0.10673   0.04707   0.09198   0.29163   0.13198   0.10140   0.01513   0.00138   0.00051   0.00087   0.00708   0.00098   0.01052   0.00682   0.00612   0.00821   0.00130   0.00196   0.00067   0.01535   0.00547   0.00082   0.00723   0.00774   0.02039   0.00198   0.02105   0.02883   0.01824   0.00888   0.00417   0.00949   0.00640   0.00401   0.01534   0.01322   0.00260   0.01931   0.03950   0.00140   0.00000   0.02040   2.28704   1.24098   1.13141   0.82606   1.70391   0.00010   0.00010  
 63 2773.0223  14147.273241  x:  0.10679   0.04714   0.09218   0.29203   0.13242   0.10145   0.01504   0.00152   0.00032   0.00067   0.00633   0.00147   0.01018   0.00635   0.00616   0.00827   0.00131   0.00212   0.00047   0.01549   0.00548   0.00109   0.00728   0.00774   0.02069   0.00181   0.02146   0.02961   0.01843   0.00880   0.00423   0.00888   0.00540   0.00399   0.01549   0.01338   0.00228   0.01963   0.03953   0.00197   0.00000   0.02082   2.28769   1.24075   1.13118   0.82637   1.70441   0.00010   0.00010  
 64 1988.8701  14146.598617  x:  0.10686   0.04725   0.09247   0.29263   0.13306   0.10152   0.01488   0.00176   0.00004   0.00088   0.00580   0.00104   0.00984   0.00610   0.00620   0.00831   0.00132   0.00280   0.00057   0.01565   0.00548   0.00077   0.00726   0.00774   0.02108   0.00187   0.02198   0.03065   0.01866   0.00870   0.00420   0.00836   0.00476   0.00402   0.01566   0.01355   0.00275   0.02003   0.03957   0.00207   0.00000   0.02137   2.28865   1.24042   1.13085   0.82682   1.70515   0.00010   0.00010  
 65 1142.0130  14146.484929  x:  0.10687   0.04726   0.09251   0.29271   0.13315   0.10153   0.01486   0.00179   0.00000   0.00087   0.00579   0.00106   0.00982   0.00611   0.00621   0.00831   0.00131   0.00280   0.00057   0.01566   0.00548   0.00080   0.00726   0.00774   0.02112   0.00189   0.02203   0.03076   0.01868   0.00869   0.00419   0.00833   0.00477   0.00403   0.01568   0.01357   0.00280   0.02007   0.03957   0.00203   0.00000   0.02143   2.28878   1.24038   1.13080   0.82688   1.70525   0.00010   0.00010  
 66 1199.6806  14144.961580  x:  0.10705   0.04751   0.09326   0.29438   0.13488   0.10172   0.01440   0.00117   0.00000   0.00099   0.00611   0.00142   0.00953   0.00656   0.00631   0.00830   0.00137   0.00244   0.00055   0.01588   0.00546   0.00025   0.00719   0.00772   0.02179   0.00192   0.02299   0.03302   0.01909   0.00856   0.00406   0.00828   0.00546   0.00409   0.01591   0.01383   0.00285   0.02074   0.03966   0.00222   0.00000   0.02254   2.29151   1.23945   1.12986   0.82814   1.70734   0.00010   0.00010  
 67 1957.0487  14143.830549  x:  0.10719   0.04767   0.09379   0.29558   0.13612   0.10185   0.01408   0.00044   0.00000   0.00098   0.00642   0.00096   0.00944   0.00688   0.00637   0.00828   0.00141   0.00229   0.00058   0.01599   0.00545   0.00049   0.00715   0.00771   0.02219   0.00174   0.02356   0.03450   0.01932   0.00853   0.00402   0.00840   0.00595   0.00409   0.01603   0.01397   0.00259   0.02112   0.03971   0.00265   0.00000   0.02325   2.29350   1.23878   1.12917   0.82904   1.70887   0.00010   0.00010  
 68 6142.0080  14142.992008  x:  0.10742   0.04792   0.09471   0.29780   0.13835   0.10208   0.01353   0.00111   0.00000   0.00100   0.00691   0.00068   0.00956   0.00724   0.00639   0.00823   0.00133   0.00242   0.00060   0.01608   0.00545   0.00062   0.00713   0.00769   0.02267   0.00134   0.02428   0.03678   0.01957   0.00859   0.00406   0.00886   0.00646   0.00403   0.01613   0.01410   0.00204   0.02156   0.03980   0.00289   0.00000   0.02427   2.29721   1.23755   1.12790   0.83070   1.71171   0.00010   0.00010  
 69 2499.3148  14141.249025  x:  0.10775   0.04813   0.09597   0.30138   0.14172   0.10241   0.01286   0.00080   0.00000   0.00098   0.00738   0.00108   0.01088   0.00688   0.00614   0.00813   0.00122   0.00340   0.00060   0.01572   0.00553   0.00059   0.00719   0.00768   0.02238   0.00056   0.02402   0.03845   0.01919   0.00919   0.00456   0.01043   0.00581   0.00371   0.01574   0.01375   0.00162   0.02112   0.03990   0.00214   0.00000   0.02467   2.30342   1.23558   1.12583   0.83333   1.71641   0.00010   0.00010  
 70 1915.7820  14138.634047  x:  0.10832   0.04841   0.09819   0.30805   0.14789   0.10299   0.01184   0.00075   0.00000   0.00098   0.00770   0.00096   0.01302   0.00591   0.00567   0.00803   0.00155   0.00293   0.00059   0.01502   0.00562   0.00048   0.00724   0.00770   0.02161   0.00228   0.02326   0.04088   0.01836   0.01006   0.00513   0.01271   0.00437   0.00348   0.01499   0.01305   0.00174   0.02007   0.04006   0.00231   0.00000   0.02504   2.31516   1.23190   1.12193   0.83821   1.72527   0.00010   0.00010  
 71 5488.7896  14136.370325  x:  0.10873   0.04841   0.09974   0.31347   0.15267   0.10339   0.01156   0.00088   0.00000   0.00097   0.00709   0.00088   0.01370   0.00538   0.00553   0.00809   0.00096   0.00183   0.00057   0.01464   0.00556   0.00055   0.00736   0.00769   0.02076   0.00135   0.02216   0.04164   0.01775   0.01002   0.00467   0.01300   0.00432   0.00411   0.01458   0.01261   0.00323   0.01915   0.04013   0.00286   0.00000   0.02483   2.32506   1.22888   1.11871   0.84215   1.73270   0.00010   0.00010  
 72 3785.6085  14132.467400  x:  0.10936   0.04796   0.10227   0.32403   0.16150   0.10402   0.01194   0.00097   0.00000   0.00094   0.00535   0.00087   0.01347   0.00535   0.00566   0.00835   0.00317   0.00204   0.00056   0.01427   0.00534   0.00060   0.00744   0.00766   0.01894   0.00097   0.01961   0.04104   0.01676   0.00899   0.00317   0.01143   0.00560   0.00498   0.01418   0.01203   0.00304   0.01727   0.04012   0.00267   0.00000   0.02354   2.34504   1.22296   1.11232   0.84979   1.74762   0.00010   0.00010  
 73 5583.7895  14127.371965  x:  0.10985   0.04706   0.10436   0.33481   0.17008   0.10451   0.01295   0.00076   0.00000   0.00096   0.00492   0.00089   0.01216   0.00618   0.00604   0.00849   0.00101   0.00283   0.00058   0.01426   0.00524   0.00047   0.00734   0.00763   0.01745   0.00206   0.01735   0.03883   0.01616   0.00789   0.00345   0.00881   0.00636   0.00480   0.01417   0.01184   0.00182   0.01586   0.03997   0.00237   0.00000   0.02171   2.36626   1.21683   1.10566   0.85758   1.76341   0.00010   0.00010  
 74 7689.5450  14123.411352  x:  0.11002   0.04564   0.10550   0.34438   0.17705   0.10468   0.01431   0.00085   0.00000   0.00095   0.00696   0.00088   0.01012   0.00702   0.00639   0.00831   0.00189   0.00243   0.00057   0.01476   0.00545   0.00053   0.00719   0.00758   0.01737   0.00153   0.01682   0.03532   0.01646   0.00800   0.00530   0.00699   0.00548   0.00312   0.01472   0.01233   0.00253   0.01622   0.03969   0.00254   0.00000   0.01994   2.38642   1.21124   1.09952   0.86448   1.77833   0.00010   0.00010  
 75 5541.8183  14118.009746  x:  0.10961   0.04242   0.10525   0.35638   0.18430   0.10428   0.01651   0.00078   0.00000   0.00093   0.00767   0.00095   0.00799   0.00644   0.00608   0.00781   0.00172   0.00256   0.00056   0.01579   0.00555   0.00051   0.00700   0.00756   0.01948   0.00163   0.01927   0.02806   0.01792   0.00957   0.00385   0.00887   0.00455   0.00519   0.01583   0.01361   0.00210   0.01893   0.03904   0.00234   0.00000   0.01769   2.41501   1.20384   1.09127   0.87308   1.79929   0.00010   0.00010  
 76 4145.6085  14115.225363  x:  0.10894   0.04004   0.10381   0.36137   0.18608   0.10360   0.01717   0.00078   0.00000   0.00093   0.00575   0.00092   0.00974   0.00595   0.00599   0.00802   0.00153   0.00246   0.00056   0.01594   0.00529   0.00052   0.00711   0.00760   0.02087   0.00165   0.02119   0.02489   0.01867   0.00922   0.00390   0.00939   0.00572   0.00305   0.01600   0.01395   0.00228   0.02028   0.03868   0.00244   0.00000   0.01760   2.43001   1.20043   1.08736   0.87659   1.81012   0.00010   0.00010  
 77 2866.1889  14111.485051  x:  0.10690   0.03491   0.09868   0.36698   0.18476   0.10156   0.01673   0.00080   0.00000   0.00092   0.00576   0.00088   0.01310   0.00725   0.00625   0.00857   0.00192   0.00240   0.00056   0.01511   0.00534   0.00054   0.00715   0.00765   0.02193   0.00151   0.02306   0.02302   0.01873   0.00715   0.00580   0.00797   0.00522   0.00549   0.01511   0.01329   0.00221   0.02056   0.03815   0.00242   0.00000   0.01918   2.45558   1.19566   1.08163   0.88027   1.82818   0.00010   0.00010  
 78 2086.3422  14102.397594  x:  0.10218   0.02470   0.08644   0.37593   0.17846   0.09685   0.01457   0.00078   0.00000   0.00089   0.00789   0.00087   0.01304   0.00686   0.00603   0.00828   0.00153   0.00234   0.00054   0.01377   0.00547   0.00053   0.00678   0.00751   0.02169   0.00136   0.02355   0.02366   0.01773   0.00715   0.00217   0.00632   0.00405   0.00403   0.01366   0.01181   0.00197   0.01898   0.03734   0.00229   0.00000   0.02195   2.50842   1.18678   1.07071   0.88572   1.86515   0.00010   0.00010  
 79 4411.4280  14095.136730  x:  0.09783   0.01668   0.07506   0.38340   0.17149   0.09250   0.01255   0.00077   0.00000   0.00089   0.00669   0.00088   0.00963   0.00507   0.00548   0.00771   0.00164   0.00247   0.00054   0.01362   0.00519   0.00052   0.00664   0.00733   0.02070   0.00143   0.02260   0.02563   0.01688   0.00860   0.00453   0.00744   0.00571   0.00422   0.01351   0.01135   0.00207   0.01742   0.03675   0.00231   0.00000   0.02356   2.55875   1.17869   1.06070   0.89006   1.90027   0.00010   0.00010  
 80 10656.7899  14088.792305  x:  0.09480   0.01787   0.06736   0.38733   0.16304   0.08946   0.01209   0.00075   0.00000   0.00085   0.00420   0.00083   0.00931   0.00971   0.00647   0.00811   0.00168   0.00206   0.00052   0.01558   0.00526   0.00050   0.00734   0.00741   0.01933   0.00142   0.01987   0.02791   0.01699   0.00819   0.00420   0.01028   0.00376   0.00360   0.01566   0.01345   0.00228   0.01796   0.03666   0.00234   0.00000   0.02222   2.60588   1.17211   1.05256   0.89165   1.93292   0.00010   0.00010  
 81 3720.6967  14071.163890  x:  0.08872   0.03391   0.05354   0.39309   0.13891   0.08339   0.01357   0.00070   0.00000   0.00083   0.00692   0.00082   0.01302   0.00425   0.00753   0.00856   0.00160   0.00234   0.00052   0.01805   0.00505   0.00046   0.00704   0.00730   0.01825   0.00163   0.01571   0.03221   0.01859   0.00611   0.00386   0.00917   0.00472   0.00441   0.01835   0.01677   0.00197   0.02115   0.03692   0.00220   0.00000   0.01738   2.73058   1.15621   1.03302   0.89205   2.01891   0.00010   0.00010  
 82 6303.6899  14058.845225  x:  0.08568   0.04684   0.04862   0.39458   0.12284   0.08034   0.01473   0.00070   0.00000   0.00081   0.00558   0.00077   0.01261   0.00631   0.00297   0.00715   0.00159   0.00220   0.00051   0.01548   0.00501   0.00049   0.00608   0.00688   0.01884   0.00140   0.01799   0.03263   0.01785   0.01008   0.00419   0.00685   0.00515   0.00446   0.01561   0.01457   0.00188   0.02005   0.03696   0.00223   0.00000   0.01681   2.81624   1.14608   1.02080   0.89026   2.07768   0.00010   0.00010  
 83 9155.4607  14051.546503  x:  0.08406   0.05574   0.04740   0.39410   0.11164   0.07873   0.01489   0.00069   0.00000   0.00080   0.00457   0.00075   0.01016   0.00692   0.00790   0.00681   0.00157   0.00211   0.00050   0.01259   0.00505   0.00048   0.00639   0.00686   0.01964   0.00126   0.02100   0.03149   0.01641   0.01120   0.00446   0.00748   0.00509   0.00405   0.01249   0.01138   0.00195   0.01777   0.03677   0.00222   0.00000   0.01822   2.88036   1.13901   1.01246   0.88762   2.12145   0.00010   0.00010  
 84 11924.7283  14044.678303  x:  0.08408   0.05919   0.05023   0.39048   0.10539   0.07874   0.01261   0.00068   0.00000   0.00078   0.00515   0.00079   0.00706   0.00636   0.00573   0.00897   0.00157   0.00213   0.00049   0.01279   0.00477   0.00046   0.00747   0.00739   0.01981   0.00116   0.02242   0.02899   0.01504   0.00644   0.00452   0.00982   0.00444   0.00329   0.01265   0.00982   0.00204   0.01530   0.03611   0.00216   0.00000   0.02164   2.93052   1.13451   1.00763   0.88289   2.15520   0.00010   0.00010  
 85 4779.4344  14028.679936  x:  0.08681   0.05734   0.06287   0.37440   0.09702   0.08148   0.00428   0.00069   0.00000   0.00076   0.00491   0.00079   0.00806   0.00581   0.00641   0.00575   0.00156   0.00209   0.00048   0.01637   0.00625   0.00049   0.00497   0.00630   0.01755   0.00123   0.02039   0.02326   0.01505   0.00829   0.00435   0.00846   0.00476   0.00364   0.01650   0.01284   0.00203   0.01290   0.03394   0.00210   0.00000   0.03003   3.05262   1.12587   0.99972   0.86554   2.23623   0.00010   0.00010  
 86 5148.6817  14009.420509  x:  0.09164   0.04895   0.07855   0.34950   0.09100   0.08631   0.00861   0.00061   0.00000   0.00074   0.00551   0.00069   0.00907   0.00554   0.00636   0.00855   0.00148   0.00223   0.00049   0.01604   0.00254   0.00032   0.01002   0.00755   0.01492   0.00170   0.01466   0.02197   0.01591   0.01252   0.00416   0.00739   0.00498   0.00406   0.01623   0.01402   0.00185   0.01661   0.03225   0.00204   0.00000   0.03706   3.21134   1.11593   0.99164   0.83993   2.34076   0.00010   0.00010  
 87 11645.7265  13997.699014  x:  0.09602   0.04039   0.09016   0.32680   0.08881   0.09068   0.01341   0.00059   0.00000   0.00073   0.00485   0.00066   0.00895   0.00517   0.00573   0.00937   0.00141   0.00224   0.00048   0.01403   0.01116   0.00029   0.01015   0.00767   0.01468   0.00182   0.01152   0.02371   0.01652   0.01199   0.00408   0.00790   0.00548   0.00390   0.01415   0.01362   0.00177   0.02006   0.03214   0.00204   0.00000   0.03635   3.34594   1.10809   0.98581   0.81705   2.42891   0.00010   0.00010  
 88 20175.7668  13970.646306  x:  0.10231   0.02704   0.10356   0.29180   0.09063   0.09698   0.01667   0.00061   0.00000   0.00069   0.00423   0.00069   0.00875   0.00537   0.00554   0.00550   0.00148   0.00191   0.00045   0.01181   0.00737   0.00046   0.00340   0.00563   0.01585   0.00126   0.01433   0.02947   0.01615   0.00708   0.00417   0.00907   0.00438   0.00344   0.01174   0.01221   0.00166   0.02089   0.03409   0.00198   0.00000   0.02298   3.53956   1.09781   0.97919   0.78239   2.55472   0.00010   0.00010  
 89 16774.3645  13962.941141  x:  0.10416   0.02294   0.10664   0.27858   0.09315   0.09882   0.01456   0.00057   0.00000   0.00068   0.00442   0.00063   0.00927   0.00536   0.00557   0.00555   0.00146   0.00197   0.00045   0.01234   0.00762   0.00036   0.00776   0.00619   0.01733   0.00122   0.01741   0.03143   0.01588   0.00751   0.00411   0.00786   0.00465   0.00358   0.01228   0.01157   0.00165   0.01876   0.03512   0.00197   0.00000   0.01539   3.60926   1.09449   0.97757   0.76946   2.59952   0.00010   0.00010  
 90 13990.8268  13960.531899  x:  0.10415   0.02301   0.10529   0.27391   0.09635   0.09881   0.01409   0.00058   0.00000   0.00068   0.00447   0.00064   0.00946   0.00541   0.00590   0.00917   0.00142   0.00196   0.00045   0.01298   0.00775   0.00039   0.00618   0.00735   0.01806   0.00113   0.01814   0.03153   0.01592   0.00896   0.00409   0.00746   0.00478   0.00368   0.01297   0.01126   0.00166   0.01724   0.03541   0.00198   0.00000   0.01435   3.63181   1.09387   0.97802   0.76492   2.61333   0.00010   0.00010  
 91 3398.8288  13946.296870  x:  0.10374   0.02405   0.10261   0.26982   0.10048   0.09841   0.01427   0.00059   0.00000   0.00068   0.00450   0.00064   0.00946   0.00540   0.00600   0.00990   0.00141   0.00195   0.00045   0.01334   0.00780   0.00040   0.00585   0.00748   0.01851   0.00112   0.01824   0.03116   0.01596   0.00940   0.00408   0.00739   0.00480   0.00370   0.01336   0.01110   0.00168   0.01616   0.03557   0.00198   0.00000   0.01489   3.65040   1.09367   0.97907   0.76093   2.62422   0.00010   0.01467  
 92 4560.9279  13936.928603  x:  0.10150   0.03132   0.08593   0.25127   0.12333   0.09616   0.01551   0.00057   0.00000   0.00067   0.00454   0.00063   0.00890   0.00524   0.00604   0.00798   0.00143   0.00194   0.00044   0.01414   0.00784   0.00038   0.00651   0.00735   0.01917   0.00116   0.01781   0.02798   0.01577   0.00956   0.00408   0.00757   0.00473   0.00362   0.01402   0.01118   0.00174   0.01272   0.03778   0.00196   0.00000   0.02077   3.73718   1.09428   0.98666   0.74107   2.67492   0.00010   0.01426  
 93 2587.8288  13935.005752  x:  0.10075   0.03315   0.08251   0.24851   0.12808   0.09541   0.01235   0.00057   0.00000   0.00067   0.00435   0.00063   0.00810   0.00541   0.00600   0.00850   0.00140   0.00197   0.00044   0.01277   0.00756   0.00037   0.00667   0.00720   0.01760   0.00120   0.01734   0.02683   0.01519   0.00948   0.00413   0.00739   0.00481   0.00353   0.01271   0.01062   0.00164   0.01617   0.03711   0.00194   0.00000   0.02106   3.75435   1.09511   0.98949   0.73702   2.68428   0.00010   0.01429  
 94 1952.1323  13933.668855  x:  0.09907   0.03360   0.08241   0.25275   0.12947   0.09373   0.01253   0.00057   0.00000   0.00067   0.00432   0.00063   0.00803   0.00541   0.00595   0.00816   0.00141   0.00196   0.00044   0.01220   0.00760   0.00036   0.00662   0.00843   0.01684   0.00117   0.01784   0.02730   0.01696   0.00921   0.00414   0.00754   0.00474   0.00350   0.01222   0.01113   0.00171   0.01546   0.03182   0.00194   0.00000   0.02054   3.76884   1.09962   0.99902   0.73390   2.68839   0.00010   0.01429  
 95 286.3875  13932.184223  x:  0.09730   0.03372   0.08283   0.25862   0.13028   0.09196   0.01307   0.00057   0.00000   0.00067   0.00436   0.00063   0.00820   0.00543   0.00603   0.00876   0.00141   0.00197   0.00045   0.01295   0.00767   0.00037   0.00673   0.00586   0.01752   0.00120   0.01785   0.02763   0.01585   0.00945   0.00415   0.00749   0.00479   0.00353   0.01283   0.01029   0.00173   0.01552   0.02968   0.00195   0.00000   0.02025   3.78480   1.10542   1.01088   0.73087   2.69201   0.00010   0.01432  
 96 1176.4435  13929.635523  x:  0.09440   0.03355   0.08413   0.27100   0.13069   0.08906   0.01343   0.00058   0.00000   0.00068   0.00435   0.00064   0.00836   0.00550   0.00610   0.00785   0.00140   0.00198   0.00045   0.01368   0.00766   0.00038   0.00646   0.00817   0.01907   0.00117   0.01742   0.02771   0.01288   0.00951   0.00417   0.00731   0.00493   0.00356   0.01347   0.00987   0.00169   0.01646   0.03196   0.00196   0.00000   0.02019   3.81295   1.11724   1.03434   0.72643   2.69664   0.00010   0.01460  
 97 2032.3815  13927.649016  x:  0.09299   0.03329   0.08496   0.28086   0.13052   0.08765   0.01291   0.00058   0.00000   0.00068   0.00439   0.00064   0.00814   0.00553   0.00604   0.00853   0.00141   0.00200   0.00045   0.01252   0.00761   0.00037   0.00669   0.00723   0.01851   0.00119   0.01751   0.02738   0.01556   0.00941   0.00417   0.00749   0.00486   0.00353   0.01251   0.01136   0.00167   0.01586   0.03694   0.00197   0.00000   0.02029   3.83521   1.12726   1.05339   0.72410   2.69941   0.00010   0.01488  
 98 2128.2215  13927.068975  x:  0.09462   0.03323   0.08418   0.28253   0.13012   0.08928   0.01314   0.00058   0.00000   0.00068   0.00440   0.00064   0.00826   0.00553   0.00609   0.00836   0.00142   0.00199   0.00045   0.01330   0.00777   0.00037   0.00665   0.00743   0.01686   0.00118   0.01832   0.02736   0.01646   0.00946   0.00417   0.00751   0.00485   0.00355   0.01320   0.00968   0.00167   0.01612   0.03762   0.00198   0.00000   0.02050   3.84237   1.13106   1.05882   0.72582   2.69926   0.00010   0.01494  
 99 412.3837  13924.669543  x:  0.10531   0.03322   0.07907   0.28686   0.12785   0.09998   0.01293   0.00059   0.00000   0.00069   0.00454   0.00064   0.00820   0.00548   0.00612   0.00877   0.00141   0.00202   0.00045   0.01297   0.00791   0.00037   0.00675   0.00727   0.01639   0.00115   0.01958   0.02719   0.01456   0.00958   0.00418   0.00746   0.00496   0.00355   0.01279   0.01187   0.00169   0.01583   0.03696   0.00199   0.00000   0.02125   3.87607   1.14991   1.08241   0.73877   2.69655   0.00010   0.01518  
100 814.1508  13923.823497  x:  0.10815   0.03326   0.07781   0.28727   0.12731   0.10281   0.01196   0.00059   0.00000   0.00069   0.00443   0.00066   0.00807   0.00564   0.00612   0.00855   0.00142   0.00202   0.00045   0.01269   0.00757   0.00039   0.00673   0.00744   0.01894   0.00118   0.01777   0.02705   0.01586   0.00958   0.00418   0.00751   0.00491   0.00354   0.01278   0.01057   0.00170   0.01576   0.03658   0.00199   0.00000   0.02127   3.88914   1.15703   1.09035   0.74439   2.69546   0.00010   0.01518  
101 1173.7241  13917.681877  x:  0.10095   0.03311   0.08395   0.26883   0.12867   0.09562   0.01263   0.00060   0.00000   0.00070   0.00442   0.00067   0.00813   0.00561   0.00610   0.00847   0.00141   0.00202   0.00046   0.01482   0.00766   0.00040   0.00670   0.00740   0.01834   0.00115   0.01797   0.02751   0.01586   0.00950   0.00421   0.00760   0.00492   0.00355   0.01075   0.01091   0.00170   0.01605   0.03675   0.00199   0.00000   0.02060   4.00040   1.21982   1.14026   0.80732   2.67775   0.00010   0.01459  
102 470.5271  13917.007354  x:  0.10012   0.03309   0.08464   0.26685   0.12885   0.09479   0.01281   0.00060   0.00000   0.00070   0.00444   0.00067   0.00816   0.00559   0.00611   0.00845   0.00142   0.00202   0.00046   0.01277   0.00769   0.00040   0.00669   0.00735   0.01815   0.00115   0.01813   0.02758   0.01570   0.00950   0.00421   0.00761   0.00493   0.00356   0.01284   0.01091   0.00170   0.01607   0.03677   0.00200   0.00000   0.02055   4.01286   1.22674   1.14546   0.81405   2.67555   0.00010   0.01451  
103 2154.5449  13912.749765  x:  0.10253   0.03378   0.08626   0.28013   0.13299   0.09720   0.01286   0.00064   0.00000   0.00074   0.00464   0.00070   0.00835   0.00575   0.00620   0.00849   0.00145   0.00210   0.00047   0.01304   0.00779   0.00041   0.00688   0.00746   0.01855   0.00120   0.01853   0.02808   0.01600   0.00966   0.00430   0.00788   0.00509   0.00363   0.01300   0.01115   0.00177   0.01652   0.03718   0.00207   0.00000   0.02110   4.14340   1.27662   1.11300   0.80376   2.58627   0.00010   0.01342  
104 86.9550  13894.690930  x:  0.10746   0.03644   0.09609   0.28163   0.13595   0.10213   0.01355   0.00072   0.00000   0.00083   0.00499   0.00081   0.00890   0.00625   0.00648   0.00827   0.00154   0.00230   0.00052   0.01372   0.00802   0.00045   0.00739   0.00759   0.01945   0.00135   0.01900   0.03003   0.01685   0.00990   0.00456   0.00875   0.00546   0.00386   0.01352   0.01195   0.00199   0.01808   0.03749   0.00225   0.00000   0.02167   4.77468   1.18719   1.10307   0.78492   2.11592   0.00010   0.00602  
105 225.6052  13844.257180  x:  0.10111   0.03977   0.08376   0.32754   0.16319   0.09619   0.01049   0.00080   0.00000   0.00072   0.00766   0.00222   0.00910   0.00730   0.00561   0.00696   0.00000   0.00279   0.00054   0.01420   0.00410   0.00099   0.00607   0.00693   0.02057   0.00197   0.02348   0.03341   0.01723   0.00648   0.00324   0.00845   0.00631   0.00314   0.01423   0.01209   0.00329   0.01865   0.03723   0.00151   0.00000   0.02019   5.75427   1.11124   1.05707   0.80497   2.64044   0.00010   0.01330  
106  0.7856  13835.158916  x:  0.09938   0.04083   0.07996   0.34107   0.17024   0.09454   0.00957   0.00084   0.00000   0.00065   0.00815   0.00257   0.00936   0.00725   0.00523   0.00676   0.00178   0.00275   0.00055   0.01432   0.00295   0.00115   0.00573   0.00672   0.02085   0.00219   0.02477   0.03429   0.01726   0.00563   0.00275   0.00852   0.00648   0.00311   0.01438   0.01207   0.00346   0.01876   0.03713   0.00129   0.00000   0.01999   6.12593   1.09156   1.04316   0.80934   2.79896   0.00010   0.01550  
107  3.6805  13809.558790  x:  0.10163   0.03846   0.07894   0.34172   0.15304   0.09667   0.01360   0.00023   0.00000   0.00031   0.00690   0.00150   0.00898   0.00469   0.00521   0.00787   0.00206   0.00215   0.00062   0.01402   0.00800   0.00104   0.00632   0.00679   0.01977   0.00156   0.02328   0.02732   0.01668   0.01073   0.00415   0.00633   0.00458   0.00403   0.01420   0.01180   0.00282   0.01765   0.03565   0.00251   0.00000   0.02217   7.56504   1.14996   1.03938   0.78746   2.87912   0.00010   0.01630  
108  0.8965  13809.304554  x:  0.10166   0.03843   0.07892   0.34173   0.15278   0.09671   0.01366   0.00022   0.00036   0.00031   0.00688   0.00149   0.00898   0.00465   0.00521   0.00789   0.00207   0.00214   0.00063   0.01401   0.00808   0.00104   0.00633   0.00680   0.01975   0.00155   0.02325   0.02721   0.01667   0.01081   0.00417   0.00629   0.00455   0.00404   0.01420   0.01180   0.00281   0.01763   0.03563   0.00253   0.00000   0.02220   7.58726   1.15086   1.03932   0.78712   2.88036   0.00010   0.01632  
109 117992.9215  13799.253500  x:  0.10320   0.03712   0.08139   0.33452   0.14497   0.09821   0.01238   0.00000   0.00054   0.00105   0.00612   0.00110   0.00911   0.00647   0.00532   0.00770   0.00201   0.00255   0.00074   0.01429   0.00656   0.00099   0.00632   0.00683   0.01863   0.00161   0.02033   0.02872   0.01654   0.00963   0.00383   0.00854   0.00498   0.00401   0.01433   0.01215   0.00281   0.01735   0.03559   0.00252   0.00000   0.02081   8.43240   1.13509   1.04031   0.77545   2.88765   0.00010   0.01684  
110  0.8837  13799.253500  x:  0.10320   0.03712   0.08139   0.33452   0.14497   0.09821   0.01238   0.00000   0.00054   0.00105   0.00612   0.00110   0.00911   0.00647   0.00532   0.00770   0.00201   0.00255   0.00074   0.01429   0.00656   0.00099   0.00632   0.00683   0.01863   0.00161   0.02033   0.02872   0.01654   0.00963   0.00383   0.00854   0.00498   0.00401   0.01433   0.01215   0.00281   0.01735   0.03559   0.00252   0.00000   0.02081   8.43240   1.13509   1.04031   0.77545   2.88765   0.00010   0.01684  
111  1.2768  13798.385924  x:  0.10319   0.03713   0.08141   0.33452   0.14498   0.09820   0.01232   0.00013   0.00055   0.00045   0.00610   0.00119   0.00911   0.00639   0.00539   0.00764   0.00142   0.00248   0.00046   0.01426   0.00619   0.00086   0.00635   0.00685   0.01868   0.00166   0.02033   0.02879   0.01657   0.00937   0.00375   0.00846   0.00510   0.00388   0.01430   0.01215   0.00277   0.01743   0.03560   0.00210   0.00000   0.02083   8.43240   1.13506   1.04031   0.77548   2.88765   0.00010   0.01699  
112 1256.8998  13798.023454  x:  0.10318   0.03715   0.08144   0.33453   0.14499   0.09820   0.01225   0.00009   0.00040   0.00055   0.00608   0.00122   0.00910   0.00631   0.00545   0.00757   0.00098   0.00243   0.00066   0.01423   0.00579   0.00082   0.00638   0.00687   0.01874   0.00171   0.02033   0.02887   0.01660   0.00907   0.00366   0.00837   0.00522   0.00376   0.01427   0.01216   0.00273   0.01751   0.03561   0.00176   0.00000   0.02084   8.43241   1.13502   1.04031   0.77552   2.88765   0.00010   0.01716  
113 1334.8629  13797.866776  x:  0.10317   0.03718   0.08147   0.33453   0.14500   0.09819   0.01218   0.00031   0.00048   0.00069   0.00606   0.00120   0.00909   0.00625   0.00551   0.00751   0.00098   0.00240   0.00064   0.01420   0.00543   0.00085   0.00641   0.00688   0.01879   0.00175   0.02034   0.02895   0.01662   0.00878   0.00360   0.00829   0.00531   0.00367   0.01423   0.01216   0.00271   0.01760   0.03563   0.00162   0.00000   0.02086   8.43242   1.13499   1.04031   0.77557   2.88764   0.00010   0.01733  
114 966.9051  13797.614134  x:  0.10315   0.03722   0.08153   0.33454   0.14503   0.09817   0.01204   0.00035   0.00023   0.00072   0.00603   0.00115   0.00908   0.00613   0.00560   0.00740   0.00124   0.00238   0.00052   0.01414   0.00477   0.00091   0.00646   0.00691   0.01890   0.00181   0.02034   0.02913   0.01668   0.00824   0.00352   0.00814   0.00548   0.00353   0.01417   0.01217   0.00266   0.01778   0.03566   0.00158   0.00000   0.02090   8.43243   1.13490   1.04031   0.77567   2.88764   0.00010   0.01766  
115 1337.5744  13797.539716  x:  0.10314   0.03725   0.08157   0.33454   0.14504   0.09816   0.01197   0.00047   0.00017   0.00061   0.00602   0.00115   0.00908   0.00609   0.00563   0.00736   0.00129   0.00240   0.00068   0.01412   0.00459   0.00089   0.00648   0.00692   0.01896   0.00180   0.02033   0.02922   0.01671   0.00801   0.00352   0.00808   0.00551   0.00352   0.01414   0.01218   0.00266   0.01787   0.03568   0.00174   0.00000   0.02093   8.43244   1.13486   1.04032   0.77573   2.88763   0.00010   0.01783  
116 684.6380  13797.471020  x:  0.10312   0.03730   0.08163   0.33455   0.14507   0.09814   0.01186   0.00062   0.00000   0.00068   0.00601   0.00119   0.00908   0.00608   0.00563   0.00733   0.00116   0.00244   0.00059   0.01408   0.00458   0.00084   0.00649   0.00692   0.01904   0.00176   0.02033   0.02938   0.01675   0.00777   0.00357   0.00804   0.00550   0.00360   0.01410   0.01219   0.00267   0.01800   0.03572   0.00196   0.00000   0.02098   8.43246   1.13477   1.04032   0.77584   2.88763   0.00010   0.01807  
117 410.7475  13797.415579  x:  0.10308   0.03739   0.08175   0.33456   0.14513   0.09810   0.01166   0.00073   0.00000   0.00066   0.00602   0.00116   0.00907   0.00611   0.00561   0.00732   0.00118   0.00247   0.00061   0.01403   0.00480   0.00093   0.00649   0.00692   0.01918   0.00170   0.02032   0.02967   0.01682   0.00752   0.00367   0.00801   0.00541   0.00373   0.01404   0.01220   0.00267   0.01822   0.03578   0.00187   0.00000   0.02108   8.43249   1.13459   1.04032   0.77605   2.88762   0.00010   0.01847  
118 287.1115  13797.375493  x:  0.10305   0.03746   0.08185   0.33458   0.14517   0.09807   0.01153   0.00059   0.00000   0.00066   0.00603   0.00118   0.00908   0.00613   0.00559   0.00732   0.00122   0.00245   0.00062   0.01400   0.00492   0.00087   0.00648   0.00692   0.01927   0.00168   0.02032   0.02988   0.01687   0.00745   0.00369   0.00801   0.00536   0.00375   0.01401   0.01221   0.00266   0.01836   0.03582   0.00181   0.00000   0.02116   8.43252   1.13445   1.04032   0.77623   2.88761   0.00010   0.01872  
119 370.1348  13797.327148  x:  0.10297   0.03764   0.08209   0.33462   0.14528   0.09799   0.01131   0.00060   0.00000   0.00066   0.00604   0.00117   0.00909   0.00618   0.00556   0.00738   0.00120   0.00237   0.00061   0.01399   0.00494   0.00092   0.00645   0.00691   0.01942   0.00178   0.02033   0.03032   0.01694   0.00771   0.00355   0.00813   0.00531   0.00355   0.01399   0.01223   0.00264   0.01855   0.03592   0.00188   0.00000   0.02138   8.43260   1.13407   1.04033   0.77668   2.88760   0.00010   0.01909  
120 193.1878  13797.307542  x:  0.10293   0.03774   0.08222   0.33464   0.14534   0.09794   0.01123   0.00065   0.00000   0.00067   0.00604   0.00118   0.00909   0.00618   0.00557   0.00740   0.00123   0.00244   0.00062   0.01400   0.00489   0.00082   0.00644   0.00691   0.01946   0.00174   0.02034   0.03053   0.01696   0.00785   0.00356   0.00817   0.00533   0.00358   0.01400   0.01224   0.00264   0.01860   0.03597   0.00184   0.00000   0.02150   8.43264   1.13385   1.04034   0.77695   2.88760   0.00010   0.01918  
121 236.4843  13797.282092  x:  0.10286   0.03789   0.08243   0.33467   0.14543   0.09787   0.01116   0.00060   0.00000   0.00066   0.00604   0.00118   0.00910   0.00616   0.00559   0.00741   0.00120   0.00254   0.00062   0.01403   0.00477   0.00092   0.00646   0.00690   0.01947   0.00168   0.02034   0.03078   0.01696   0.00802   0.00363   0.00819   0.00541   0.00369   0.01404   0.01224   0.00266   0.01859   0.03603   0.00184   0.00000   0.02167   8.43271   1.13350   1.04035   0.77738   2.88759   0.00010   0.01919  
122 316.2504  13797.239197  x:  0.10271   0.03816   0.08283   0.33475   0.14561   0.09773   0.01112   0.00061   0.00000   0.00066   0.00602   0.00113   0.00910   0.00611   0.00562   0.00737   0.00120   0.00229   0.00061   0.01410   0.00477   0.00089   0.00648   0.00691   0.01941   0.00164   0.02036   0.03113   0.01691   0.00801   0.00371   0.00811   0.00550   0.00379   0.01412   0.01224   0.00265   0.01846   0.03611   0.00185   0.00000   0.02194   8.43287   1.13274   1.04037   0.77830   2.88758   0.00010   0.01901  
123 235.1525  13797.186132  x:  0.10250   0.03852   0.08336   0.33486   0.14586   0.09752   0.01109   0.00063   0.00000   0.00066   0.00601   0.00130   0.00909   0.00608   0.00562   0.00732   0.00123   0.00237   0.00062   0.01416   0.00487   0.00090   0.00649   0.00692   0.01930   0.00170   0.02039   0.03149   0.01683   0.00783   0.00365   0.00799   0.00550   0.00368   0.01419   0.01222   0.00264   0.01825   0.03620   0.00184   0.00000   0.02223   8.43310   1.13166   1.04040   0.77959   2.88757   0.00010   0.01870  
124 519.0388  13797.158808  x:  0.10240   0.03868   0.08361   0.33491   0.14597   0.09742   0.01108   0.00061   0.00000   0.00066   0.00601   0.00115   0.00908   0.00609   0.00561   0.00731   0.00120   0.00248   0.00061   0.01417   0.00491   0.00088   0.00648   0.00692   0.01925   0.00173   0.02040   0.03160   0.01678   0.00774   0.00360   0.00795   0.00546   0.00361   0.01420   0.01221   0.00264   0.01816   0.03622   0.00185   0.00000   0.02232   8.43322   1.13110   1.04041   0.78026   2.88756   0.00010   0.01856  
125 665.4657  13797.091863  x:  0.10211   0.03893   0.08416   0.33505   0.14623   0.09712   0.01103   0.00061   0.00000   0.00066   0.00606   0.00118   0.00905   0.00627   0.00548   0.00742   0.00120   0.00242   0.00061   0.01400   0.00472   0.00090   0.00640   0.00687   0.01913   0.00160   0.02035   0.03131   0.01675   0.00762   0.00355   0.00819   0.00511   0.00365   0.01401   0.01218   0.00271   0.01810   0.03612   0.00183   0.00000   0.02208   8.43361   1.12942   1.04046   0.78225   2.88753   0.00010   0.01844  
126 225.5726  13797.005220  x:  0.10172   0.03910   0.08473   0.33523   0.14651   0.09674   0.01105   0.00062   0.00000   0.00066   0.00602   0.00117   0.00904   0.00617   0.00559   0.00743   0.00120   0.00243   0.00061   0.01379   0.00479   0.00087   0.00639   0.00687   0.01909   0.00185   0.02029   0.03061   0.01680   0.00766   0.00372   0.00834   0.00535   0.00367   0.01378   0.01216   0.00255   0.01818   0.03590   0.00184   0.00000   0.02154   8.43417   1.12705   1.04054   0.78502   2.88747   0.00010   0.01856  
127 438.3974  13796.965037  x:  0.10155   0.03905   0.08488   0.33529   0.14658   0.09657   0.01116   0.00061   0.00000   0.00066   0.00598   0.00118   0.00905   0.00607   0.00563   0.00735   0.00121   0.00243   0.00061   0.01382   0.00487   0.00089   0.00647   0.00689   0.01913   0.00167   0.02025   0.03025   0.01685   0.00775   0.00357   0.00818   0.00547   0.00362   0.01381   0.01216   0.00272   0.01828   0.03579   0.00184   0.00000   0.02132   8.43446   1.12590   1.04058   0.78635   2.88744   0.00010   0.01871  
128 399.1393  13796.937988  x:  0.10145   0.03885   0.08480   0.33530   0.14655   0.09647   0.01136   0.00061   0.00000   0.00066   0.00600   0.00118   0.00906   0.00613   0.00555   0.00729   0.00120   0.00243   0.00061   0.01400   0.00482   0.00089   0.00647   0.00691   0.01923   0.00170   0.02025   0.03005   0.01686   0.00783   0.00358   0.00793   0.00534   0.00366   0.01400   0.01218   0.00259   0.01834   0.03574   0.00184   0.00000   0.02126   8.43470   1.12505   1.04060   0.78729   2.88741   0.00010   0.01887  
129 199.1202  13796.921054  x:  0.10141   0.03854   0.08456   0.33528   0.14644   0.09643   0.01151   0.00061   0.00000   0.00066   0.00603   0.00117   0.00907   0.00616   0.00556   0.00735   0.00120   0.00243   0.00061   0.01411   0.00480   0.00088   0.00641   0.00689   0.01930   0.00178   0.02027   0.03003   0.01684   0.00777   0.00367   0.00800   0.00534   0.00363   0.01414   0.01220   0.00274   0.01836   0.03574   0.00183   0.00000   0.02131   8.43490   1.12445   1.04062   0.78791   2.88739   0.00010   0.01893  
130 132.5750  13796.898502  x:  0.10138   0.03801   0.08410   0.33522   0.14621   0.09640   0.01162   0.00061   0.00000   0.00066   0.00602   0.00118   0.00906   0.00614   0.00560   0.00742   0.00120   0.00243   0.00061   0.01418   0.00483   0.00090   0.00640   0.00686   0.01936   0.00168   0.02028   0.03011   0.01679   0.00768   0.00359   0.00821   0.00540   0.00363   0.01420   0.01220   0.00262   0.01832   0.03577   0.00184   0.00000   0.02139   8.43521   1.12360   1.04066   0.78876   2.88736   0.00010   0.01895  
131 204.9935  13796.870828  x:  0.10139   0.03726   0.08335   0.33510   0.14585   0.09641   0.01145   0.00061   0.00000   0.00065   0.00595   0.00117   0.00903   0.00608   0.00557   0.00729   0.00120   0.00243   0.00061   0.01399   0.00482   0.00088   0.00649   0.00690   0.01931   0.00174   0.02030   0.03035   0.01677   0.00774   0.00357   0.00814   0.00532   0.00367   0.01400   0.01218   0.00266   0.01824   0.03585   0.00183   0.00000   0.02142   8.43567   1.12249   1.04070   0.78980   2.88731   0.00010   0.01885  
132 158.4565  13796.866293  x:  0.10141   0.03716   0.08321   0.33506   0.14577   0.09643   0.01138   0.00061   0.00000   0.00065   0.00600   0.00117   0.00904   0.00612   0.00557   0.00731   0.00120   0.00243   0.00061   0.01396   0.00482   0.00089   0.00645   0.00689   0.01927   0.00169   0.02029   0.03039   0.01678   0.00775   0.00363   0.00807   0.00536   0.00361   0.01397   0.01217   0.00264   0.01824   0.03585   0.00183   0.00000   0.02142   8.43577   1.12230   1.04070   0.78996   2.88730   0.00010   0.01881  
133 91.0177  13796.864649  x:  0.10144   0.03716   0.08315   0.33503   0.14573   0.09645   0.01133   0.00061   0.00000   0.00065   0.00602   0.00117   0.00905   0.00614   0.00558   0.00735   0.00120   0.00243   0.00061   0.01397   0.00482   0.00089   0.00641   0.00688   0.01924   0.00171   0.02027   0.03040   0.01680   0.00775   0.00359   0.00804   0.00538   0.00365   0.01398   0.01217   0.00265   0.01825   0.03584   0.00183   0.00000   0.02141   8.43584   1.12221   1.04070   0.79000   2.88729   0.00010   0.01880  
134 36.3702  13796.860920  x:  0.10156   0.03732   0.08297   0.33489   0.14559   0.09658   0.01121   0.00061   0.00000   0.00065   0.00596   0.00117   0.00906   0.00609   0.00557   0.00737   0.00120   0.00243   0.00061   0.01404   0.00482   0.00089   0.00643   0.00687   0.01915   0.00171   0.02021   0.03039   0.01684   0.00774   0.00360   0.00806   0.00535   0.00363   0.01405   0.01216   0.00265   0.01832   0.03579   0.00183   0.00000   0.02141   8.43612   1.12194   1.04070   0.79004   2.88726   0.00010   0.01876  
135 29.0140  13796.855377  x:  0.10178   0.03765   0.08269   0.33462   0.14536   0.09680   0.01119   0.00061   0.00000   0.00065   0.00604   0.00117   0.00903   0.00616   0.00557   0.00727   0.00120   0.00243   0.00061   0.01405   0.00482   0.00089   0.00647   0.00691   0.01912   0.00172   0.02017   0.03035   0.01684   0.00774   0.00360   0.00811   0.00537   0.00364   0.01406   0.01216   0.00265   0.01834   0.03571   0.00183   0.00000   0.02149   8.43665   1.12150   1.04069   0.79005   2.88721   0.00010   0.01876  
136 56.6878  13796.848532  x:  0.10205   0.03810   0.08237   0.33426   0.14506   0.09707   0.01127   0.00061   0.00000   0.00065   0.00599   0.00117   0.00902   0.00612   0.00558   0.00733   0.00120   0.00243   0.00061   0.01396   0.00482   0.00089   0.00641   0.00688   0.01919   0.00171   0.02020   0.03031   0.01680   0.00775   0.00360   0.00806   0.00536   0.00363   0.01398   0.01217   0.00265   0.01829   0.03567   0.00183   0.00000   0.02160   8.43739   1.12093   1.04066   0.79002   2.88714   0.00010   0.01880  
137 99.5347  13796.846005  x:  0.10210   0.03822   0.08231   0.33409   0.14496   0.09711   0.01126   0.00061   0.00000   0.00065   0.00601   0.00117   0.00907   0.00613   0.00556   0.00738   0.00120   0.00243   0.00061   0.01398   0.00482   0.00089   0.00649   0.00687   0.01926   0.00171   0.02027   0.03032   0.01678   0.00774   0.00360   0.00805   0.00537   0.00363   0.01399   0.01217   0.00265   0.01823   0.03575   0.00183   0.00000   0.02150   8.43776   1.12070   1.04064   0.78995   2.88710   0.00010   0.01880  
138 33.3561  13796.842513  x:  0.10209   0.03834   0.08228   0.33384   0.14483   0.09711   0.01126   0.00061   0.00000   0.00065   0.00600   0.00117   0.00906   0.00611   0.00557   0.00731   0.00120   0.00243   0.00061   0.01401   0.00482   0.00089   0.00640   0.00689   0.01930   0.00170   0.02035   0.03037   0.01678   0.00774   0.00360   0.00807   0.00536   0.00363   0.01402   0.01216   0.00265   0.01819   0.03588   0.00183   0.00000   0.02134   8.43837   1.12036   1.04059   0.78979   2.88704   0.00010   0.01880  
139 55.4579  13796.832800  x:  0.10193   0.03845   0.08236   0.33311   0.14451   0.09694   0.01147   0.00061   0.00000   0.00065   0.00595   0.00117   0.00891   0.00617   0.00558   0.00734   0.00120   0.00243   0.00061   0.01399   0.00482   0.00089   0.00645   0.00685   0.01916   0.00171   0.02028   0.03047   0.01684   0.00774   0.00360   0.00806   0.00538   0.00363   0.01401   0.01217   0.00264   0.01832   0.03611   0.00183   0.00000   0.02117   8.44032   1.11941   1.04040   0.78921   2.88685   0.00010   0.01878  
140 62.5734  13796.821299  x:  0.10168   0.03847   0.08252   0.33226   0.14419   0.09670   0.01159   0.00061   0.00000   0.00065   0.00606   0.00117   0.00912   0.00608   0.00562   0.00735   0.00120   0.00243   0.00061   0.01395   0.00482   0.00088   0.00644   0.00692   0.01908   0.00172   0.02016   0.03051   0.01683   0.00774   0.00360   0.00806   0.00532   0.00363   0.01397   0.01217   0.00264   0.01839   0.03613   0.00183   0.00000   0.02116   8.44273   1.11827   1.04013   0.78848   2.88661   0.00010   0.01877  
141 164.2198  13796.806090  x:  0.10136   0.03842   0.08277   0.33117   0.14385   0.09637   0.01150   0.00061   0.00000   0.00065   0.00598   0.00117   0.00919   0.00611   0.00543   0.00731   0.00120   0.00243   0.00061   0.01396   0.00482   0.00089   0.00641   0.00687   0.01913   0.00172   0.02010   0.03045   0.01677   0.00773   0.00360   0.00808   0.00541   0.00363   0.01396   0.01216   0.00264   0.01832   0.03594   0.00183   0.00000   0.02126   8.44601   1.11680   1.03974   0.78750   2.88628   0.00010   0.01877  
142 265.0723  13796.792099  x:  0.10109   0.03833   0.08301   0.33023   0.14359   0.09610   0.01131   0.00061   0.00000   0.00065   0.00599   0.00117   0.00903   0.00613   0.00559   0.00732   0.00120   0.00243   0.00061   0.01399   0.00481   0.00089   0.00643   0.00684   0.01924   0.00172   0.02014   0.03035   0.01673   0.00774   0.00360   0.00806   0.00536   0.00363   0.01399   0.01215   0.00265   0.01821   0.03570   0.00183   0.00000   0.02138   8.44910   1.11545   1.03935   0.78659   2.88597   0.00010   0.01878  
143 395.2386  13796.787560  x:  0.10110   0.03826   0.08308   0.33005   0.14364   0.09612   0.01128   0.00061   0.00000   0.00065   0.00599   0.00117   0.00898   0.00611   0.00555   0.00737   0.00120   0.00243   0.00061   0.01397   0.00481   0.00089   0.00642   0.00698   0.01922   0.00170   0.02027   0.03031   0.01681   0.00774   0.00360   0.00806   0.00537   0.00363   0.01399   0.01216   0.00265   0.01824   0.03568   0.00183   0.00000   0.02144   8.45021   1.11505   1.03915   0.78632   2.88587   0.00010   0.01875  
144 74.8708  13796.774234  x:  0.10131   0.03800   0.08327   0.32974   0.14401   0.09632   0.01127   0.00061   0.00000   0.00065   0.00599   0.00117   0.00907   0.00612   0.00558   0.00731   0.00120   0.00243   0.00061   0.01394   0.00481   0.00089   0.00643   0.00683   0.01914   0.00169   0.02061   0.03021   0.01699   0.00773   0.00360   0.00807   0.00535   0.00363   0.01399   0.01218   0.00264   0.01836   0.03571   0.00183   0.00000   0.02157   8.45361   1.11397   1.03845   0.78560   2.88555   0.00010   0.01869  
145 153.3124  13796.718172  x:  0.10244   0.03693   0.08393   0.32902   0.14587   0.09746   0.01122   0.00061   0.00000   0.00065   0.00599   0.00117   0.00903   0.00612   0.00558   0.00733   0.00120   0.00243   0.00061   0.01404   0.00481   0.00088   0.00643   0.00689   0.01909   0.00171   0.02031   0.03012   0.01659   0.00775   0.00360   0.00805   0.00537   0.00363   0.01392   0.01211   0.00264   0.01832   0.03603   0.00183   0.00000   0.02155   8.46830   1.10965   1.03526   0.78271   2.88416   0.00010   0.01878  
146 259.0868  13796.702729  x:  0.10261   0.03680   0.08397   0.32907   0.14623   0.09763   0.01132   0.00061   0.00000   0.00065   0.00601   0.00117   0.00902   0.00610   0.00556   0.00733   0.00120   0.00243   0.00061   0.01388   0.00481   0.00089   0.00643   0.00687   0.01928   0.00172   0.02009   0.03029   0.01690   0.00773   0.00360   0.00806   0.00536   0.00363   0.01406   0.01221   0.00265   0.01819   0.03586   0.00183   0.00000   0.02140   8.47250   1.10862   1.03431   0.78201   2.88376   0.00010   0.01870  
147 197.3694  13796.674369  x:  0.10254   0.03690   0.08372   0.32969   0.14644   0.09755   0.01153   0.00061   0.00000   0.00065   0.00587   0.00117   0.00911   0.00625   0.00566   0.00732   0.00120   0.00242   0.00061   0.01411   0.00481   0.00089   0.00643   0.00694   0.01929   0.00171   0.02019   0.03067   0.01693   0.00773   0.00360   0.00806   0.00536   0.00363   0.01385   0.01211   0.00265   0.01822   0.03535   0.00183   0.00000   0.02110   8.48048   1.10714   1.03244   0.78095   2.88301   0.00010   0.01864  
148 172.8126  13796.641855  x:  0.10234   0.03711   0.08335   0.33053   0.14653   0.09736   0.01164   0.00061   0.00000   0.00065   0.00610   0.00117   0.00896   0.00600   0.00549   0.00734   0.00120   0.00242   0.00061   0.01414   0.00481   0.00088   0.00643   0.00681   0.01919   0.00170   0.02035   0.03090   0.01677   0.00774   0.00360   0.00806   0.00536   0.00363   0.01383   0.01206   0.00265   0.01829   0.03502   0.00183   0.00000   0.02092   8.48971   1.10555   1.03029   0.77981   2.88214   0.00010   0.01866  
149 682.7437  13796.558112  x:  0.10164   0.03778   0.08233   0.33291   0.14645   0.09666   0.01152   0.00061   0.00000   0.00065   0.00596   0.00117   0.00906   0.00616   0.00559   0.00733   0.00120   0.00242   0.00061   0.01365   0.00481   0.00088   0.00643   0.00690   0.01895   0.00169   0.02049   0.03079   0.01639   0.00776   0.00360   0.00804   0.00538   0.00363   0.01431   0.01224   0.00265   0.01832   0.03513   0.00183   0.00000   0.02100   8.51369   1.10173   1.02479   0.77702   2.87989   0.00010   0.01878  
150 855.6469  13796.483112  x:  0.10099   0.03838   0.08148   0.33508   0.14619   0.09600   0.01128   0.00061   0.00000   0.00065   0.00599   0.00117   0.00903   0.00612   0.00557   0.00733   0.00120   0.00242   0.00061   0.01400   0.00481   0.00088   0.00643   0.00687   0.01915   0.00172   0.02021   0.03030   0.01680   0.00773   0.00360   0.00805   0.00536   0.00363   0.01396   0.01222   0.00264   0.01819   0.03580   0.00183   0.00000   0.02143   8.53535   1.09848   1.01999   0.77466   2.87787   0.00010   0.01868  
151 1104.0245  13796.464285  x:  0.10110   0.03830   0.08176   0.33537   0.14575   0.09612   0.01127   0.00061   0.00000   0.00065   0.00599   0.00117   0.00903   0.00611   0.00557   0.00733   0.00120   0.00242   0.00061   0.01389   0.00481   0.00089   0.00642   0.00687   0.01941   0.00172   0.02018   0.03028   0.01675   0.00773   0.00360   0.00805   0.00536   0.00363   0.01403   0.01182   0.00264   0.01844   0.03584   0.00183   0.00000   0.02146   8.54107   1.09826   1.01954   0.77452   2.87737   0.00010   0.01846  
152 93.7832  13796.307892  x:  0.10250   0.03728   0.08481   0.33732   0.14158   0.09752   0.01125   0.00061   0.00000   0.00065   0.00599   0.00117   0.00903   0.00611   0.00556   0.00733   0.00120   0.00242   0.00061   0.01401   0.00481   0.00089   0.00642   0.00687   0.01957   0.00171   0.02021   0.03033   0.01655   0.00774   0.00360   0.00804   0.00537   0.00363   0.01390   0.01262   0.00263   0.01867   0.03579   0.00183   0.00000   0.02135   8.59039   1.09745   1.01710   0.77412   2.87304   0.00010   0.01820  
153 447.2662  13796.239952  x:  0.10299   0.03693   0.08584   0.33794   0.14019   0.09801   0.01135   0.00061   0.00000   0.00065   0.00599   0.00117   0.00904   0.00612   0.00557   0.00733   0.00120   0.00242   0.00061   0.01397   0.00481   0.00088   0.00643   0.00688   0.01908   0.00172   0.02024   0.03036   0.01684   0.00774   0.00360   0.00806   0.00536   0.00363   0.01400   0.01208   0.00265   0.01811   0.03575   0.00183   0.00000   0.02138   8.61159   1.09727   1.01636   0.77404   2.87117   0.00010   0.01867  
154 1164.7420  13790.556478  x:  0.10355   0.03815   0.08352   0.33065   0.14874   0.09857   0.01127   0.00061   0.00000   0.00065   0.00604   0.00117   0.00911   0.00616   0.00560   0.00739   0.00120   0.00244   0.00061   0.01409   0.00487   0.00089   0.00647   0.00692   0.01937   0.00171   0.02038   0.03056   0.01689   0.00782   0.00362   0.00812   0.00539   0.00366   0.01408   0.01229   0.00265   0.01840   0.03605   0.00184   0.00000   0.02168  10.60026   1.11985   1.02835   0.79001   2.69978   0.00010   0.01575  
155 435.2812  13790.167438  x:  0.10358   0.03821   0.08303   0.34044   0.14934   0.09860   0.01124   0.00061   0.00000   0.00065   0.00604   0.00117   0.00911   0.00619   0.00561   0.00740   0.00120   0.00244   0.00061   0.01412   0.00488   0.00089   0.00648   0.00693   0.01940   0.00171   0.02040   0.03061   0.01691   0.00783   0.00362   0.00813   0.00539   0.00366   0.01410   0.01231   0.00265   0.01842   0.03611   0.00184   0.00000   0.02176  10.72354   1.11475   1.04158   0.78456   2.69332   0.00010   0.01574  
156 265.4292  13789.289085  x:  0.10293   0.03799   0.08211   0.34017   0.14907   0.09795   0.01109   0.00061   0.00000   0.00064   0.00600   0.00117   0.00904   0.00614   0.00558   0.00735   0.00119   0.00243   0.00061   0.01401   0.00485   0.00088   0.00643   0.00688   0.01927   0.00169   0.02027   0.03040   0.01680   0.00778   0.00360   0.00807   0.00536   0.00364   0.01400   0.01222   0.00263   0.01831   0.03590   0.00182   0.00000   0.02169  11.03088   1.11457   1.04119   0.78430   2.86730   0.00010   0.01848  
157 16.8343  13789.161206  x:  0.10333   0.03764   0.08332   0.34200   0.14680   0.09839   0.01118   0.00061   0.00000   0.00061   0.00600   0.00117   0.00905   0.00615   0.00556   0.00736   0.00119   0.00242   0.00060   0.01401   0.00490   0.00087   0.00643   0.00688   0.01921   0.00170   0.02029   0.03042   0.01680   0.00783   0.00360   0.00809   0.00535   0.00364   0.01403   0.01217   0.00263   0.01826   0.03585   0.00181   0.00000   0.02162  11.30140   1.10607   1.03226   0.77863   2.85399   0.00010   0.01822  
158  0.2070  13789.155181  x:  0.10329   0.03771   0.08311   0.34177   0.14710   0.09835   0.01116   0.00061   0.00000   0.00063   0.00600   0.00117   0.00905   0.00615   0.00557   0.00736   0.00120   0.00242   0.00061   0.01401   0.00489   0.00088   0.00643   0.00688   0.01922   0.00170   0.02028   0.03042   0.01680   0.00783   0.00360   0.00809   0.00535   0.00364   0.01402   0.01218   0.00263   0.01827   0.03587   0.00182   0.00000   0.02164  11.36750   1.10740   1.03342   0.77957   2.85051   0.00010   0.01817  
159  0.0530  13789.154838  x:  0.10329   0.03772   0.08310   0.34173   0.14718   0.09835   0.01116   0.00061   0.00000   0.00062   0.00600   0.00117   0.00905   0.00615   0.00557   0.00735   0.00119   0.00242   0.00061   0.01401   0.00489   0.00088   0.00643   0.00688   0.01923   0.00170   0.02029   0.03042   0.01680   0.00782   0.00360   0.00809   0.00535   0.00364   0.01402   0.01218   0.00263   0.01827   0.03587   0.00181   0.00000   0.02164  11.37754   1.10753   1.03357   0.77965   2.85016   0.00010   0.01818  
160  0.0083  13789.154837  x:  0.10329   0.03772   0.08310   0.34173   0.14718   0.09835   0.01116   0.00061   0.00000   0.00062   0.00600   0.00117   0.00905   0.00615   0.00557   0.00735   0.00119   0.00242   0.00061   0.01401   0.00489   0.00088   0.00643   0.00688   0.01923   0.00170   0.02029   0.03042   0.01680   0.00782   0.00360   0.00809   0.00535   0.00364   0.01402   0.01218   0.00263   0.01827   0.03587   0.00181   0.00000   0.02164  11.37735   1.10753   1.03357   0.77965   2.85017   0.00010   0.01818  
161  0.0019  13789.154837  x:  0.10329   0.03772   0.08310   0.34173   0.14718   0.09835   0.01116   0.00061   0.00000   0.00062   0.00600   0.00117   0.00905   0.00615   0.00557   0.00735   0.00119   0.00242   0.00061   0.01401   0.00489   0.00088   0.00643   0.00688   0.01923   0.00170   0.02029   0.03042   0.01680   0.00782   0.00360   0.00809   0.00535   0.00364   0.01402   0.01218   0.00263   0.01827   0.03587   0.00181   0.00000   0.02164  11.37735   1.10753   1.03357   0.77965   2.85017   0.00010   0.01818  
162  0.0017  13789.154837  x:  0.10329   0.03772   0.08310   0.34173   0.14718   0.09835   0.01116   0.00061   0.00000   0.00062   0.00600   0.00117   0.00905   0.00615   0.00557   0.00735   0.00119   0.00242   0.00061   0.01401   0.00489   0.00088   0.00643   0.00688   0.01923   0.00170   0.02029   0.03042   0.01680   0.00782   0.00360   0.00809   0.00535   0.00364   0.01402   0.01218   0.00263   0.01827   0.03587   0.00181   0.00000   0.02164  11.37735   1.10753   1.03357   0.77965   2.85017   0.00010   0.01818  
163  0.0012  13789.154837  x:  0.10329   0.03772   0.08310   0.34173   0.14718   0.09835   0.01116   0.00061   0.00000   0.00062   0.00600   0.00117   0.00905   0.00615   0.00557   0.00735   0.00119   0.00242   0.00061   0.01401   0.00489   0.00088   0.00643   0.00688   0.01923   0.00170   0.02029   0.03042   0.01680   0.00782   0.00360   0.00809   0.00535   0.00364   0.01402   0.01218   0.00263   0.01827   0.03587   0.00181   0.00000   0.02164  11.37735   1.10753   1.03357   0.77965   2.85017   0.00010   0.01818  
164  0.0280  13789.154837  x:  0.10329   0.03772   0.08310   0.34173   0.14718   0.09835   0.01116   0.00061   0.00000   0.00062   0.00600   0.00117   0.00905   0.00615   0.00557   0.00735   0.00119   0.00242   0.00061   0.01401   0.00489   0.00088   0.00643   0.00688   0.01923   0.00170   0.02029   0.03042   0.01680   0.00782   0.00360   0.00809   0.00535   0.00364   0.01402   0.01218   0.00263   0.01827   0.03587   0.00181   0.00000   0.02164  11.37735   1.10753   1.03357   0.77965   2.85017   0.00010   0.01818  
check convergence!
