Supplemental results for CODEML (seqf: aln.phy  treef: tree.tre)


MLEs of dN/dS (w) for site classes (K=4)

site class             0        1       2a       2b
proportion       0.90370  0.04815  0.04571  0.00244
background w     0.22532  1.00000  0.22532  1.00000
foreground w     0.22532  1.00000  1.00000  1.00000

Naive Empirical Bayes (NEB) probabilities for 4 classes
(amino acids refer to 1st sequence: JF915746.1)

   1 M   0.92837 0.03125 0.03880 0.00158 ( 1)
   2 E   0.92263 0.03505 0.04054 0.00177 ( 1)
   3 M   0.92837 0.03125 0.03880 0.00158 ( 1)
   4 P   0.92484 0.03346 0.04001 0.00169 ( 1)
   5 P   0.92008 0.03675 0.04131 0.00186 ( 1)
   6 C   0.93608 0.02624 0.03635 0.00133 ( 1)
   7 A   0.92520 0.03330 0.03982 0.00168 ( 1)
   8 L   0.94588 0.02019 0.03291 0.00102 ( 1)
   9 G   0.91922 0.03733 0.04156 0.00189 ( 1)
  10 L   0.79670 0.07646 0.12298 0.00387 ( 1)
  11 F   0.94267 0.02181 0.03442 0.00110 ( 1)
  12 C   0.92780 0.03160 0.03900 0.00160 ( 1)
  13 F   0.94152 0.02288 0.03444 0.00116 ( 1)
  14 C   0.93463 0.02684 0.03717 0.00136 ( 1)
  15 S   0.94279 0.02169 0.03442 0.00110 ( 1)
  16 S   0.93676 0.02569 0.03625 0.00130 ( 1)
  17 C   0.93582 0.02646 0.03638 0.00134 ( 1)
  18 F   0.94455 0.02104 0.03335 0.00106 ( 1)
  19 C   0.93608 0.02624 0.03635 0.00133 ( 1)
  20 L   0.91619 0.03942 0.04240 0.00199 ( 1)
  21 C   0.93608 0.02624 0.03635 0.00133 ( 1)
  22 C   0.93608 0.02624 0.03635 0.00133 ( 1)
  23 P   0.93585 0.02634 0.03647 0.00133 ( 1)
  24 R   0.93292 0.02822 0.03743 0.00143 ( 1)
  25 H   0.93643 0.02605 0.03620 0.00132 ( 1)
  26 R   0.92622 0.03262 0.03951 0.00165 ( 1)
  27 P   0.74838 0.10463 0.14169 0.00529 ( 1)
  28 V   0.76247 0.09796 0.13461 0.00496 ( 1)
  29 S   0.36374 0.27793 0.34427 0.01406 ( 1)
  30 R   0.92520 0.03330 0.03982 0.00168 ( 1)
  31 L   0.92910 0.03073 0.03862 0.00155 ( 1)
  32 A   0.93292 0.02822 0.03743 0.00143 ( 1)
  33 V   0.85350 0.10773 0.03332 0.00545 ( 1)
  34 A   0.93292 0.02822 0.03743 0.00143 ( 1)
  35 A   0.92652 0.03242 0.03942 0.00164 ( 1)
  36 G   0.92397 0.03412 0.04018 0.00173 ( 1)
  37 G   0.92397 0.03412 0.04018 0.00173 ( 1)
  38 A   0.91525 0.04015 0.04256 0.00203 ( 1)
  39 A   0.92652 0.03242 0.03942 0.00164 ( 1)
  40 A   0.92652 0.03242 0.03942 0.00164 ( 1)
  41 V   0.91831 0.03848 0.04126 0.00195 ( 1)
  42 P   0.76403 0.09719 0.13387 0.00492 ( 1)
  43 A   0.73223 0.11817 0.14362 0.00598 ( 1)
  44 V   0.92864 0.03105 0.03874 0.00157 ( 1)
  45 V   0.92721 0.03199 0.03918 0.00162 ( 1)
  46 S   0.93576 0.02645 0.03645 0.00134 ( 1)
  47 G   0.91922 0.03733 0.04156 0.00189 ( 1)
  48 V   0.92864 0.03105 0.03874 0.00157 ( 1)
  49 T   0.93595 0.02636 0.03636 0.00133 ( 1)
  50 G   0.91913 0.03738 0.04161 0.00189 ( 1)
  51 L   0.92353 0.03443 0.04029 0.00174 ( 1)
  52 I   0.92471 0.03367 0.03992 0.00170 ( 1)
  53 L   0.94588 0.02019 0.03291 0.00102 ( 1)
  54 S   0.92821 0.03135 0.03886 0.00159 ( 1)
  55 P   0.93416 0.02743 0.03702 0.00139 ( 1)
  56 S   0.85761 0.10424 0.03288 0.00527 ( 1)
  57 P   0.94380 0.02137 0.03375 0.00108 ( 1)
  58 S   0.94588 0.02019 0.03291 0.00102 ( 1)
  59 P   0.93416 0.02743 0.03702 0.00139 ( 1)
  60 I   0.91956 0.03713 0.04143 0.00188 ( 1)
  61 F   0.94455 0.02104 0.03335 0.00106 ( 1)
  62 I   0.93186 0.02907 0.03760 0.00147 ( 1)
  63 Q   0.91465 0.04048 0.04282 0.00205 ( 1)
  64 P   0.92008 0.03675 0.04131 0.00186 ( 1)
  65 T   0.84040 0.11817 0.03546 0.00598 ( 1)
  66 P   0.93416 0.02743 0.03702 0.00139 ( 1)
  67 S   0.83892 0.12106 0.03390 0.00612 ( 1)
  68 H   0.92815 0.03134 0.03893 0.00159 ( 1)
  69 P   0.93585 0.02634 0.03647 0.00133 ( 1)
  70 T   0.91598 0.03957 0.04245 0.00200 ( 1)
  71 F   0.94365 0.02165 0.03361 0.00109 ( 1)
  72 Q   0.91465 0.04048 0.04282 0.00205 ( 1)
  73 P   0.93585 0.02634 0.03647 0.00133 ( 1)
  74 Q   0.91524 0.04017 0.04256 0.00203 ( 1)
  75 P   0.93585 0.02634 0.03647 0.00133 ( 1)
  76 G   0.91922 0.03733 0.04156 0.00189 ( 1)
  77 L   0.92910 0.03073 0.03862 0.00155 ( 1)
  78 E   0.92263 0.03505 0.04054 0.00177 ( 1)
  79 L   0.88156 0.08354 0.03067 0.00423 ( 1)
  80 A   0.93171 0.02873 0.03811 0.00145 ( 1)
  81 L   0.94588 0.02019 0.03291 0.00102 ( 1)
  82 G   0.73263 0.11999 0.14131 0.00607 ( 1)
  83 S   0.92821 0.03135 0.03886 0.00159 ( 1)
  84 Q   0.92528 0.03328 0.03976 0.00168 ( 1)
  85 P   0.94380 0.02137 0.03375 0.00108 ( 1)
  86 V   0.85359 0.10764 0.03332 0.00544 ( 1)
  87 H   0.93643 0.02605 0.03620 0.00132 ( 1)
  88 S   0.93732 0.02546 0.03593 0.00129 ( 1)
  89 A   0.92520 0.03330 0.03982 0.00168 ( 1)
  90 P   0.76622 0.09604 0.13288 0.00486 ( 1)
  91 L   0.85175 0.10935 0.03337 0.00553 ( 1)
  92 G   0.92397 0.03412 0.04018 0.00173 ( 1)
  93 A   0.56027 0.39506 0.02468 0.01998 ( 1)
  94 T   0.93595 0.02636 0.03636 0.00133 ( 1)
  95 N   0.91690 0.03894 0.04219 0.00197 ( 1)
  96 P   0.94380 0.02137 0.03375 0.00108 ( 1)
  97 S   0.92821 0.03135 0.03886 0.00159 ( 1)
  98 A   0.93292 0.02822 0.03743 0.00143 ( 1)
  99 P   0.93585 0.02634 0.03647 0.00133 ( 1)
 100 P   0.93585 0.02634 0.03647 0.00133 ( 1)
 101 L   0.86002 0.10207 0.03275 0.00516 ( 1)
 102 L   0.84544 0.11532 0.03341 0.00583 ( 1)
 103 P   0.79111 0.07943 0.12544 0.00402 ( 1)
 104 V   0.93556 0.02657 0.03652 0.00134 ( 1)
 105 V   0.93556 0.02657 0.03652 0.00134 ( 1)
 106 D   0.92802 0.03154 0.03885 0.00160 ( 1)
 107 L   0.92910 0.03073 0.03862 0.00155 ( 1)
 108 P   0.94380 0.02137 0.03375 0.00108 ( 1)
 109 Q   0.92528 0.03328 0.03976 0.00168 ( 1)
 110 L   0.83653 0.12250 0.03477 0.00620 ( 1)
 111 G   0.91922 0.03733 0.04156 0.00189 ( 1)
 112 L   0.93576 0.02645 0.03645 0.00134 ( 1)
 113 R   0.93292 0.02822 0.03743 0.00143 ( 1)
 114 R   0.92908 0.03097 0.03839 0.00157 ( 1)


lnL =  -767.279283

