

TREE # 1

  0  0.0000    823.753828  x:  0.00029   0.00807   0.04837   0.11870   0.03543   0.05173   0.00432   0.00386   0.00672   0.00225   0.01133   0.00713   0.01616   0.01621   0.00168   0.01421   0.00348   0.00836   0.00636   0.00213   0.01000   0.00615   0.00662   0.00700   0.01499   0.00143   0.02106   0.02759   0.03197   0.00913   0.00000   0.02601   0.01025   0.00886   0.00983   0.01933   0.00266   0.02892   0.02659   0.00385   0.00590   0.01279   1.09365   0.70571   1.37205   0.37745   1.38678   0.18031   0.20982  
  1 99.0000    823.752040  x:  0.00029   0.00807   0.04837   0.11870   0.03543   0.05173   0.00432   0.00386   0.00672   0.00225   0.01133   0.00713   0.01616   0.01621   0.00168   0.01421   0.00348   0.00836   0.00636   0.00213   0.01000   0.00615   0.00662   0.00700   0.01499   0.00143   0.02106   0.02759   0.03197   0.00913   0.00000   0.02601   0.01025   0.00886   0.00983   0.01933   0.00266   0.02892   0.02659   0.00385   0.00590   0.01279   1.09365   0.70571   1.37205   0.37745   1.38678   0.18031   0.20982  
  2 487.7822    820.884214  x:  0.00039   0.00848   0.04814   0.11885   0.03526   0.05182   0.00395   0.00301   0.00529   0.00082   0.01115   0.00570   0.01564   0.01569   0.00025   0.01381   0.00204   0.00693   0.00492   0.00068   0.00993   0.00472   0.00519   0.00557   0.01453   0.00000   0.02092   0.02759   0.03181   0.00770   0.00000   0.02566   0.01015   0.00744   0.00997   0.01928   0.00124   0.02889   0.02663   0.00241   0.00447   0.01307   1.09403   0.70629   1.37186   0.37762   1.38681   0.18028   0.20968  
  3 11638.2904    820.393485  x:  0.00043   0.00859   0.04809   0.11890   0.03529   0.05187   0.00379   0.00281   0.00504   0.00057   0.01108   0.00545   0.01548   0.01553   0.00000   0.01368   0.00179   0.00668   0.00467   0.00042   0.00991   0.00447   0.00494   0.00532   0.01438   0.00000   0.02088   0.02760   0.03178   0.00745   0.00000   0.02557   0.01012   0.00719   0.00994   0.01927   0.00099   0.02893   0.02661   0.00217   0.00422   0.01309   1.09410   0.70639   1.37184   0.37762   1.38682   0.18027   0.20964  
  4 12212.5070    819.691163  x:  0.00056   0.00847   0.04802   0.11910   0.03536   0.05199   0.00365   0.00277   0.00468   0.00022   0.01111   0.00508   0.01506   0.01511   0.00000   0.01343   0.00141   0.00629   0.00428   0.00000   0.00994   0.00411   0.00456   0.00495   0.01405   0.00000   0.02082   0.02765   0.03172   0.00707   0.00000   0.02533   0.01017   0.00680   0.01005   0.01925   0.00061   0.02912   0.02657   0.00179   0.00385   0.01391   1.09425   0.70652   1.37188   0.37741   1.38682   0.18027   0.20942  
  5 1203.7456    819.246293  x:  0.00058   0.00898   0.04798   0.11941   0.03525   0.05202   0.00336   0.00309   0.00443   0.00000   0.01128   0.00480   0.01494   0.01499   0.00000   0.01353   0.00113   0.00600   0.00399   0.00000   0.00997   0.00386   0.00426   0.00468   0.01407   0.00000   0.02080   0.02767   0.03168   0.00677   0.00000   0.02514   0.01022   0.00651   0.00990   0.01924   0.00032   0.02922   0.02657   0.00152   0.00358   0.01429   1.09444   0.70657   1.37204   0.37693   1.38681   0.18028   0.20902  
  6 480.7684    818.807153  x:  0.00059   0.00911   0.04794   0.11975   0.03506   0.05202   0.00273   0.00337   0.00417   0.00000   0.01138   0.00451   0.01489   0.01494   0.00000   0.01365   0.00084   0.00568   0.00367   0.00000   0.00997   0.00361   0.00395   0.00440   0.01413   0.00000   0.02080   0.02768   0.03164   0.00645   0.00000   0.02499   0.01024   0.00619   0.00991   0.01923   0.00000   0.02932   0.02654   0.00124   0.00329   0.01453   1.09466   0.70662   1.37222   0.37638   1.38680   0.18029   0.20856  
  7 1776.2658    817.674363  x:  0.00060   0.00951   0.04784   0.12057   0.03428   0.05204   0.00116   0.00443   0.00344   0.00000   0.01120   0.00368   0.01488   0.01491   0.00000   0.01364   0.00000   0.00478   0.00277   0.00000   0.00993   0.00288   0.00306   0.00361   0.01415   0.00000   0.02079   0.02768   0.03158   0.00554   0.00000   0.02480   0.01016   0.00529   0.00991   0.01922   0.00000   0.02965   0.02621   0.00042   0.00248   0.01520   1.09526   0.70676   1.37273   0.37495   1.38678   0.18031   0.20726  
  8 6673.3719    817.133807  x:  0.00060   0.00972   0.04778   0.12103   0.03389   0.05204   0.00037   0.00494   0.00306   0.00000   0.01105   0.00326   0.01488   0.01491   0.00000   0.01364   0.00000   0.00431   0.00230   0.00000   0.00989   0.00250   0.00260   0.00320   0.01417   0.00000   0.02078   0.02768   0.03155   0.00507   0.00000   0.02468   0.01009   0.00483   0.00990   0.01922   0.00000   0.02980   0.02608   0.00000   0.00206   0.01557   1.09557   0.70683   1.37300   0.37417   1.38676   0.18032   0.20658  
  9 102431.4756    816.892978  x:  0.00060   0.00983   0.04776   0.12126   0.03367   0.05204   0.00000   0.00511   0.00287   0.00000   0.01101   0.00305   0.01490   0.01493   0.00000   0.01359   0.00000   0.00409   0.00208   0.00000   0.00990   0.00232   0.00238   0.00300   0.01416   0.00000   0.02078   0.02768   0.03154   0.00485   0.00000   0.02465   0.01010   0.00461   0.00990   0.01922   0.00000   0.02985   0.02600   0.00000   0.00186   0.01575   1.09572   0.70686   1.37314   0.37377   1.38676   0.18033   0.20624  
 10 12261.2770    814.732787  x:  0.00093   0.01089   0.04761   0.12287   0.03073   0.05237   0.00000   0.00582   0.00117   0.00000   0.01125   0.00115   0.01469   0.01473   0.00000   0.01367   0.00000   0.00202   0.00000   0.00000   0.00906   0.00066   0.00034   0.00119   0.01395   0.00000   0.02072   0.02768   0.03158   0.00276   0.00000   0.02497   0.00892   0.00254   0.00988   0.01920   0.00000   0.03036   0.02533   0.00000   0.00003   0.01753   1.09716   0.70698   1.37446   0.37044   1.38669   0.18039   0.20307  
 11 2775.7851    814.701235  x:  0.00094   0.01089   0.04761   0.12288   0.03071   0.05238   0.00000   0.00582   0.00115   0.00000   0.01124   0.00112   0.01468   0.01472   0.00000   0.01368   0.00000   0.00198   0.00000   0.00000   0.00906   0.00064   0.00031   0.00116   0.01395   0.00000   0.02072   0.02769   0.03158   0.00273   0.00000   0.02497   0.00893   0.00251   0.00988   0.01920   0.00000   0.03037   0.02533   0.00000   0.00000   0.01753   1.09718   0.70699   1.37447   0.37041   1.38669   0.18039   0.20302  
 12 574.3473    814.439539  x:  0.00097   0.01088   0.04758   0.12289   0.03067   0.05241   0.00000   0.00579   0.00090   0.00000   0.01125   0.00084   0.01464   0.01468   0.00000   0.01363   0.00000   0.00168   0.00000   0.00000   0.00904   0.00039   0.00000   0.00089   0.01393   0.00000   0.02071   0.02769   0.03156   0.00242   0.00000   0.02493   0.00892   0.00220   0.00989   0.01919   0.00000   0.03038   0.02534   0.00000   0.00000   0.01750   1.09737   0.70702   1.37459   0.37022   1.38668   0.18040   0.20265  
 13 2368.8512    814.083798  x:  0.00100   0.01090   0.04754   0.12291   0.03064   0.05244   0.00000   0.00572   0.00051   0.00000   0.01125   0.00041   0.01460   0.01463   0.00000   0.01360   0.00000   0.00120   0.00000   0.00000   0.00905   0.00000   0.00000   0.00047   0.01389   0.00000   0.02069   0.02769   0.03155   0.00194   0.00000   0.02489   0.00889   0.00172   0.00989   0.01919   0.00000   0.03040   0.02534   0.00000   0.00000   0.01749   1.09765   0.70708   1.37477   0.36997   1.38667   0.18041   0.20208  
 14 36956.7201    813.794673  x:  0.00103   0.01091   0.04750   0.12292   0.03061   0.05246   0.00000   0.00565   0.00016   0.00000   0.01124   0.00000   0.01455   0.01459   0.00000   0.01357   0.00000   0.00076   0.00000   0.00000   0.00903   0.00000   0.00000   0.00009   0.01386   0.00000   0.02068   0.02769   0.03153   0.00150   0.00000   0.02485   0.00888   0.00129   0.00989   0.01918   0.00000   0.03041   0.02534   0.00000   0.00000   0.01748   1.09792   0.70713   1.37493   0.36975   1.38666   0.18042   0.20157  
 15 227782.8183    813.741202  x:  0.00104   0.01091   0.04750   0.12293   0.03060   0.05247   0.00000   0.00564   0.00008   0.00000   0.01124   0.00000   0.01454   0.01458   0.00000   0.01356   0.00000   0.00067   0.00000   0.00000   0.00903   0.00000   0.00000   0.00000   0.01386   0.00000   0.02068   0.02769   0.03153   0.00140   0.00000   0.02484   0.00888   0.00119   0.00989   0.01918   0.00000   0.03041   0.02536   0.00000   0.00000   0.01748   1.09797   0.70714   1.37495   0.36972   1.38665   0.18042   0.20147  
 16 6323.9320    813.699273  x:  0.00105   0.01091   0.04750   0.12296   0.03058   0.05248   0.00000   0.00562   0.00000   0.00000   0.01124   0.00000   0.01454   0.01458   0.00000   0.01356   0.00000   0.00058   0.00000   0.00000   0.00903   0.00000   0.00000   0.00000   0.01385   0.00000   0.02067   0.02769   0.03152   0.00131   0.00000   0.02482   0.00887   0.00110   0.00989   0.01918   0.00000   0.03042   0.02535   0.00000   0.00000   0.01748   1.09801   0.70716   1.37497   0.36970   1.38665   0.18042   0.20139  
 17 1879.7423    813.488970  x:  0.00104   0.01092   0.04742   0.12305   0.03056   0.05247   0.00000   0.00553   0.00000   0.00000   0.01125   0.00000   0.01446   0.01449   0.00000   0.01351   0.00000   0.00000   0.00000   0.00000   0.00903   0.00000   0.00000   0.00000   0.01388   0.00000   0.02066   0.02768   0.03151   0.00074   0.00000   0.02489   0.00884   0.00053   0.00989   0.01919   0.00000   0.03044   0.02532   0.00000   0.00000   0.01746   1.09827   0.70724   1.37510   0.36948   1.38664   0.18043   0.20096  
 18 2234.7498    813.357699  x:  0.00106   0.01094   0.04736   0.12299   0.03056   0.05250   0.00000   0.00548   0.00000   0.00000   0.01124   0.00000   0.01445   0.01448   0.00000   0.01352   0.00000   0.00000   0.00000   0.00000   0.00902   0.00000   0.00000   0.00000   0.01378   0.00000   0.02066   0.02770   0.03152   0.00020   0.00000   0.02493   0.00883   0.00000   0.00989   0.01917   0.00000   0.03044   0.02539   0.00000   0.00000   0.01747   1.09850   0.70730   1.37522   0.36926   1.38663   0.18044   0.20058  
 19 1268.7512    813.329474  x:  0.00108   0.01095   0.04735   0.12294   0.03055   0.05251   0.00000   0.00545   0.00000   0.00000   0.01124   0.00000   0.01444   0.01448   0.00000   0.01351   0.00000   0.00000   0.00000   0.00000   0.00902   0.00000   0.00000   0.00000   0.01379   0.00000   0.02065   0.02770   0.03152   0.00000   0.00000   0.02490   0.00883   0.00000   0.00989   0.01917   0.00000   0.03044   0.02539   0.00000   0.00000   0.01748   1.09858   0.70732   1.37525   0.36920   1.38663   0.18044   0.20045  
 20 789.5087    812.954134  x:  0.00000   0.01113   0.04711   0.12259   0.02934   0.05144   0.00000   0.00482   0.00000   0.00000   0.01131   0.00000   0.01394   0.01385   0.00000   0.01321   0.00000   0.00000   0.00000   0.00000   0.00903   0.00000   0.00000   0.00000   0.01297   0.00000   0.02046   0.02723   0.03073   0.00000   0.00000   0.02393   0.00884   0.00000   0.00991   0.01873   0.00000   0.02985   0.02568   0.00000   0.00000   0.01751   1.10156   0.70968   1.37523   0.36928   1.38676   0.18033   0.19783  
 21 88.9371    810.707868  x:  0.00170   0.01240   0.04501   0.12608   0.02668   0.05313   0.00000   0.00000   0.00000   0.00000   0.01104   0.00000   0.01347   0.01373   0.00000   0.01252   0.00000   0.00000   0.00000   0.00000   0.00871   0.00000   0.00000   0.00000   0.01265   0.00000   0.02023   0.02721   0.02897   0.00000   0.00000   0.02454   0.00897   0.00000   0.00991   0.01976   0.00000   0.02935   0.02719   0.00000   0.00000   0.01920   1.12281   0.72907   1.37261   0.37359   1.38798   0.17928   0.18226  
 22 192.1963    809.641023  x:  0.00323   0.01338   0.04495   0.13032   0.02496   0.05467   0.00000   0.00000   0.00000   0.00000   0.01108   0.00000   0.01300   0.01041   0.00000   0.01081   0.00000   0.00000   0.00000   0.00000   0.00831   0.00000   0.00000   0.00000   0.01307   0.00000   0.02051   0.03028   0.04359   0.00000   0.00000   0.02346   0.00885   0.00000   0.00994   0.00997   0.00000   0.02292   0.02607   0.00000   0.00000   0.02030   1.14858   0.74594   1.37070   0.37732   1.38950   0.17792   0.16649  
 23 161.9421    809.178110  x:  0.00187   0.01370   0.04632   0.13216   0.02334   0.05330   0.00000   0.00000   0.00000   0.00000   0.01135   0.00000   0.01139   0.00888   0.00000   0.01111   0.00000   0.00000   0.00000   0.00000   0.00808   0.00000   0.00000   0.00000   0.01053   0.00000   0.02033   0.03172   0.05757   0.00000   0.00000   0.02103   0.00878   0.00000   0.01000   0.01687   0.00000   0.01993   0.02596   0.00000   0.00000   0.02027   1.16717   0.75279   1.37043   0.37860   1.39061   0.17689   0.15744  
 24 118.2037    808.907505  x:  0.00000   0.01414   0.04782   0.13251   0.02213   0.05143   0.00000   0.00000   0.00000   0.00000   0.01125   0.00000   0.00947   0.01228   0.00000   0.01094   0.00000   0.00000   0.00000   0.00000   0.00812   0.00000   0.00000   0.00000   0.01061   0.00000   0.01952   0.02997   0.06484   0.00000   0.00000   0.01929   0.00893   0.00000   0.01001   0.01678   0.00000   0.02685   0.02821   0.00000   0.00000   0.02092   1.18489   0.75531   1.37059   0.37949   1.39174   0.17582   0.15176  
 25 68.4213    808.907505  x:  0.00000   0.01414   0.04782   0.13251   0.02213   0.05143   0.00000   0.00000   0.00000   0.00000   0.01125   0.00000   0.00947   0.01228   0.00000   0.01094   0.00000   0.00000   0.00000   0.00000   0.00812   0.00000   0.00000   0.00000   0.01061   0.00000   0.01952   0.02997   0.06484   0.00000   0.00000   0.01929   0.00893   0.00000   0.01001   0.01678   0.00000   0.02685   0.02821   0.00000   0.00000   0.02092   1.18489   0.75531   1.37059   0.37949   1.39174   0.17582   0.15176  
 26 59.0530    807.491093  x:  0.00286   0.01955   0.04403   0.13277   0.02537   0.05428   0.00000   0.00000   0.00000   0.00000   0.00762   0.00000   0.00870   0.00703   0.00000   0.00770   0.00000   0.00000   0.00000   0.00000   0.01090   0.00000   0.00000   0.00000   0.00768   0.00000   0.01842   0.02830   0.05354   0.00000   0.00000   0.01860   0.00960   0.00000   0.02691   0.01857   0.00000   0.02747   0.02790   0.00000   0.00000   0.01859   1.18969   0.76155   1.36835   0.38223   1.39211   0.17548   0.15057  
 27 135.3111    805.965015  x:  0.00617   0.02226   0.03588   0.13337   0.02857   0.05760   0.00000   0.00000   0.00000   0.00000   0.01189   0.00000   0.00970   0.01314   0.00000   0.01173   0.00000   0.00000   0.00000   0.00000   0.00781   0.00000   0.00000   0.00000   0.01172   0.00000   0.01748   0.02587   0.02743   0.00000   0.00000   0.01799   0.00872   0.00000   0.02983   0.01943   0.00000   0.02818   0.02740   0.00000   0.00000   0.01639   1.20201   0.77722   1.36274   0.38905   1.39308   0.17460   0.14755  
 28 115.2029    805.249324  x:  0.00624   0.02091   0.03236   0.13382   0.02826   0.05767   0.00000   0.00000   0.00000   0.00000   0.00951   0.00000   0.00893   0.01005   0.00000   0.00939   0.00000   0.00000   0.00000   0.00000   0.00963   0.00000   0.00000   0.00000   0.00927   0.00000   0.01785   0.02577   0.01614   0.00000   0.00000   0.01815   0.00923   0.00000   0.02501   0.01872   0.00000   0.02805   0.02726   0.00000   0.00000   0.01742   1.21136   0.78873   1.35864   0.39399   1.39382   0.17394   0.14533  
 29 135.3306    803.031423  x:  0.00660   0.02091   0.02145   0.13553   0.02791   0.05803   0.00000   0.00000   0.00000   0.00000   0.00779   0.00000   0.01011   0.00421   0.00000   0.00850   0.00000   0.00000   0.00000   0.00000   0.00324   0.00000   0.00000   0.00000   0.00912   0.00000   0.01676   0.02471   0.01951   0.00000   0.00000   0.01725   0.00719   0.00000   0.02178   0.01846   0.00000   0.02724   0.02626   0.00000   0.00000   0.01558   1.25865   0.84595   1.33816   0.41885   1.39757   0.17056   0.13428  
 30 104.6694    800.799591  x:  0.00658   0.02106   0.01081   0.13772   0.02725   0.05801   0.00000   0.00000   0.00000   0.00000   0.00684   0.00000   0.01054   0.00668   0.00000   0.00780   0.00000   0.00000   0.00000   0.00000   0.01090   0.00000   0.00000   0.00000   0.00874   0.00000   0.01562   0.02364   0.02560   0.00000   0.00000   0.01626   0.00665   0.00000   0.01911   0.01814   0.00000   0.02615   0.02505   0.00000   0.00000   0.01385   1.32349   0.92373   1.31038   0.45256   1.40272   0.16592   0.11924  
 31 1372.5691    797.692161  x:  0.00447   0.02153   0.03055   0.14079   0.02595   0.05590   0.00000   0.00000   0.00000   0.00000   0.00935   0.00000   0.00668   0.00970   0.00000   0.00725   0.00000   0.00000   0.00000   0.00000   0.01161   0.00000   0.00000   0.00000   0.00592   0.00000   0.01639   0.02393   0.02800   0.00000   0.00000   0.01654   0.01331   0.00000   0.01955   0.01735   0.00000   0.02491   0.02433   0.00000   0.00000   0.01682   1.42733   1.04505   1.26766   0.50454   1.41096   0.15851   0.09567  
 32 794.5764    797.396437  x:  0.00322   0.01993   0.03337   0.14017   0.02540   0.05464   0.00000   0.00000   0.00000   0.00000   0.00733   0.00000   0.00937   0.00841   0.00000   0.00820   0.00000   0.00000   0.00000   0.00000   0.01301   0.00000   0.00000   0.00000   0.00983   0.00000   0.01719   0.02508   0.02747   0.00000   0.00000   0.01726   0.01030   0.00000   0.02056   0.01734   0.00000   0.02539   0.02519   0.00000   0.00000   0.01762   1.43812   1.05479   1.26510   0.50805   1.41178   0.15776   0.09394  
 33 161.2102    797.250781  x:  0.00199   0.01803   0.03390   0.13876   0.02513   0.05341   0.00000   0.00000   0.00000   0.00000   0.00822   0.00000   0.00897   0.00864   0.00000   0.00844   0.00000   0.00000   0.00000   0.00000   0.01309   0.00000   0.00000   0.00000   0.00853   0.00000   0.01757   0.02615   0.02717   0.00000   0.00000   0.01770   0.00678   0.00000   0.02165   0.01755   0.00000   0.02608   0.02616   0.00000   0.00000   0.01752   1.44515   1.05793   1.26558   0.50822   1.41226   0.15731   0.09366  
 34 66.5780    796.979093  x:  0.00000   0.01519   0.03315   0.13518   0.02504   0.05143   0.00000   0.00000   0.00000   0.00000   0.00806   0.00000   0.00885   0.00929   0.00000   0.00866   0.00000   0.00000   0.00000   0.00000   0.01251   0.00000   0.00000   0.00000   0.00841   0.00000   0.01774   0.02762   0.02696   0.00000   0.00000   0.01803   0.00832   0.00000   0.02309   0.01785   0.00000   0.02720   0.02761   0.00000   0.00000   0.01690   1.45869   1.06072   1.26865   0.50646   1.41313   0.15647   0.09399  
 35 71.9413    796.979093  x:  0.00000   0.01519   0.03315   0.13518   0.02504   0.05143   0.00000   0.00000   0.00000   0.00000   0.00806   0.00000   0.00885   0.00929   0.00000   0.00866   0.00000   0.00000   0.00000   0.00000   0.01251   0.00000   0.00000   0.00000   0.00841   0.00000   0.01774   0.02762   0.02696   0.00000   0.00000   0.01803   0.00832   0.00000   0.02309   0.01785   0.00000   0.02720   0.02761   0.00000   0.00000   0.01690   1.45869   1.06072   1.26865   0.50646   1.41313   0.15647   0.09399  
 36 155.5569    796.716400  x:  0.00086   0.01708   0.03322   0.13455   0.02535   0.05229   0.00000   0.00000   0.00000   0.00000   0.00932   0.00000   0.00844   0.00812   0.00000   0.00864   0.00000   0.00000   0.00000   0.00000   0.00734   0.00000   0.00000   0.00000   0.00883   0.00000   0.01735   0.02665   0.02645   0.00000   0.00000   0.01749   0.00901   0.00000   0.01888   0.01730   0.00000   0.02650   0.02670   0.00000   0.00000   0.01737   1.46130   1.05988   1.27013   0.50532   1.41328   0.15632   0.09443  
 37 56.6196    796.570582  x:  0.00184   0.01828   0.03318   0.13327   0.02550   0.05327   0.00000   0.00000   0.00000   0.00000   0.00821   0.00000   0.00876   0.00906   0.00000   0.00862   0.00000   0.00000   0.00000   0.00000   0.00891   0.00000   0.00000   0.00000   0.00841   0.00000   0.01705   0.02542   0.02582   0.00000   0.00000   0.01708   0.00838   0.00000   0.01419   0.01688   0.00000   0.02563   0.02555   0.00000   0.00000   0.01762   1.46682   1.05811   1.27323   0.50300   1.41361   0.15600   0.09530  
 38 41.5283    795.341783  x:  0.00751   0.01799   0.03218   0.11616   0.02410   0.05893   0.00000   0.00000   0.00000   0.00000   0.01127   0.00000   0.00762   0.00574   0.00000   0.00878   0.00000   0.00000   0.00000   0.00000   0.01214   0.00000   0.00000   0.00000   0.00994   0.00000   0.01740   0.01895   0.02246   0.00000   0.00000   0.01751   0.01038   0.00000   0.01848   0.01734   0.00000   0.02111   0.01956   0.00000   0.00000   0.01672   1.54728   1.03238   1.31765   0.47044   1.41842   0.15120   0.10748  
 39 56.3969    794.192796  x:  0.00974   0.01715   0.03245   0.10067   0.02268   0.06116   0.00000   0.00000   0.00000   0.00000   0.00923   0.00000   0.00975   0.01476   0.00000   0.00874   0.00000   0.00000   0.00000   0.00000   0.00758   0.00000   0.00000   0.00000   0.00840   0.00000   0.01783   0.02154   0.02317   0.00000   0.00000   0.01804   0.00870   0.00000   0.02162   0.01779   0.00000   0.02236   0.02175   0.00000   0.00000   0.01694   1.63605   1.00445   1.36563   0.43608   1.42379   0.14584   0.12049  
 40 516.6243    793.198600  x:  0.00647   0.01792   0.03513   0.09667   0.02314   0.05789   0.00000   0.00000   0.00000   0.00000   0.00728   0.00000   0.00787   0.00770   0.00000   0.00902   0.00000   0.00000   0.00000   0.00000   0.00917   0.00000   0.00000   0.00000   0.00898   0.00000   0.01788   0.02927   0.02773   0.00000   0.00000   0.01803   0.00848   0.00000   0.01820   0.01768   0.00000   0.02826   0.02913   0.00000   0.00000   0.01844   1.70845   0.98286   1.40246   0.41185   1.42829   0.14136   0.13030  
 41 334.5646    792.711895  x:  0.00170   0.01842   0.03777   0.10532   0.02553   0.05313   0.00000   0.00000   0.00000   0.00000   0.01440   0.00000   0.01134   0.00909   0.00000   0.00887   0.00000   0.00000   0.00000   0.00000   0.01117   0.00000   0.00000   0.00000   0.00890   0.00000   0.01808   0.02949   0.02888   0.00000   0.00000   0.01819   0.01040   0.00000   0.01630   0.01789   0.00000   0.02918   0.02971   0.00000   0.00000   0.01815   1.75378   0.97137   1.42205   0.40270   1.43130   0.13839   0.13529  
 42 171.2984    792.243958  x:  0.00000   0.01843   0.03878   0.11261   0.02703   0.05143   0.00000   0.00000   0.00000   0.00000   0.01284   0.00000   0.01013   0.00939   0.00000   0.00903   0.00000   0.00000   0.00000   0.00000   0.01050   0.00000   0.00000   0.00000   0.00896   0.00000   0.01821   0.02807   0.02853   0.00000   0.00000   0.01832   0.00958   0.00000   0.01684   0.01804   0.00000   0.02846   0.02853   0.00000   0.00000   0.01792   1.77813   0.96610   1.43117   0.40017   1.43298   0.13674   0.13752  
 43 228.3619    791.707606  x:  0.00545   0.01708   0.03672   0.12760   0.02655   0.05687   0.00000   0.00000   0.00000   0.00000   0.00843   0.00000   0.01575   0.00777   0.00000   0.00742   0.00000   0.00000   0.00000   0.00000   0.00985   0.00000   0.00000   0.00000   0.00824   0.00000   0.01787   0.02960   0.02791   0.00000   0.00000   0.01806   0.01447   0.00000   0.01803   0.01770   0.00000   0.02838   0.02919   0.00000   0.00000   0.01934   1.83278   0.95808   1.44624   0.40308   1.43705   0.13278   0.14079  
 44 148.2506    791.125194  x:  0.01338   0.01709   0.03204   0.14037   0.02218   0.06480   0.00000   0.00000   0.00000   0.00000   0.01191   0.00000   0.01306   0.00928   0.00000   0.01295   0.00000   0.00000   0.00000   0.00000   0.01091   0.00000   0.00000   0.00000   0.01084   0.00000   0.01794   0.03319   0.02817   0.00000   0.00000   0.01811   0.01172   0.00000   0.01811   0.01778   0.00000   0.02961   0.03171   0.00000   0.00000   0.02000   1.89879   0.95183   1.46008   0.41286   1.44220   0.12780   0.14329  
 45 205.0147    790.662250  x:  0.01570   0.01847   0.03027   0.14310   0.01926   0.06712   0.00000   0.00000   0.00000   0.00000   0.01461   0.00000   0.00999   0.00933   0.00000   0.00717   0.00000   0.00000   0.00000   0.00000   0.01129   0.00000   0.00000   0.00000   0.00752   0.00000   0.01846   0.03411   0.02883   0.00000   0.00000   0.01860   0.00894   0.00000   0.01816   0.01835   0.00000   0.03028   0.03259   0.00000   0.00000   0.01873   1.94533   0.95022   1.46672   0.42338   1.44601   0.12415   0.14395  
 46 189.1301    787.665756  x:  0.00831   0.02635   0.03348   0.12526   0.01550   0.05974   0.00000   0.00000   0.00000   0.00000   0.00987   0.00000   0.01099   0.01092   0.00000   0.00647   0.00000   0.00000   0.00000   0.00000   0.01101   0.00000   0.00000   0.00000   0.01440   0.00000   0.02031   0.02998   0.03341   0.00000   0.00000   0.02044   0.01509   0.00000   0.01718   0.02032   0.00000   0.03178   0.03177   0.00000   0.00000   0.00866   2.29971   0.95436   1.49997   0.51976   1.47613   0.09546   0.14264  
 47 247.2486    785.875198  x:  0.00206   0.02578   0.03574   0.11038   0.01941   0.05349   0.00000   0.00000   0.00000   0.00000   0.00959   0.00000   0.01296   0.00922   0.00000   0.01028   0.00000   0.00000   0.00000   0.00000   0.01053   0.00000   0.00000   0.00000   0.00888   0.00000   0.01931   0.02687   0.03352   0.00000   0.00000   0.01954   0.01390   0.00000   0.01825   0.01930   0.00000   0.03089   0.02983   0.00000   0.00000   0.02385   2.55696   0.96009   1.52205   0.58856   1.49814   0.07450   0.14099  
 48 1423.2163    785.261073  x:  0.00131   0.01596   0.03626   0.10653   0.02625   0.05274   0.00000   0.00000   0.00000   0.00000   0.01084   0.00000   0.01402   0.00756   0.00000   0.00964   0.00000   0.00000   0.00000   0.00000   0.00959   0.00000   0.00000   0.00000   0.00910   0.00000   0.01611   0.02980   0.02921   0.00000   0.00000   0.01632   0.01009   0.00000   0.01642   0.01577   0.00000   0.02915   0.02990   0.00000   0.00000   0.02085   2.62700   0.96633   1.52521   0.60276   1.50438   0.06858   0.13967  
 49 268.3077    784.922432  x:  0.00136   0.01316   0.03682   0.10616   0.02908   0.05278   0.00000   0.00000   0.00000   0.00000   0.01115   0.00000   0.01003   0.00895   0.00000   0.01005   0.00000   0.00000   0.00000   0.00000   0.00989   0.00000   0.00000   0.00000   0.00742   0.00000   0.01837   0.03278   0.02476   0.00000   0.00000   0.01818   0.01444   0.00000   0.01478   0.01855   0.00000   0.02804   0.03067   0.00000   0.00000   0.02071   2.67093   0.97947   1.52157   0.60185   1.50877   0.06443   0.13734  
 50 87.0850    783.539364  x:  0.00206   0.02135   0.03843   0.10819   0.03419   0.05349   0.00000   0.00000   0.00000   0.00000   0.01134   0.00000   0.01185   0.00937   0.00000   0.00619   0.00000   0.00000   0.00000   0.00000   0.01107   0.00000   0.00000   0.00000   0.01407   0.00000   0.02025   0.03917   0.01693   0.00000   0.00000   0.02011   0.01129   0.00000   0.01727   0.02036   0.00000   0.02523   0.03179   0.00000   0.00000   0.02364   2.86035   1.04870   1.49783   0.58378   1.52840   0.04590   0.12537  
 51 239.2241    781.604533  x:  0.00310   0.02401   0.03842   0.11200   0.03380   0.05452   0.00000   0.00000   0.00000   0.00000   0.01120   0.00000   0.01427   0.00718   0.00000   0.01201   0.00000   0.00000   0.00000   0.00000   0.01051   0.00000   0.00000   0.00000   0.00584   0.00000   0.01888   0.03860   0.02632   0.00000   0.00000   0.01911   0.00989   0.00000   0.01887   0.01867   0.00000   0.02417   0.02924   0.00000   0.00000   0.01868   3.11602   1.14472   1.46339   0.55577   1.55509   0.02070   0.10932  
 52 876.1658    780.977637  x:  0.00251   0.01790   0.03677   0.11364   0.02925   0.05393   0.00000   0.00000   0.00000   0.00000   0.01103   0.00000   0.01190   0.00922   0.00000   0.00887   0.00000   0.00000   0.00000   0.00000   0.01041   0.00000   0.00000   0.00000   0.01011   0.00000   0.01699   0.03350   0.03180   0.00000   0.00000   0.01722   0.01210   0.00000   0.01733   0.01680   0.00000   0.02790   0.02852   0.00000   0.00000   0.02206   3.20280   1.17722   1.45064   0.54550   1.56422   0.01206   0.10480  
 53 481.1219    780.879383  x:  0.00171   0.01615   0.03609   0.11396   0.02603   0.05313   0.00000   0.00000   0.00000   0.00000   0.01080   0.00000   0.01333   0.00828   0.00000   0.00939   0.00000   0.00000   0.00000   0.00000   0.00982   0.00000   0.00000   0.00000   0.00977   0.00000   0.01774   0.03059   0.02914   0.00000   0.00000   0.01779   0.01096   0.00000   0.01656   0.01760   0.00000   0.03003   0.03027   0.00000   0.00000   0.02187   3.21599   1.18145   1.44755   0.54371   1.56568   0.01065   0.10563  
 54 63.8821    780.853658  x:  0.00154   0.01679   0.03603   0.11401   0.02566   0.05296   0.00000   0.00000   0.00000   0.00000   0.01077   0.00000   0.01283   0.00853   0.00000   0.00960   0.00000   0.00000   0.00000   0.00000   0.00999   0.00000   0.00000   0.00000   0.00926   0.00000   0.01669   0.02984   0.02791   0.00000   0.00000   0.01692   0.01163   0.00000   0.01692   0.01637   0.00000   0.03063   0.03138   0.00000   0.00000   0.02167   3.21976   1.18148   1.44503   0.54304   1.56621   0.01009   0.10792  
 55 16.4047    780.622901  x:  0.00241   0.01686   0.03567   0.11355   0.02947   0.05383   0.00000   0.00000   0.00000   0.00000   0.01094   0.00000   0.01282   0.00866   0.00000   0.00921   0.00000   0.00000   0.00000   0.00000   0.01004   0.00000   0.00000   0.00000   0.00969   0.00000   0.01732   0.02732   0.03001   0.00000   0.00000   0.01719   0.01113   0.00000   0.01707   0.01819   0.00000   0.02999   0.03436   0.00000   0.00000   0.02149   3.25824   1.17233   1.40687   0.53503   1.57267   0.00305   0.14532  
 56 21.8208    780.523580  x:  0.00158   0.01644   0.03574   0.11350   0.02692   0.05300   0.00000   0.00000   0.00000   0.00000   0.01077   0.00000   0.01299   0.00848   0.00000   0.00931   0.00000   0.00000   0.00000   0.00000   0.00993   0.00000   0.00000   0.00000   0.00965   0.00000   0.01770   0.03026   0.02938   0.00000   0.00000   0.01808   0.01118   0.00000   0.01687   0.01643   0.00000   0.02949   0.03088   0.00000   0.00000   0.02167   3.27256   1.16764   1.39187   0.53169   1.57545   0.00010   0.15809  
 57 67.1956    780.505397  x:  0.00145   0.01648   0.03594   0.11347   0.02635   0.05288   0.00000   0.00000   0.00000   0.00000   0.01074   0.00000   0.01303   0.00845   0.00000   0.00935   0.00000   0.00000   0.00000   0.00000   0.00992   0.00000   0.00000   0.00000   0.00959   0.00000   0.01688   0.03093   0.02909   0.00000   0.00000   0.01679   0.01117   0.00000   0.01689   0.01787   0.00000   0.02976   0.02991   0.00000   0.00000   0.02167   3.27576   1.16562   1.38809   0.53069   1.57642   0.00010   0.15932  
 58 20.9419    780.180130  x:  0.00367   0.01695   0.04010   0.11222   0.02865   0.05509   0.00000   0.00000   0.00000   0.00000   0.01104   0.00000   0.01257   0.00866   0.00000   0.00947   0.00000   0.00000   0.00000   0.00000   0.00999   0.00000   0.00000   0.00000   0.00912   0.00000   0.01832   0.02964   0.02753   0.00000   0.00000   0.01723   0.01062   0.00000   0.01732   0.01705   0.00000   0.03641   0.02684   0.00000   0.00000   0.02096   3.33788   1.10542   1.30620   0.50602   1.60297   0.00010   0.14580  
 59 18.0360    779.930591  x:  0.00254   0.01668   0.03731   0.11136   0.02653   0.05396   0.00000   0.00000   0.00000   0.00000   0.01081   0.00000   0.01242   0.00847   0.00000   0.00929   0.00000   0.00000   0.00000   0.00000   0.00988   0.00000   0.00000   0.00000   0.00936   0.00000   0.01603   0.02938   0.02755   0.00000   0.00000   0.01820   0.01082   0.00000   0.01682   0.01752   0.00000   0.02940   0.03034   0.00000   0.00000   0.02099   3.38416   1.06009   1.24539   0.48732   1.62325   0.00010   0.13457  
 60 173.6817    779.916780  x:  0.00229   0.01679   0.03629   0.11131   0.02655   0.05371   0.00000   0.00000   0.00000   0.00000   0.01076   0.00000   0.01243   0.00846   0.00000   0.00928   0.00000   0.00000   0.00000   0.00000   0.00988   0.00000   0.00000   0.00000   0.00937   0.00000   0.01737   0.02942   0.02755   0.00000   0.00000   0.01695   0.01089   0.00000   0.01683   0.01727   0.00000   0.02897   0.03049   0.00000   0.00000   0.02096   3.38683   1.05758   1.24209   0.48627   1.62457   0.00010   0.13395  
 61 31.0386    779.910959  x:  0.00201   0.01703   0.03455   0.11126   0.02711   0.05343   0.00000   0.00000   0.00000   0.00000   0.01070   0.00000   0.01246   0.00844   0.00000   0.00929   0.00000   0.00000   0.00000   0.00000   0.00987   0.00000   0.00000   0.00000   0.00933   0.00000   0.01719   0.02948   0.02747   0.00000   0.00000   0.01720   0.01096   0.00000   0.01681   0.01734   0.00000   0.02950   0.03012   0.00000   0.00000   0.02087   3.38797   1.05691   1.24135   0.48597   1.62564   0.00010   0.13387  
 62  4.7075    775.128386  x:  0.00482   0.01722   0.03049   0.14058   0.02475   0.05617   0.00000   0.00000   0.00000   0.00000   0.00657   0.00000   0.00505   0.00918   0.00000   0.00981   0.00000   0.00000   0.00000   0.00000   0.00726   0.00000   0.00000   0.00000   0.00868   0.00000   0.01682   0.02460   0.02518   0.00000   0.00000   0.01715   0.00579   0.00000   0.01663   0.01705   0.00000   0.02357   0.02605   0.00000   0.00000   0.01884   4.32898   0.92164   1.30263   0.43044   3.01665   0.00010   0.28037  
 63  2.7179    772.347948  x:  0.00353   0.01692   0.03673   0.15514   0.02538   0.05476   0.00000   0.00000   0.00000   0.00000   0.01052   0.00000   0.01878   0.00822   0.00000   0.00739   0.00000   0.00000   0.00000   0.00000   0.00986   0.00000   0.00000   0.00000   0.00663   0.00000   0.01890   0.02711   0.02769   0.00000   0.00000   0.01886   0.01428   0.00000   0.01872   0.01811   0.00000   0.02835   0.02361   0.00000   0.00000   0.01770   5.77318   0.97097   1.45016   0.44641   3.32055   0.00010   0.22599  
 64  0.9238    769.938512  x:  0.00107   0.02050   0.03997   0.14458   0.03128   0.05220   0.00000   0.00000   0.00000   0.00000   0.00974   0.00000   0.00975   0.00900   0.00000   0.01348   0.00000   0.00000   0.00000   0.00000   0.00953   0.00000   0.00000   0.00000   0.01437   0.00000   0.01827   0.02802   0.02774   0.00000   0.00000   0.01794   0.00709   0.00000   0.01882   0.01833   0.00000   0.02737   0.03434   0.00000   0.00000   0.01685   7.93730   1.00718   1.41233   0.47926   3.59293   0.00010   0.21642  
 65  0.8319    768.837268  x:  0.00240   0.01797   0.03623   0.13960   0.02680   0.05347   0.00000   0.00000   0.00000   0.00000   0.00933   0.00000   0.00597   0.00962   0.00000   0.01063   0.00000   0.00000   0.00000   0.00000   0.00875   0.00000   0.00000   0.00000   0.01271   0.00000   0.01752   0.02590   0.02874   0.00000   0.00000   0.01752   0.01044   0.00000   0.01771   0.01788   0.00000   0.02785   0.03014   0.00000   0.00000   0.01845   9.35880   0.92773   1.33204   0.44428   4.19150   0.00010   0.29346  
 66  1.2864    768.263974  x:  0.00380   0.01579   0.03255   0.13949   0.02257   0.05478   0.00000   0.00000   0.00000   0.00000   0.00815   0.00000   0.01057   0.00978   0.00000   0.00804   0.00000   0.00000   0.00000   0.00000   0.00793   0.00000   0.00000   0.00000   0.00984   0.00000   0.01724   0.02601   0.02753   0.00000   0.00000   0.01769   0.00835   0.00000   0.01788   0.01731   0.00000   0.02636   0.02426   0.00000   0.00000   0.01855  10.53076   0.90517   1.32408   0.42943   4.27241   0.00010   0.27028  
 67  1.1693    767.821110  x:  0.00443   0.01812   0.03484   0.13999   0.02514   0.05525   0.00000   0.00000   0.00000   0.00000   0.00892   0.00000   0.00833   0.00870   0.00000   0.00804   0.00000   0.00000   0.00000   0.00000   0.00913   0.00000   0.00000   0.00000   0.00760   0.00000   0.01816   0.02795   0.02664   0.00000   0.00000   0.01827   0.00908   0.00000   0.01778   0.01790   0.00000   0.02763   0.02604   0.00000   0.00000   0.01813  12.12322   0.94042   1.36053   0.44103   4.29330   0.00010   0.23321  
 68  1.1945    767.601915  x:  0.00429   0.01934   0.03651   0.14050   0.02766   0.05495   0.00000   0.00000   0.00000   0.00000   0.00911   0.00000   0.00966   0.00839   0.00000   0.00917   0.00000   0.00000   0.00000   0.00000   0.00958   0.00000   0.00000   0.00000   0.00823   0.00000   0.01862   0.02828   0.02627   0.00000   0.00000   0.01847   0.00843   0.00000   0.01818   0.01861   0.00000   0.02735   0.02874   0.00000   0.00000   0.01744  13.51118   0.94543   1.36857   0.44847   4.66109   0.00010   0.27205  
 69  1.3701    767.443568  x:  0.00368   0.01767   0.03570   0.14048   0.02600   0.05408   0.00000   0.00000   0.00000   0.00000   0.00861   0.00000   0.00796   0.00937   0.00000   0.00908   0.00000   0.00000   0.00000   0.00000   0.00889   0.00000   0.00000   0.00000   0.00933   0.00000   0.01815   0.02674   0.02781   0.00000   0.00000   0.01814   0.00919   0.00000   0.01805   0.01813   0.00000   0.02657   0.02707   0.00000   0.00000   0.01832  15.58401   0.92417   1.34965   0.44580   4.87426   0.00010   0.26745  
 70  1.2015    767.410941  x:  0.00423   0.01788   0.03548   0.14218   0.02574   0.05448   0.00000   0.00000   0.00000   0.00000   0.00920   0.00000   0.00905   0.00901   0.00000   0.00897   0.00000   0.00000   0.00000   0.00000   0.00894   0.00000   0.00000   0.00000   0.00901   0.00000   0.01809   0.02713   0.02725   0.00000   0.00000   0.01806   0.00897   0.00000   0.01801   0.01804   0.00000   0.02762   0.02722   0.00000   0.00000   0.01809  16.46342   0.92873   1.35188   0.43920   4.94241   0.00010   0.26623  
 71  0.6782    767.406212  x:  0.00408   0.01800   0.03561   0.14224   0.02598   0.05427   0.00000   0.00000   0.00000   0.00000   0.00893   0.00000   0.00910   0.00894   0.00000   0.00900   0.00000   0.00000   0.00000   0.00000   0.00900   0.00000   0.00000   0.00000   0.00900   0.00000   0.01806   0.02744   0.02718   0.00000   0.00000   0.01813   0.00899   0.00000   0.01808   0.01807   0.00000   0.02715   0.02729   0.00000   0.00000   0.01808  16.86934   0.92868   1.35409   0.44275   4.94519   0.00010   0.26501  
 72  0.2904    767.402722  x:  0.00412   0.01793   0.03573   0.14183   0.02603   0.05429   0.00000   0.00000   0.00000   0.00000   0.00902   0.00000   0.00871   0.00904   0.00000   0.00887   0.00000   0.00000   0.00000   0.00000   0.00901   0.00000   0.00000   0.00000   0.00900   0.00000   0.01815   0.02703   0.02738   0.00000   0.00000   0.01815   0.00888   0.00000   0.01807   0.01808   0.00000   0.02744   0.02726   0.00000   0.00000   0.01812  17.22680   0.92991   1.35302   0.44196   4.87766   0.00010   0.26570  
 73  0.1115    767.361255  x:  0.00469   0.01843   0.03565   0.14120   0.02586   0.05492   0.00000   0.00000   0.00000   0.00000   0.00913   0.00000   0.00852   0.00918   0.00000   0.00929   0.00000   0.00000   0.00000   0.00000   0.00901   0.00000   0.00000   0.00000   0.00925   0.00000   0.01845   0.02718   0.02706   0.00000   0.00000   0.01828   0.00965   0.00000   0.01783   0.01836   0.00000   0.02729   0.02770   0.00000   0.00000   0.01792  17.80219   0.92143   1.34901   0.43660   4.00125   0.00010   0.25715  
 74  0.1311    767.343773  x:  0.00502   0.01871   0.03561   0.14083   0.02576   0.05529   0.00000   0.00000   0.00000   0.00000   0.00920   0.00000   0.00841   0.00926   0.00000   0.00952   0.00000   0.00000   0.00000   0.00000   0.00901   0.00000   0.00000   0.00000   0.00939   0.00000   0.01862   0.02725   0.02689   0.00000   0.00000   0.01835   0.01006   0.00000   0.01770   0.01851   0.00000   0.02721   0.02794   0.00000   0.00000   0.01781  18.13172   0.91700   1.34697   0.43377   3.42839   0.00010   0.25127  
 75 53.5182    767.321513  x:  0.00516   0.01885   0.03546   0.14187   0.02562   0.05541   0.00000   0.00000   0.00000   0.00000   0.00913   0.00000   0.00905   0.00912   0.00000   0.00978   0.00000   0.00000   0.00000   0.00000   0.00897   0.00000   0.00000   0.00000   0.00944   0.00000   0.01853   0.02777   0.02664   0.00000   0.00000   0.01832   0.01026   0.00000   0.01773   0.01847   0.00000   0.02695   0.02798   0.00000   0.00000   0.01776  18.01376   0.91659   1.35141   0.43503   3.00268   0.00010   0.23554  
 76  0.1865    767.302656  x:  0.00487   0.01864   0.03544   0.14294   0.02566   0.05509   0.00000   0.00000   0.00000   0.00000   0.00904   0.00000   0.00950   0.00896   0.00000   0.00965   0.00000   0.00000   0.00000   0.00000   0.00896   0.00000   0.00000   0.00000   0.00930   0.00000   0.01829   0.02800   0.02674   0.00000   0.00000   0.01822   0.00991   0.00000   0.01790   0.01827   0.00000   0.02689   0.02771   0.00000   0.00000   0.01788  17.57556   0.92189   1.35682   0.43900   3.12838   0.00010   0.22882  
 77  0.6837    767.280487  x:  0.00442   0.01833   0.03583   0.14315   0.02603   0.05463   0.00000   0.00000   0.00000   0.00000   0.00907   0.00000   0.00904   0.00901   0.00000   0.00908   0.00000   0.00000   0.00000   0.00000   0.00905   0.00000   0.00000   0.00000   0.00904   0.00000   0.01819   0.02739   0.02742   0.00000   0.00000   0.01821   0.00920   0.00000   0.01807   0.01810   0.00000   0.02739   0.02737   0.00000   0.00000   0.01816  17.32662   0.93080   1.35905   0.44206   2.86870   0.00010   0.22129  
 78  0.2401    767.279386  x:  0.00433   0.01824   0.03584   0.14314   0.02606   0.05454   0.00000   0.00000   0.00000   0.00000   0.00905   0.00000   0.00895   0.00901   0.00000   0.00900   0.00000   0.00000   0.00000   0.00000   0.00904   0.00000   0.00000   0.00000   0.00901   0.00000   0.01818   0.02728   0.02738   0.00000   0.00000   0.01821   0.00902   0.00000   0.01807   0.01808   0.00000   0.02743   0.02738   0.00000   0.00000   0.01816  17.27483   0.93092   1.35816   0.44243   2.94075   0.00010   0.22488  
 79  0.0971    767.279286  x:  0.00430   0.01821   0.03583   0.14329   0.02606   0.05452   0.00000   0.00000   0.00000   0.00000   0.00902   0.00000   0.00897   0.00900   0.00000   0.00901   0.00000   0.00000   0.00000   0.00000   0.00903   0.00000   0.00000   0.00000   0.00901   0.00000   0.01817   0.02731   0.02736   0.00000   0.00000   0.01821   0.00901   0.00000   0.01807   0.01808   0.00000   0.02740   0.02739   0.00000   0.00000   0.01816  17.24114   0.93106   1.35825   0.44257   2.93150   0.00010   0.22534  
 80  0.0315    767.279283  x:  0.00430   0.01821   0.03583   0.14333   0.02606   0.05453   0.00000   0.00000   0.00000   0.00000   0.00903   0.00000   0.00898   0.00900   0.00000   0.00901   0.00000   0.00000   0.00000   0.00000   0.00903   0.00000   0.00000   0.00000   0.00902   0.00000   0.01817   0.02731   0.02736   0.00000   0.00000   0.01821   0.00902   0.00000   0.01807   0.01808   0.00000   0.02740   0.02739   0.00000   0.00000   0.01816  17.23946   0.93094   1.35823   0.44255   2.93210   0.00010   0.22532  
 81  0.0018    767.279283  x:  0.00430   0.01821   0.03583   0.14334   0.02606   0.05453   0.00000   0.00000   0.00000   0.00000   0.00903   0.00000   0.00898   0.00900   0.00000   0.00901   0.00000   0.00000   0.00000   0.00000   0.00903   0.00000   0.00000   0.00000   0.00902   0.00000   0.01817   0.02731   0.02736   0.00000   0.00000   0.01821   0.00902   0.00000   0.01807   0.01808   0.00000   0.02740   0.02739   0.00000   0.00000   0.01816  17.24039   0.93097   1.35824   0.44254   2.93232   0.00010   0.22533  
 82  0.0010    767.279283  x:  0.00429   0.01821   0.03583   0.14335   0.02606   0.05453   0.00000   0.00000   0.00000   0.00000   0.00903   0.00000   0.00898   0.00900   0.00000   0.00901   0.00000   0.00000   0.00000   0.00000   0.00903   0.00000   0.00000   0.00000   0.00902   0.00000   0.01817   0.02731   0.02736   0.00000   0.00000   0.01821   0.00902   0.00000   0.01807   0.01808   0.00000   0.02740   0.02739   0.00000   0.00000   0.01816  17.24086   0.93096   1.35824   0.44254   2.93222   0.00010   0.22532  
 83  0.0004    767.279283  x:  0.00429   0.01821   0.03583   0.14335   0.02606   0.05453   0.00000   0.00000   0.00000   0.00000   0.00903   0.00000   0.00898   0.00900   0.00000   0.00901   0.00000   0.00000   0.00000   0.00000   0.00903   0.00000   0.00000   0.00000   0.00902   0.00000   0.01817   0.02731   0.02736   0.00000   0.00000   0.01821   0.00902   0.00000   0.01807   0.01808   0.00000   0.02740   0.02739   0.00000   0.00000   0.01816  17.24082   0.93096   1.35824   0.44254   2.93222   0.00010   0.22532  
 84  0.0001    767.279283  x:  0.00429   0.01821   0.03583   0.14335   0.02606   0.05453   0.00000   0.00000   0.00000   0.00000   0.00903   0.00000   0.00898   0.00900   0.00000   0.00901   0.00000   0.00000   0.00000   0.00000   0.00903   0.00000   0.00000   0.00000   0.00902   0.00000   0.01817   0.02731   0.02736   0.00000   0.00000   0.01821   0.00902   0.00000   0.01807   0.01808   0.00000   0.02740   0.02739   0.00000   0.00000   0.01816  17.24079   0.93096   1.35824   0.44254   2.93223   0.00010   0.22532  