Supplemental results for CODEML (seqf: aln.phy  treef: tree.tre)


MLEs of dN/dS (w) for site classes (K=4)

site class             0        1       2a       2b
proportion       0.86557  0.06722  0.06237  0.00484
background w     0.00098  1.00000  0.00098  1.00000
foreground w     0.00098  1.00000  3.17594  3.17594

Naive Empirical Bayes (NEB) probabilities for 4 classes
(amino acids refer to 1st sequence: KY581700.1)

   1 M   0.94142 0.00812 0.04999 0.00047 ( 1)
   2 S   0.92966 0.01679 0.05253 0.00102 ( 1)
   3 N   0.93743 0.01038 0.05156 0.00062 ( 1)
   4 M   0.94142 0.00812 0.04999 0.00047 ( 1)
   5 T   0.92297 0.01951 0.05626 0.00125 ( 1)
   6 Q   0.91778 0.02351 0.05718 0.00153 ( 1)
   7 L   0.92187 0.02041 0.05641 0.00131 ( 1)
   8 T   0.00489 0.07143 0.90973 0.01395 ( 3)
   9 E   0.92608 0.01736 0.05546 0.00110 ( 1)
  10 A   0.00003 0.93959 0.00000 0.06038 ( 2)
  11 Q   0.91897 0.02231 0.05726 0.00146 ( 1)
  12 I   0.93766 0.01094 0.05075 0.00065 ( 1)
  13 I   0.93766 0.01094 0.05075 0.00065 ( 1)
  14 A   0.00003 0.93932 0.00000 0.06064 ( 2)
  15 I   0.93500 0.01359 0.05061 0.00081 ( 1)
  16 I   0.93766 0.01094 0.05075 0.00065 ( 1)
  17 K   0.92602 0.01742 0.05546 0.00111 ( 1)
  18 D   0.92848 0.01474 0.05584 0.00094 ( 1)
  19 W   0.92716 0.01656 0.05523 0.00105 ( 1)
  20 N   0.92583 0.01738 0.05568 0.00111 ( 1)
  21 F   0.94244 0.00912 0.04792 0.00052 ( 1)
  22 A   0.92294 0.01954 0.05626 0.00126 ( 1)
  23 W   0.92716 0.01656 0.05523 0.00105 ( 1)
  24 S   0.92593 0.01636 0.05666 0.00105 ( 1)
  25 L   0.91041 0.02915 0.05849 0.00194 ( 1)
  26 I   0.92584 0.01765 0.05538 0.00112 ( 1)
  27 F   0.94244 0.00912 0.04792 0.00052 ( 1)
  28 L   0.92587 0.01642 0.05665 0.00106 ( 1)
  29 L   0.92270 0.02052 0.05548 0.00131 ( 1)
  30 I   0.93766 0.01094 0.05075 0.00065 ( 1)
  31 T   0.93252 0.01326 0.05341 0.00082 ( 1)
  32 I   0.92584 0.01765 0.05538 0.00112 ( 1)
  33 V   0.92549 0.01818 0.05518 0.00115 ( 1)
  34 L   0.91020 0.02937 0.05848 0.00196 ( 1)
  35 Q   0.91778 0.02351 0.05718 0.00153 ( 1)
  36 Y   0.93481 0.01249 0.05195 0.00075 ( 1)
  37 G   0.92221 0.01893 0.05762 0.00124 ( 1)
  38 Y   0.92102 0.02106 0.05657 0.00136 ( 1)
  39 P   0.92222 0.01997 0.05652 0.00129 ( 1)
  40 S   0.92593 0.01636 0.05666 0.00105 ( 1)
  41 R   0.93239 0.01338 0.05340 0.00082 ( 1)
  42 S   0.93404 0.01376 0.05138 0.00082 ( 1)
  43 M   0.94142 0.00812 0.04999 0.00047 ( 1)
  44 T   0.93252 0.01326 0.05341 0.00082 ( 1)
  45 V   0.92070 0.02137 0.05655 0.00138 ( 1)
  46 Y   0.93481 0.01249 0.05195 0.00075 ( 1)
  47 V   0.92070 0.02137 0.05655 0.00138 ( 1)
  48 F   0.94244 0.00912 0.04792 0.00052 ( 1)
  49 K   0.92602 0.01742 0.05546 0.00111 ( 1)
  50 M   0.94142 0.00812 0.04999 0.00047 ( 1)
  51 F   0.94244 0.00912 0.04792 0.00052 ( 1)
  52 V   0.93414 0.01315 0.05191 0.00079 ( 1)
  53 L   0.92270 0.02052 0.05548 0.00131 ( 1)
  54 W   0.92716 0.01656 0.05523 0.00105 ( 1)
  55 L   0.92587 0.01642 0.05665 0.00106 ( 1)
  56 L   0.91294 0.02650 0.05878 0.00177 ( 1)
  57 W   0.92716 0.01656 0.05523 0.00105 ( 1)
  58 P   0.92476 0.01744 0.05667 0.00112 ( 1)
  59 S   0.93090 0.01669 0.05141 0.00100 ( 1)
  60 S   0.92054 0.02174 0.05633 0.00140 ( 1)
  61 M   0.94142 0.00812 0.04999 0.00047 ( 1)
  62 A   0.92274 0.01974 0.05625 0.00127 ( 1)
  63 L   0.91467 0.02491 0.05876 0.00166 ( 1)
  64 S   0.91632 0.02473 0.05733 0.00162 ( 1)
  65 I   0.93266 0.01399 0.05250 0.00085 ( 1)
  66 F   0.94068 0.01087 0.04783 0.00062 ( 1)
  67 S   0.92853 0.01469 0.05584 0.00094 ( 1)
  68 A   0.91791 0.02313 0.05744 0.00151 ( 1)
  69 V   0.00006 0.94125 0.00000 0.05868 ( 2)
  70 Y   0.93481 0.01249 0.05195 0.00075 ( 1)
  71 P   0.92222 0.01997 0.05652 0.00129 ( 1)
  72 I   0.93766 0.01094 0.05075 0.00065 ( 1)
  73 D   0.93398 0.01382 0.05137 0.00083 ( 1)
  74 L   0.91020 0.02937 0.05848 0.00196 ( 1)
  75 A   0.00487 0.07098 0.91023 0.01391 ( 3)
  76 S   0.92187 0.02041 0.05641 0.00131 ( 1)
  77 Q   0.91897 0.02231 0.05726 0.00146 ( 1)
  78 I   0.93266 0.01399 0.05250 0.00085 ( 1)
  79 I   0.00464 0.07466 0.90562 0.01508 ( 3)
  80 S   0.93568 0.01193 0.05168 0.00072 ( 1)
  81 G   0.91783 0.02329 0.05736 0.00152 ( 1)
  82 I   0.93500 0.01359 0.05061 0.00081 ( 1)
  83 V   0.05062 0.89002 0.00302 0.05634 ( 2)
  84 A   0.00004 0.82297 0.00844 0.16854 ( 2)
  85 A   0.04201 0.90016 0.00241 0.05543 ( 2)
  86 V   0.93145 0.01584 0.05176 0.00096 ( 1)
  87 S   0.92280 0.01827 0.05774 0.00119 ( 1)
  88 A   0.92946 0.01630 0.05324 0.00100 ( 1)
  89 M   0.01890 0.92595 0.00100 0.05414 ( 2)
  90 M   0.94142 0.00812 0.04999 0.00047 ( 1)
  91 W   0.92716 0.01656 0.05523 0.00105 ( 1)
  92 I   0.93766 0.01094 0.05075 0.00065 ( 1)
  93 S   0.92187 0.02041 0.05641 0.00131 ( 1)
  94 Y   0.92102 0.02106 0.05657 0.00136 ( 1)
  95 F   0.94068 0.01087 0.04783 0.00062 ( 1)
  96 V   0.92527 0.01840 0.05517 0.00116 ( 1)
  97 Q   0.91897 0.02231 0.05726 0.00146 ( 1)
  98 S   0.93404 0.01376 0.05138 0.00082 ( 1)
  99 I   0.92886 0.01465 0.05557 0.00093 ( 1)
 100 R   0.91313 0.02829 0.05674 0.00184 ( 1)
 101 L   0.91474 0.02483 0.05877 0.00165 ( 1)
 102 F   0.94244 0.00912 0.04792 0.00052 ( 1)
 103 M   0.94142 0.00812 0.04999 0.00047 ( 1)
 104 R   0.91359 0.02895 0.05560 0.00186 ( 1)
 105 T   0.92944 0.01631 0.05324 0.00100 ( 1)
 106 G   0.91821 0.02292 0.05737 0.00150 ( 1)
 107 S   0.92280 0.01827 0.05774 0.00119 ( 1)
 108 W   0.92716 0.01656 0.05523 0.00105 ( 1)
 109 W   0.92716 0.01656 0.05523 0.00105 ( 1)
 110 S   0.91632 0.02473 0.05733 0.00162 ( 1)
 111 F   0.93326 0.01317 0.05276 0.00080 ( 1)
 112 N   0.93743 0.01038 0.05156 0.00062 ( 1)
 113 P   0.93207 0.01334 0.05377 0.00083 ( 1)
 114 E   0.92497 0.01847 0.05539 0.00117 ( 1)
 115 T   0.93252 0.01326 0.05341 0.00082 ( 1)
 116 N   0.93743 0.01038 0.05156 0.00062 ( 1)
 117 C   0.92587 0.01762 0.05539 0.00112 ( 1)
 118 L   0.93573 0.01188 0.05168 0.00071 ( 1)
 119 L   0.92684 0.01776 0.05428 0.00111 ( 1)
 120 N   0.92586 0.01735 0.05568 0.00110 ( 1)
 121 V   0.93414 0.01315 0.05191 0.00079 ( 1)
 122 P   0.92222 0.01997 0.05652 0.00129 ( 1)
 123 F   0.00000 0.84555 0.00001 0.15443 ( 2)
 124 G   0.93209 0.01379 0.05327 0.00085 ( 1)
 125 G   0.92850 0.01737 0.05306 0.00107 ( 1)
 126 T   0.92294 0.01954 0.05626 0.00126 ( 1)
 127 T   0.93252 0.01326 0.05341 0.00082 ( 1)
 128 V   0.92276 0.01932 0.05667 0.00125 ( 1)
 129 V   0.92549 0.01818 0.05518 0.00115 ( 1)
 130 R   0.93239 0.01338 0.05340 0.00082 ( 1)
 131 P   0.92222 0.01997 0.05652 0.00129 ( 1)
 132 L   0.91821 0.02406 0.05618 0.00155 ( 1)
 133 V   0.92476 0.01891 0.05513 0.00120 ( 1)
 134 E   0.92497 0.01847 0.05539 0.00117 ( 1)
 135 D   0.92848 0.01474 0.05584 0.00094 ( 1)
 136 S   0.93241 0.01518 0.05150 0.00091 ( 1)
 137 T   0.92272 0.01834 0.05774 0.00120 ( 1)
 138 S   0.93746 0.01035 0.05156 0.00062 ( 1)
 139 V   0.92775 0.01593 0.05531 0.00101 ( 1)
 140 T   0.93252 0.01326 0.05341 0.00082 ( 1)
 141 A   0.93252 0.01326 0.05341 0.00082 ( 1)
 142 V   0.93414 0.01315 0.05191 0.00079 ( 1)
 143 V   0.92775 0.01593 0.05531 0.00101 ( 1)
 144 T   0.03378 0.90490 0.00211 0.05920 ( 2)
 145 N   0.93743 0.01038 0.05156 0.00062 ( 1)
 146 G   0.92136 0.02085 0.05644 0.00134 ( 1)
 147 H   0.04115 0.89884 0.00249 0.05752 ( 2)
 148 L   0.92187 0.02041 0.05641 0.00131 ( 1)
 149 K   0.92497 0.01847 0.05539 0.00117 ( 1)
 150 M   0.94142 0.00812 0.04999 0.00047 ( 1)
 151 A   0.93252 0.01326 0.05341 0.00082 ( 1)
 152 G   0.92261 0.01853 0.05766 0.00121 ( 1)
 153 M   0.94142 0.00812 0.04999 0.00047 ( 1)
 154 H   0.93306 0.01433 0.05175 0.00086 ( 1)
 155 F   0.93470 0.01174 0.05284 0.00072 ( 1)
 156 G   0.93209 0.01379 0.05327 0.00085 ( 1)
 157 A   0.92946 0.01630 0.05324 0.00100 ( 1)
 158 C   0.93780 0.01080 0.05076 0.00064 ( 1)
 159 D   0.92583 0.01738 0.05568 0.00111 ( 1)
 160 Y   0.92102 0.02106 0.05657 0.00136 ( 1)
 161 D   0.92848 0.01474 0.05584 0.00094 ( 1)
 162 R   0.91359 0.02895 0.05560 0.00186 ( 1)
 163 L   0.93235 0.01524 0.05149 0.00092 ( 1)
 164 P   0.93207 0.01334 0.05377 0.00083 ( 1)
 165 N   0.07569 0.86814 0.00416 0.05200 ( 2)
 166 E   0.92497 0.01847 0.05539 0.00117 ( 1)
 167 V   0.92278 0.01930 0.05667 0.00125 ( 1)
 168 T   0.91791 0.02313 0.05744 0.00151 ( 1)
 169 V   0.92527 0.01840 0.05517 0.00116 ( 1)
 170 A   0.92272 0.01834 0.05774 0.00120 ( 1)
 171 K   0.92602 0.01742 0.05546 0.00111 ( 1)
 172 P   0.91717 0.02363 0.05765 0.00155 ( 1)
 173 N   0.93398 0.01382 0.05137 0.00083 ( 1)
 174 V   0.92527 0.01840 0.05517 0.00116 ( 1)
 175 L   0.91899 0.02060 0.05904 0.00137 ( 1)
 176 I   0.93497 0.01362 0.05061 0.00081 ( 1)
 177 A   0.92944 0.01631 0.05324 0.00100 ( 1)
 178 L   0.92280 0.02042 0.05548 0.00130 ( 1)
 179 K   0.92602 0.01742 0.05546 0.00111 ( 1)
 180 M   0.94142 0.00812 0.04999 0.00047 ( 1)
 181 V   0.92549 0.01818 0.05518 0.00115 ( 1)
 182 K   0.92608 0.01736 0.05546 0.00110 ( 1)
 183 R   0.91313 0.02829 0.05674 0.00184 ( 1)
 184 Q   0.91887 0.02242 0.05725 0.00146 ( 1)
 185 S   0.92586 0.01735 0.05568 0.00110 ( 1)
 186 Y   0.92562 0.01646 0.05685 0.00106 ( 1)
 187 G   0.91713 0.02399 0.05731 0.00157 ( 1)
 188 T   0.93252 0.01326 0.05341 0.00082 ( 1)
 189 N   0.93743 0.01038 0.05156 0.00062 ( 1)
 190 S   0.92593 0.01636 0.05666 0.00105 ( 1)
 191 G   0.92261 0.01853 0.05766 0.00121 ( 1)
 192 V   0.93414 0.01315 0.05191 0.00079 ( 1)
 193 A   0.92272 0.01834 0.05774 0.00120 ( 1)
 194 I   0.93766 0.01094 0.05075 0.00065 ( 1)
 195 Y   0.92102 0.02106 0.05657 0.00136 ( 1)
 196 H   0.93689 0.01051 0.05196 0.00063 ( 1)
 197 R   0.92286 0.01971 0.05617 0.00127 ( 1)
 198 Y   0.93481 0.01249 0.05195 0.00075 ( 1)
 199 K   0.92608 0.01736 0.05546 0.00110 ( 1)
 200 A   0.92294 0.01954 0.05626 0.00126 ( 1)
 201 G   0.93209 0.01379 0.05327 0.00085 ( 1)
 202 N   0.93743 0.01038 0.05156 0.00062 ( 1)
 203 Y   0.92102 0.02106 0.05657 0.00136 ( 1)
 204 R   0.92506 0.01891 0.05484 0.00119 ( 1)
 205 S   0.93746 0.01035 0.05156 0.00062 ( 1)
 206 P   0.92229 0.01990 0.05652 0.00128 ( 1)
 207 P   0.92779 0.01760 0.05353 0.00109 ( 1)
 208 I   0.93500 0.01359 0.05061 0.00081 ( 1)
 209 T   0.92297 0.01951 0.05626 0.00125 ( 1)
 210 A   0.92297 0.01951 0.05626 0.00125 ( 1)
 211 D   0.93743 0.01038 0.05156 0.00062 ( 1)
 212 I   0.05720 0.88592 0.00319 0.05369 ( 2)
 213 E   0.92602 0.01742 0.05546 0.00111 ( 1)
 214 L   0.93573 0.01188 0.05168 0.00071 ( 1)
 215 A   0.92294 0.01954 0.05626 0.00126 ( 1)
 216 L   0.92684 0.01776 0.05428 0.00111 ( 1)
 217 L   0.92904 0.01854 0.05131 0.00111 ( 1)
 218 R   0.90410 0.03407 0.05952 0.00231 ( 1)
 219 A   0.92944 0.01631 0.05324 0.00100 ( 1)


lnL = -1288.298822

Bayes Empirical Bayes (BEB) probabilities for 4 classes (class)
(amino acids refer to 1st sequence: KY581700.1)

   1 M   0.92865 0.00488 0.06605 0.00042 ( 1)
   2 S   0.92051 0.00970 0.06892 0.00087 ( 1)
   3 N   0.92554 0.00615 0.06777 0.00054 ( 1)
   4 M   0.92865 0.00488 0.06605 0.00042 ( 1)
   5 T   0.91476 0.01110 0.07311 0.00103 ( 1)
   6 Q   0.91126 0.01327 0.07423 0.00125 ( 1)
   7 L   0.91403 0.01161 0.07329 0.00108 ( 1)
   8 T   0.22063 0.03564 0.73696 0.00677 ( 3)
   9 E   0.91698 0.00994 0.07216 0.00091 ( 1)
  10 A   0.10919 0.81384 0.00797 0.06900 ( 2)
  11 Q   0.91194 0.01259 0.07429 0.00118 ( 1)
  12 I   0.92600 0.00652 0.06691 0.00057 ( 1)
  13 I   0.92600 0.00652 0.06691 0.00057 ( 1)
  14 A   0.13318 0.78962 0.00981 0.06739 ( 2)
  15 I   0.92448 0.00803 0.06679 0.00070 ( 1)
  16 I   0.92600 0.00652 0.06691 0.00057 ( 1)
  17 K   0.91695 0.00998 0.07216 0.00092 ( 1)
  18 D   0.91811 0.00857 0.07253 0.00079 ( 1)
  19 W   0.91773 0.00950 0.07189 0.00087 ( 1)
  20 N   0.91673 0.00994 0.07241 0.00092 ( 1)
  21 F   0.93008 0.00557 0.06388 0.00047 ( 1)
  22 A   0.91474 0.01112 0.07311 0.00103 ( 1)
  23 W   0.91773 0.00950 0.07189 0.00087 ( 1)
  24 S   0.91618 0.00946 0.07348 0.00088 ( 1)
  25 L   0.90626 0.01632 0.07586 0.00156 ( 1)
  26 I   0.91685 0.01013 0.07209 0.00093 ( 1)
  27 F   0.93008 0.00557 0.06388 0.00047 ( 1)
  28 L   0.91615 0.00949 0.07348 0.00088 ( 1)
  29 L   0.91493 0.01174 0.07225 0.00108 ( 1)
  30 I   0.92600 0.00652 0.06691 0.00057 ( 1)
  31 T   0.92176 0.00772 0.06983 0.00069 ( 1)
  32 I   0.91685 0.01013 0.07209 0.00093 ( 1)
  33 V   0.91673 0.01044 0.07187 0.00096 ( 1)
  34 L   0.90615 0.01643 0.07585 0.00157 ( 1)
  35 Q   0.91126 0.01327 0.07423 0.00125 ( 1)
  36 Y   0.92377 0.00736 0.06822 0.00065 ( 1)
  37 G   0.91352 0.01083 0.07463 0.00102 ( 1)
  38 Y   0.91344 0.01197 0.07348 0.00111 ( 1)
  39 P   0.91420 0.01134 0.07340 0.00106 ( 1)
  40 S   0.91618 0.00946 0.07348 0.00088 ( 1)
  41 R   0.92169 0.00779 0.06982 0.00070 ( 1)
  42 S   0.92365 0.00803 0.06762 0.00071 ( 1)
  43 M   0.92865 0.00488 0.06605 0.00042 ( 1)
  44 T   0.92176 0.00772 0.06983 0.00069 ( 1)
  45 V   0.91325 0.01215 0.07347 0.00113 ( 1)
  46 Y   0.92377 0.00736 0.06822 0.00065 ( 1)
  47 V   0.91325 0.01215 0.07347 0.00113 ( 1)
  48 F   0.93008 0.00557 0.06388 0.00047 ( 1)
  49 K   0.91695 0.00998 0.07216 0.00092 ( 1)
  50 M   0.92865 0.00488 0.06605 0.00042 ( 1)
  51 F   0.93008 0.00557 0.06388 0.00047 ( 1)
  52 V   0.92337 0.00775 0.06819 0.00069 ( 1)
  53 L   0.91493 0.01174 0.07225 0.00108 ( 1)
  54 W   0.91773 0.00950 0.07189 0.00087 ( 1)
  55 L   0.91615 0.00949 0.07348 0.00088 ( 1)
  56 L   0.90689 0.01498 0.07669 0.00145 ( 1)
  57 W   0.91773 0.00950 0.07189 0.00087 ( 1)
  58 P   0.91555 0.00999 0.07352 0.00093 ( 1)
  59 S   0.92180 0.00965 0.06770 0.00085 ( 1)
  60 S   0.91328 0.01235 0.07322 0.00115 ( 1)
  61 M   0.92865 0.00488 0.06605 0.00042 ( 1)
  62 A   0.91463 0.01123 0.07310 0.00104 ( 1)
  63 L   0.90851 0.01407 0.07607 0.00134 ( 1)
  64 S   0.91030 0.01395 0.07444 0.00131 ( 1)
  65 I   0.92218 0.00825 0.06884 0.00073 ( 1)
  66 F   0.92911 0.00653 0.06380 0.00055 ( 1)
  67 S   0.91815 0.00853 0.07253 0.00079 ( 1)
  68 A   0.91121 0.01304 0.07452 0.00123 ( 1)
  69 V   0.22073 0.70374 0.01583 0.05970 ( 2)
  70 Y   0.92377 0.00736 0.06822 0.00065 ( 1)
  71 P   0.91420 0.01134 0.07340 0.00106 ( 1)
  72 I   0.92600 0.00652 0.06691 0.00057 ( 1)
  73 D   0.92362 0.00806 0.06761 0.00071 ( 1)
  74 L   0.90615 0.01643 0.07585 0.00157 ( 1)
  75 A   0.21955 0.03540 0.73829 0.00675 ( 3)
  76 S   0.91402 0.01161 0.07329 0.00108 ( 1)
  77 Q   0.91194 0.01259 0.07429 0.00118 ( 1)
  78 I   0.92218 0.00825 0.06884 0.00073 ( 1)
  79 I   0.20875 0.03731 0.74649 0.00745 ( 3)
  80 S   0.92442 0.00704 0.06792 0.00062 ( 1)
  81 G   0.91120 0.01314 0.07443 0.00124 ( 1)
  82 I   0.92448 0.00803 0.06679 0.00070 ( 1)
  83 V   0.77380 0.15277 0.05965 0.01378 ( 1)
  84 A   0.10048 0.41056 0.39868 0.09028 ( 2)
  85 A   0.75079 0.17785 0.05571 0.01565 ( 1)
  86 V   0.92193 0.00919 0.06807 0.00081 ( 1)
  87 S   0.91376 0.01050 0.07475 0.00099 ( 1)
  88 A   0.92008 0.00939 0.06968 0.00084 ( 1)
  89 M   0.61966 0.31197 0.04240 0.02597 ( 1)
  90 M   0.92865 0.00488 0.06605 0.00042 ( 1)
  91 W   0.91773 0.00950 0.07189 0.00087 ( 1)
  92 I   0.92600 0.00652 0.06691 0.00057 ( 1)
  93 S   0.91402 0.01161 0.07329 0.00108 ( 1)
  94 Y   0.91344 0.01197 0.07348 0.00111 ( 1)
  95 F   0.92911 0.00653 0.06380 0.00055 ( 1)
  96 V   0.91661 0.01056 0.07186 0.00097 ( 1)
  97 Q   0.91194 0.01259 0.07429 0.00118 ( 1)
  98 S   0.92365 0.00803 0.06762 0.00071 ( 1)
  99 I   0.91844 0.00855 0.07222 0.00079 ( 1)
 100 R   0.90862 0.01605 0.07382 0.00150 ( 1)
 101 L   0.90856 0.01403 0.07607 0.00134 ( 1)
 102 F   0.93008 0.00557 0.06388 0.00047 ( 1)
 103 M   0.92865 0.00488 0.06605 0.00042 ( 1)
 104 R   0.90963 0.01631 0.07255 0.00151 ( 1)
 105 T   0.92008 0.00940 0.06968 0.00084 ( 1)
 106 G   0.91139 0.01295 0.07444 0.00122 ( 1)
 107 S   0.91376 0.01050 0.07475 0.00099 ( 1)
 108 W   0.91773 0.00950 0.07189 0.00087 ( 1)
 109 W   0.91773 0.00950 0.07189 0.00087 ( 1)
 110 S   0.91030 0.01395 0.07444 0.00131 ( 1)
 111 F   0.92245 0.00774 0.06912 0.00069 ( 1)
 112 N   0.92554 0.00615 0.06777 0.00054 ( 1)
 113 P   0.92134 0.00774 0.07022 0.00070 ( 1)
 114 E   0.91634 0.01058 0.07211 0.00097 ( 1)
 115 T   0.92176 0.00772 0.06983 0.00069 ( 1)
 116 N   0.92554 0.00615 0.06777 0.00054 ( 1)
 117 C   0.91687 0.01011 0.07209 0.00093 ( 1)
 118 L   0.92445 0.00701 0.06792 0.00062 ( 1)
 119 L   0.91795 0.01025 0.07086 0.00093 ( 1)
 120 N   0.91675 0.00992 0.07241 0.00091 ( 1)
 121 V   0.92337 0.00775 0.06819 0.00069 ( 1)
 122 P   0.91420 0.01134 0.07340 0.00106 ( 1)
 123 F   0.01691 0.77135 0.05746 0.15428 ( 2)
 124 G   0.92156 0.00804 0.06968 0.00072 ( 1)
 125 G   0.91961 0.00998 0.06952 0.00089 ( 1)
 126 T   0.91475 0.01112 0.07311 0.00103 ( 1)
 127 T   0.92176 0.00772 0.06983 0.00069 ( 1)
 128 V   0.91435 0.01105 0.07356 0.00103 ( 1)
 129 V   0.91673 0.01044 0.07187 0.00096 ( 1)
 130 R   0.92169 0.00779 0.06982 0.00070 ( 1)
 131 P   0.91420 0.01134 0.07340 0.00106 ( 1)
 132 L   0.91200 0.01362 0.07311 0.00127 ( 1)
 133 V   0.91634 0.01083 0.07184 0.00099 ( 1)
 134 E   0.91634 0.01058 0.07211 0.00097 ( 1)
 135 D   0.91811 0.00857 0.07253 0.00079 ( 1)
 136 S   0.92263 0.00882 0.06777 0.00078 ( 1)
 137 T   0.91377 0.01049 0.07475 0.00099 ( 1)
 138 S   0.92556 0.00613 0.06777 0.00054 ( 1)
 139 V   0.91794 0.00924 0.07197 0.00085 ( 1)
 140 T   0.92176 0.00772 0.06983 0.00069 ( 1)
 141 A   0.92176 0.00772 0.06983 0.00069 ( 1)
 142 V   0.92337 0.00775 0.06819 0.00069 ( 1)
 143 V   0.91794 0.00924 0.07197 0.00085 ( 1)
 144 T   0.71515 0.20848 0.05718 0.01919 ( 1)
 145 N   0.92554 0.00615 0.06777 0.00054 ( 1)
 146 G   0.91372 0.01184 0.07334 0.00110 ( 1)
 147 H   0.74586 0.17972 0.05812 0.01630 ( 1)
 148 L   0.91403 0.01161 0.07329 0.00108 ( 1)
 149 K   0.91634 0.01058 0.07211 0.00097 ( 1)
 150 M   0.92865 0.00488 0.06605 0.00042 ( 1)
 151 A   0.92176 0.00772 0.06983 0.00069 ( 1)
 152 G   0.91374 0.01060 0.07466 0.00100 ( 1)
 153 M   0.92865 0.00488 0.06605 0.00042 ( 1)
 154 H   0.92291 0.00833 0.06802 0.00074 ( 1)
 155 F   0.92318 0.00702 0.06918 0.00063 ( 1)
 156 G   0.92156 0.00804 0.06968 0.00072 ( 1)
 157 A   0.92008 0.00939 0.06968 0.00084 ( 1)
 158 C   0.92609 0.00643 0.06692 0.00056 ( 1)
 159 D   0.91673 0.00994 0.07241 0.00092 ( 1)
 160 Y   0.91344 0.01197 0.07348 0.00111 ( 1)
 161 D   0.91811 0.00857 0.07253 0.00079 ( 1)
 162 R   0.90963 0.01631 0.07255 0.00151 ( 1)
 163 L   0.92260 0.00885 0.06777 0.00078 ( 1)
 164 P   0.92134 0.00774 0.07022 0.00070 ( 1)
 165 N   0.82221 0.10889 0.05944 0.00946 ( 1)
 166 E   0.91634 0.01058 0.07211 0.00097 ( 1)
 167 V   0.91437 0.01104 0.07357 0.00103 ( 1)
 168 T   0.91121 0.01304 0.07452 0.00123 ( 1)
 169 V   0.91661 0.01056 0.07186 0.00097 ( 1)
 170 A   0.91377 0.01049 0.07475 0.00099 ( 1)
 171 K   0.91695 0.00998 0.07216 0.00092 ( 1)
 172 P   0.91068 0.01329 0.07477 0.00125 ( 1)
 173 N   0.92362 0.00806 0.06761 0.00071 ( 1)
 174 V   0.91661 0.01056 0.07186 0.00097 ( 1)
 175 L   0.91079 0.01180 0.07628 0.00113 ( 1)
 176 I   0.92453 0.00798 0.06679 0.00070 ( 1)
 177 A   0.92008 0.00940 0.06968 0.00084 ( 1)
 178 L   0.91494 0.01173 0.07225 0.00108 ( 1)
 179 K   0.91695 0.00998 0.07216 0.00092 ( 1)
 180 M   0.92865 0.00488 0.06605 0.00042 ( 1)
 181 V   0.91673 0.01044 0.07187 0.00096 ( 1)
 182 K   0.91698 0.00994 0.07216 0.00091 ( 1)
 183 R   0.90862 0.01605 0.07382 0.00150 ( 1)
 184 Q   0.91188 0.01265 0.07429 0.00119 ( 1)
 185 S   0.91675 0.00993 0.07241 0.00091 ( 1)
 186 Y   0.91590 0.00951 0.07370 0.00089 ( 1)
 187 G   0.91080 0.01354 0.07439 0.00127 ( 1)
 188 T   0.92176 0.00772 0.06983 0.00069 ( 1)
 189 N   0.92554 0.00615 0.06777 0.00054 ( 1)
 190 S   0.91618 0.00946 0.07348 0.00088 ( 1)
 191 G   0.91374 0.01060 0.07466 0.00100 ( 1)
 192 V   0.92337 0.00775 0.06819 0.00069 ( 1)
 193 A   0.91377 0.01049 0.07475 0.00099 ( 1)
 194 I   0.92600 0.00652 0.06691 0.00057 ( 1)
 195 Y   0.91344 0.01197 0.07348 0.00111 ( 1)
 196 H   0.92505 0.00620 0.06820 0.00055 ( 1)
 197 R   0.91473 0.01122 0.07300 0.00104 ( 1)
 198 Y   0.92377 0.00736 0.06822 0.00065 ( 1)
 199 K   0.91698 0.00994 0.07216 0.00091 ( 1)
 200 A   0.91474 0.01112 0.07311 0.00103 ( 1)
 201 G   0.92156 0.00804 0.06968 0.00072 ( 1)
 202 N   0.92554 0.00615 0.06777 0.00054 ( 1)
 203 Y   0.91344 0.01197 0.07348 0.00111 ( 1)
 204 R   0.91669 0.01083 0.07149 0.00099 ( 1)
 205 S   0.92556 0.00613 0.06777 0.00054 ( 1)
 206 P   0.91424 0.01130 0.07340 0.00105 ( 1)
 207 P   0.91899 0.01008 0.07002 0.00091 ( 1)
 208 I   0.92448 0.00803 0.06679 0.00070 ( 1)
 209 T   0.91476 0.01110 0.07311 0.00103 ( 1)
 210 A   0.91476 0.01110 0.07311 0.00103 ( 1)
 211 D   0.92554 0.00615 0.06777 0.00054 ( 1)
 212 I   0.79075 0.13924 0.05782 0.01220 ( 1)
 213 E   0.91695 0.00998 0.07216 0.00092 ( 1)
 214 L   0.92445 0.00701 0.06792 0.00062 ( 1)
 215 A   0.91474 0.01112 0.07311 0.00103 ( 1)
 216 L   0.91795 0.01025 0.07086 0.00093 ( 1)
 217 L   0.92075 0.01069 0.06762 0.00094 ( 1)
 218 R   0.90210 0.01889 0.07719 0.00183 ( 1)
 219 A   0.92008 0.00940 0.06968 0.00084 ( 1)

