

TREE # 1

  0  0.0000   1391.860274  x:  0.29503   0.00000   0.00732   0.02137   0.01056   0.00685   0.00676   0.00349   0.00134   0.00507   0.00182   0.00673   0.00528   0.00784   0.00256   0.00781   0.00396   0.00306   0.00375   0.00241   0.01188   0.00407   0.00410   0.01325   0.00253   0.00959   0.00401   0.00214   0.00655   0.00118   0.00601   0.00311   0.00431   0.00809   0.00390   0.00708   0.00234   0.00256   0.00790   0.01187   0.00704   0.00907   0.00848   0.00805   0.00778   0.00731   0.00540   0.34048   1.08880   1.40654   0.98868   0.95238   1.14274   0.19002   0.29349   2.31146  
  1 99.0000   1391.854297  x:  0.29503   0.00000   0.00732   0.02137   0.01056   0.00685   0.00676   0.00349   0.00134   0.00507   0.00182   0.00673   0.00528   0.00783   0.00256   0.00781   0.00396   0.00306   0.00375   0.00241   0.01188   0.00407   0.00409   0.01325   0.00253   0.00959   0.00400   0.00214   0.00654   0.00117   0.00601   0.00311   0.00431   0.00809   0.00390   0.00708   0.00234   0.00256   0.00790   0.01187   0.00704   0.00907   0.00848   0.00804   0.00778   0.00730   0.00540   0.34048   1.08880   1.40654   0.98868   0.95238   1.14274   0.19002   0.29349   2.31146  
  2 1179.3825   1384.098937  x:  0.29491   0.00000   0.00698   0.02129   0.00979   0.00601   0.00559   0.00232   0.00017   0.00390   0.00065   0.00556   0.00522   0.00664   0.00139   0.00693   0.00279   0.00189   0.00256   0.00121   0.01124   0.00287   0.00290   0.01300   0.00136   0.00907   0.00283   0.00097   0.00538   0.00000   0.00484   0.00194   0.00314   0.00769   0.00273   0.00589   0.00237   0.00139   0.00673   0.01171   0.00588   0.00856   0.00780   0.00688   0.00659   0.00611   0.00532   0.34036   1.08892   1.40653   0.98859   0.95255   1.14282   0.18995   0.29279   2.31145  
  3 31602.7386   1383.040458  x:  0.29489   0.00000   0.00691   0.02129   0.00966   0.00588   0.00542   0.00216   0.00000   0.00374   0.00049   0.00540   0.00521   0.00648   0.00123   0.00680   0.00263   0.00173   0.00239   0.00105   0.01113   0.00271   0.00273   0.01295   0.00119   0.00898   0.00267   0.00081   0.00521   0.00000   0.00468   0.00178   0.00298   0.00761   0.00257   0.00572   0.00237   0.00123   0.00657   0.01169   0.00571   0.00847   0.00767   0.00671   0.00642   0.00595   0.00530   0.34035   1.08893   1.40654   0.98857   0.95257   1.14283   0.18994   0.29268   2.31145  
  4 211561.6593   1380.255413  x:  0.29497   0.00000   0.00757   0.02132   0.00863   0.00594   0.00495   0.00168   0.00000   0.00326   0.00000   0.00492   0.00549   0.00613   0.00075   0.00665   0.00217   0.00125   0.00205   0.00070   0.01052   0.00236   0.00239   0.01277   0.00073   0.00878   0.00220   0.00032   0.00473   0.00000   0.00419   0.00130   0.00250   0.00795   0.00212   0.00540   0.00238   0.00076   0.00610   0.01164   0.00524   0.00845   0.00714   0.00623   0.00607   0.00560   0.00581   0.34042   1.08900   1.40677   0.98851   0.95240   1.14284   0.18995   0.29146   2.31146  
  5 2161.8058   1378.575948  x:  0.29504   0.00000   0.00775   0.02133   0.00796   0.00628   0.00463   0.00136   0.00000   0.00295   0.00000   0.00460   0.00540   0.00592   0.00043   0.00684   0.00186   0.00094   0.00184   0.00049   0.01025   0.00216   0.00219   0.01271   0.00042   0.00876   0.00188   0.00000   0.00441   0.00000   0.00387   0.00099   0.00219   0.00811   0.00182   0.00521   0.00238   0.00045   0.00579   0.01163   0.00493   0.00850   0.00681   0.00591   0.00586   0.00539   0.00569   0.34049   1.08905   1.40696   0.98847   0.95226   1.14285   0.18995   0.29052   2.31146  
  6 5603.1871   1376.437067  x:  0.29513   0.00000   0.00805   0.02136   0.00708   0.00662   0.00421   0.00093   0.00000   0.00253   0.00000   0.00417   0.00517   0.00566   0.00000   0.00695   0.00145   0.00052   0.00157   0.00023   0.00983   0.00189   0.00192   0.01262   0.00001   0.00873   0.00146   0.00000   0.00399   0.00000   0.00345   0.00057   0.00178   0.00838   0.00144   0.00498   0.00238   0.00004   0.00539   0.01163   0.00452   0.00859   0.00646   0.00549   0.00560   0.00512   0.00540   0.34059   1.08911   1.40722   0.98841   0.95207   1.14286   0.18997   0.28924   2.31146  
  7 68818.3252   1376.413237  x:  0.29513   0.00000   0.00805   0.02136   0.00708   0.00662   0.00421   0.00093   0.00000   0.00252   0.00000   0.00417   0.00517   0.00566   0.00000   0.00694   0.00144   0.00052   0.00157   0.00022   0.00983   0.00189   0.00192   0.01262   0.00000   0.00873   0.00146   0.00000   0.00399   0.00000   0.00345   0.00057   0.00177   0.00838   0.00143   0.00497   0.00238   0.00003   0.00538   0.01163   0.00452   0.00859   0.00646   0.00548   0.00559   0.00512   0.00539   0.34059   1.08911   1.40723   0.98841   0.95206   1.14286   0.18997   0.28922   2.31146  
  8 3150.0047   1376.282836  x:  0.29514   0.00000   0.00804   0.02136   0.00706   0.00662   0.00418   0.00090   0.00000   0.00249   0.00000   0.00414   0.00516   0.00564   0.00000   0.00693   0.00141   0.00049   0.00155   0.00021   0.00982   0.00188   0.00191   0.01263   0.00000   0.00873   0.00143   0.00000   0.00396   0.00000   0.00342   0.00054   0.00174   0.00837   0.00141   0.00496   0.00238   0.00000   0.00535   0.01163   0.00449   0.00860   0.00646   0.00545   0.00558   0.00510   0.00540   0.34060   1.08912   1.40725   0.98840   0.95204   1.14286   0.18997   0.28909   2.31146  
  9 13640.6470   1374.439154  x:  0.29530   0.00000   0.00803   0.02135   0.00702   0.00655   0.00374   0.00046   0.00000   0.00206   0.00000   0.00370   0.00516   0.00544   0.00000   0.00686   0.00099   0.00006   0.00135   0.00000   0.00980   0.00168   0.00171   0.01261   0.00000   0.00868   0.00100   0.00000   0.00352   0.00000   0.00298   0.00011   0.00131   0.00831   0.00102   0.00480   0.00238   0.00000   0.00493   0.01161   0.00406   0.00852   0.00640   0.00501   0.00537   0.00490   0.00538   0.34076   1.08919   1.40763   0.98832   0.95173   1.14286   0.18999   0.28729   2.31147  
 10 37118.7791   1374.212593  x:  0.29533   0.00000   0.00801   0.02135   0.00702   0.00654   0.00369   0.00041   0.00000   0.00201   0.00000   0.00365   0.00516   0.00541   0.00000   0.00686   0.00094   0.00000   0.00132   0.00000   0.00978   0.00165   0.00168   0.01260   0.00000   0.00866   0.00095   0.00000   0.00346   0.00000   0.00293   0.00005   0.00126   0.00831   0.00097   0.00478   0.00238   0.00000   0.00488   0.01161   0.00401   0.00852   0.00639   0.00496   0.00535   0.00487   0.00538   0.34078   1.08920   1.40766   0.98831   0.95171   1.14286   0.18999   0.28706   2.31147  
 11 33856.6991   1373.999864  x:  0.29535   0.00000   0.00801   0.02135   0.00702   0.00653   0.00364   0.00036   0.00000   0.00196   0.00000   0.00360   0.00516   0.00538   0.00000   0.00685   0.00089   0.00000   0.00129   0.00000   0.00977   0.00162   0.00165   0.01259   0.00000   0.00866   0.00090   0.00000   0.00341   0.00000   0.00288   0.00000   0.00121   0.00830   0.00093   0.00475   0.00238   0.00000   0.00483   0.01161   0.00396   0.00851   0.00638   0.00491   0.00531   0.00484   0.00538   0.34080   1.08920   1.40769   0.98830   0.95171   1.14288   0.18998   0.28684   2.31147  
 12 28045.5981   1373.999864  x:  0.29535   0.00000   0.00801   0.02135   0.00702   0.00653   0.00364   0.00036   0.00000   0.00196   0.00000   0.00360   0.00516   0.00538   0.00000   0.00685   0.00089   0.00000   0.00129   0.00000   0.00977   0.00162   0.00165   0.01259   0.00000   0.00866   0.00090   0.00000   0.00341   0.00000   0.00288   0.00000   0.00121   0.00830   0.00093   0.00475   0.00238   0.00000   0.00483   0.01161   0.00396   0.00851   0.00638   0.00491   0.00531   0.00484   0.00538   0.34080   1.08920   1.40769   0.98830   0.95171   1.14288   0.18998   0.28684   2.31147  
 13 10347782177.8764   1372.306209  x:  0.29531   0.00000   0.00787   0.02132   0.00680   0.00631   0.00329   0.00000   0.00000   0.00161   0.00000   0.00324   0.00515   0.00502   0.00000   0.00663   0.00054   0.00000   0.00092   0.00000   0.00960   0.00126   0.00129   0.01252   0.00000   0.00851   0.00054   0.00000   0.00306   0.00000   0.00252   0.00000   0.00086   0.00817   0.00057   0.00439   0.00277   0.00000   0.00448   0.01156   0.00361   0.00836   0.00617   0.00456   0.00495   0.00448   0.00535   0.34077   1.08924   1.40768   0.98827   0.95176   1.14290   0.18996   0.28664   2.31147  
 14 979.7366   1369.988886  x:  0.29525   0.00000   0.00769   0.02128   0.00649   0.00600   0.00275   0.00000   0.00000   0.00108   0.00000   0.00271   0.00512   0.00447   0.00000   0.00631   0.00000   0.00000   0.00038   0.00000   0.00936   0.00071   0.00074   0.01243   0.00000   0.00831   0.00001   0.00000   0.00253   0.00000   0.00199   0.00000   0.00033   0.00798   0.00004   0.00384   0.00273   0.00000   0.00395   0.01150   0.00308   0.00815   0.00589   0.00403   0.00441   0.00393   0.00531   0.34071   1.08929   1.40767   0.98823   0.95185   1.14294   0.18993   0.28633   2.31147  
 15 15874.5577   1369.957514  x:  0.29525   0.00000   0.00768   0.02128   0.00649   0.00600   0.00275   0.00000   0.00000   0.00107   0.00000   0.00270   0.00512   0.00447   0.00000   0.00631   0.00000   0.00000   0.00037   0.00000   0.00936   0.00071   0.00073   0.01243   0.00000   0.00831   0.00000   0.00000   0.00252   0.00000   0.00198   0.00000   0.00032   0.00798   0.00003   0.00383   0.00273   0.00000   0.00394   0.01150   0.00307   0.00815   0.00588   0.00402   0.00440   0.00392   0.00531   0.34071   1.08929   1.40767   0.98823   0.95185   1.14294   0.18992   0.28633   2.31147  
 16 45039.2750   1369.849286  x:  0.29525   0.00000   0.00770   0.02128   0.00645   0.00600   0.00271   0.00000   0.00000   0.00104   0.00000   0.00267   0.00514   0.00444   0.00000   0.00629   0.00000   0.00000   0.00034   0.00000   0.00934   0.00068   0.00071   0.01242   0.00000   0.00831   0.00000   0.00000   0.00249   0.00000   0.00195   0.00000   0.00029   0.00799   0.00000   0.00381   0.00273   0.00000   0.00391   0.01150   0.00304   0.00815   0.00587   0.00399   0.00437   0.00390   0.00536   0.34071   1.08929   1.40768   0.98823   0.95185   1.14294   0.18992   0.28630   2.31147  
 17 3280.0719   1369.056740  x:  0.29527   0.00000   0.00787   0.02126   0.00598   0.00617   0.00243   0.00000   0.00000   0.00075   0.00000   0.00238   0.00509   0.00431   0.00000   0.00633   0.00000   0.00000   0.00020   0.00000   0.00916   0.00055   0.00058   0.01240   0.00000   0.00837   0.00000   0.00000   0.00220   0.00000   0.00166   0.00000   0.00000   0.00812   0.00000   0.00369   0.00273   0.00000   0.00363   0.01152   0.00276   0.00823   0.00568   0.00370   0.00423   0.00375   0.00528   0.34072   1.08933   1.40777   0.98820   0.95180   1.14296   0.18992   0.28582   2.31147  
 18 2374.8158   1369.056740  x:  0.29527   0.00000   0.00787   0.02126   0.00598   0.00617   0.00243   0.00000   0.00000   0.00075   0.00000   0.00238   0.00509   0.00431   0.00000   0.00633   0.00000   0.00000   0.00020   0.00000   0.00916   0.00055   0.00058   0.01240   0.00000   0.00837   0.00000   0.00000   0.00220   0.00000   0.00166   0.00000   0.00000   0.00812   0.00000   0.00369   0.00273   0.00000   0.00363   0.01152   0.00276   0.00823   0.00568   0.00370   0.00423   0.00375   0.00528   0.34072   1.08933   1.40777   0.98820   0.95180   1.14296   0.18992   0.28582   2.31147  
 19 675525011.9084   1368.336780  x:  0.29524   0.00000   0.00779   0.02124   0.00586   0.00606   0.00224   0.00000   0.00000   0.00055   0.00000   0.00219   0.00508   0.00411   0.00000   0.00622   0.00000   0.00000   0.00000   0.00000   0.00907   0.00035   0.00038   0.01236   0.00000   0.00829   0.00000   0.00000   0.00201   0.00000   0.00147   0.00000   0.00000   0.00805   0.00000   0.00349   0.00289   0.00000   0.00344   0.01149   0.00257   0.00815   0.00557   0.00350   0.00403   0.00355   0.00526   0.34070   1.08935   1.40777   0.98818   0.95183   1.14297   0.18990   0.28571   2.31147  
 20 858.8858   1367.239874  x:  0.29521   0.00000   0.00768   0.02122   0.00569   0.00590   0.00190   0.00000   0.00000   0.00022   0.00000   0.00186   0.00507   0.00376   0.00000   0.00605   0.00000   0.00000   0.00000   0.00000   0.00894   0.00000   0.00003   0.01231   0.00000   0.00817   0.00000   0.00000   0.00167   0.00000   0.00114   0.00000   0.00000   0.00794   0.00000   0.00315   0.00284   0.00000   0.00311   0.01146   0.00224   0.00803   0.00540   0.00317   0.00369   0.00321   0.00525   0.34066   1.08939   1.40776   0.98816   0.95188   1.14300   0.18988   0.28552   2.31147  
 21 14510.6541   1367.162199  x:  0.29521   0.00000   0.00768   0.02122   0.00568   0.00589   0.00188   0.00000   0.00000   0.00019   0.00000   0.00183   0.00507   0.00373   0.00000   0.00605   0.00000   0.00000   0.00000   0.00000   0.00893   0.00000   0.00000   0.01231   0.00000   0.00817   0.00000   0.00000   0.00165   0.00000   0.00111   0.00000   0.00000   0.00794   0.00000   0.00312   0.00284   0.00000   0.00308   0.01146   0.00221   0.00803   0.00539   0.00314   0.00366   0.00318   0.00525   0.34066   1.08939   1.40776   0.98815   0.95189   1.14300   0.18988   0.28551   2.31147  
 22 16042.3363   1366.682626  x:  0.29520   0.00000   0.00771   0.02118   0.00566   0.00582   0.00169   0.00000   0.00000   0.00000   0.00000   0.00164   0.00511   0.00357   0.00000   0.00593   0.00000   0.00000   0.00000   0.00000   0.00882   0.00000   0.00000   0.01226   0.00000   0.00816   0.00000   0.00000   0.00146   0.00000   0.00092   0.00000   0.00000   0.00796   0.00000   0.00295   0.00284   0.00000   0.00289   0.01145   0.00202   0.00801   0.00547   0.00295   0.00350   0.00302   0.00543   0.34065   1.08941   1.40779   0.98814   0.95189   1.14301   0.18987   0.28532   2.31147  
 23 3859.4784   1364.618896  x:  0.29517   0.00000   0.00785   0.02100   0.00596   0.00521   0.00079   0.00000   0.00000   0.00000   0.00000   0.00072   0.00512   0.00288   0.00000   0.00510   0.00000   0.00000   0.00000   0.00000   0.00830   0.00000   0.00000   0.01209   0.00000   0.00811   0.00000   0.00000   0.00054   0.00000   0.00000   0.00000   0.00000   0.00807   0.00000   0.00225   0.00285   0.00000   0.00200   0.01141   0.00113   0.00794   0.00621   0.00204   0.00279   0.00231   0.00558   0.34063   1.08953   1.40796   0.98804   0.95184   1.14306   0.18984   0.28420   2.31147  
 24 6510.3615   1363.560903  x:  0.29518   0.00000   0.00807   0.02085   0.00582   0.00512   0.00026   0.00000   0.00000   0.00000   0.00000   0.00018   0.00503   0.00254   0.00000   0.00477   0.00000   0.00000   0.00000   0.00000   0.00772   0.00000   0.00000   0.01190   0.00000   0.00809   0.00000   0.00000   0.00000   0.00000   0.00000   0.00000   0.00000   0.00824   0.00000   0.00190   0.00285   0.00000   0.00148   0.01139   0.00061   0.00791   0.00659   0.00150   0.00244   0.00197   0.00546   0.34063   1.08960   1.40812   0.98798   0.95176   1.14309   0.18983   0.28338   2.31146  
 25 4694.9418   1363.285552  x:  0.29520   0.00000   0.00806   0.02081   0.00581   0.00511   0.00009   0.00000   0.00000   0.00000   0.00000   0.00000   0.00508   0.00249   0.00000   0.00476   0.00000   0.00000   0.00000   0.00000   0.00771   0.00000   0.00000   0.01188   0.00000   0.00809   0.00000   0.00000   0.00000   0.00000   0.00000   0.00000   0.00000   0.00824   0.00000   0.00184   0.00285   0.00000   0.00132   0.01138   0.00045   0.00791   0.00658   0.00132   0.00238   0.00190   0.00544   0.34065   1.08963   1.40821   0.98796   0.95170   1.14310   0.18983   0.28298   2.31146  
 26 1336.0644   1363.167917  x:  0.29521   0.00000   0.00806   0.02079   0.00581   0.00511   0.00000   0.00000   0.00000   0.00000   0.00000   0.00000   0.00508   0.00246   0.00000   0.00475   0.00000   0.00000   0.00000   0.00000   0.00771   0.00000   0.00000   0.01188   0.00000   0.00808   0.00000   0.00000   0.00000   0.00000   0.00000   0.00000   0.00000   0.00824   0.00000   0.00181   0.00285   0.00000   0.00123   0.01138   0.00036   0.00790   0.00657   0.00123   0.00235   0.00187   0.00544   0.34066   1.08964   1.40826   0.98794   0.95166   1.14310   0.18983   0.28277   2.31146  
 27 26912.3783   1362.725544  x:  0.29525   0.00000   0.00804   0.02082   0.00578   0.00508   0.00000   0.00000   0.00000   0.00000   0.00000   0.00000   0.00508   0.00234   0.00000   0.00474   0.00000   0.00000   0.00000   0.00000   0.00769   0.00000   0.00000   0.01190   0.00000   0.00807   0.00000   0.00000   0.00000   0.00000   0.00000   0.00000   0.00000   0.00821   0.00000   0.00167   0.00285   0.00000   0.00087   0.01138   0.00000   0.00788   0.00655   0.00085   0.00221   0.00174   0.00543   0.34071   1.08971   1.40845   0.98789   0.95154   1.14312   0.18983   0.28187   2.31146  
 28 43052.2852   1361.890100  x:  0.29539   0.00000   0.00800   0.02091   0.00574   0.00505   0.00000   0.00000   0.00000   0.00000   0.00000   0.00000   0.00507   0.00205   0.00000   0.00468   0.00000   0.00000   0.00000   0.00000   0.00766   0.00000   0.00000   0.01186   0.00000   0.00803   0.00000   0.00000   0.00000   0.00000   0.00000   0.00000   0.00000   0.00819   0.00000   0.00136   0.00286   0.00000   0.00008   0.01137   0.00000   0.00785   0.00648   0.00000   0.00190   0.00142   0.00542   0.34084   1.08984   1.40885   0.98776   0.95131   1.14319   0.18980   0.27981   2.31146  
 29 78993.8108   1361.826864  x:  0.29540   0.00000   0.00800   0.02092   0.00574   0.00504   0.00000   0.00000   0.00000   0.00000   0.00000   0.00000   0.00507   0.00203   0.00000   0.00468   0.00000   0.00000   0.00000   0.00000   0.00765   0.00000   0.00000   0.01186   0.00000   0.00803   0.00000   0.00000   0.00000   0.00000   0.00000   0.00000   0.00000   0.00819   0.00000   0.00133   0.00286   0.00000   0.00000   0.01137   0.00000   0.00784   0.00647   0.00000   0.00187   0.00139   0.00542   0.34085   1.08985   1.40889   0.98775   0.95128   1.14319   0.18980   0.27962   2.31146  
 30 266979.7245   1359.774882  x:  0.29575   0.00000   0.00791   0.02134   0.00605   0.00528   0.00000   0.00000   0.00000   0.00000   0.00000   0.00000   0.00504   0.00082   0.00000   0.00420   0.00000   0.00000   0.00000   0.00000   0.00721   0.00000   0.00000   0.01199   0.00000   0.00774   0.00000   0.00000   0.00000   0.00000   0.00000   0.00000   0.00000   0.00809   0.00000   0.00000   0.00287   0.00000   0.00000   0.01115   0.00000   0.00776   0.00584   0.00000   0.00054   0.00006   0.00541   0.34121   1.09039   1.41048   0.98725   0.95028   1.14344   0.18972   0.27178   2.31145  
 31 12130.1729   1359.707049  x:  0.29576   0.00000   0.00791   0.02136   0.00604   0.00528   0.00000   0.00000   0.00000   0.00000   0.00000   0.00000   0.00504   0.00077   0.00000   0.00419   0.00000   0.00000   0.00000   0.00000   0.00721   0.00000   0.00000   0.01198   0.00000   0.00773   0.00000   0.00000   0.00000   0.00000   0.00000   0.00000   0.00000   0.00809   0.00000   0.00000   0.00287   0.00000   0.00000   0.01114   0.00000   0.00776   0.00583   0.00000   0.00048   0.00000   0.00541   0.34121   1.09041   1.41054   0.98723   0.95024   1.14345   0.18972   0.27150   2.31144  
 32 10371.2289   1359.209630  x:  0.29583   0.00000   0.00786   0.02153   0.00604   0.00523   0.00000   0.00000   0.00000   0.00000   0.00000   0.00000   0.00503   0.00034   0.00000   0.00414   0.00000   0.00000   0.00000   0.00000   0.00714   0.00000   0.00000   0.01188   0.00000   0.00769   0.00000   0.00000   0.00000   0.00000   0.00000   0.00000   0.00000   0.00808   0.00000   0.00000   0.00288   0.00000   0.00000   0.01113   0.00000   0.00772   0.00570   0.00000   0.00000   0.00000   0.00540   0.34128   1.09058   1.41106   0.98707   0.94989   1.14352   0.18970   0.26904   2.31144  
 33 223208.1416   1358.913152  x:  0.29593   0.00000   0.00786   0.02166   0.00602   0.00520   0.00000   0.00000   0.00000   0.00000   0.00000   0.00000   0.00503   0.00000   0.00000   0.00407   0.00000   0.00000   0.00000   0.00000   0.00711   0.00000   0.00000   0.01181   0.00000   0.00766   0.00000   0.00000   0.00000   0.00000   0.00000   0.00000   0.00000   0.00804   0.00000   0.00000   0.00288   0.00000   0.00000   0.01113   0.00000   0.00773   0.00561   0.00000   0.00000   0.00000   0.00539   0.34138   1.09071   1.41147   0.98695   0.94960   1.14357   0.18969   0.26720   2.31144  
 34 25931.0913   1347.504882  x:  0.30194   0.00000   0.00736   0.02957   0.00510   0.00354   0.00000   0.00000   0.00000   0.00000   0.00000   0.00000   0.00462   0.00000   0.00000   0.00028   0.00000   0.00000   0.00000   0.00000   0.00522   0.00000   0.00000   0.00730   0.00000   0.00586   0.00000   0.00000   0.00000   0.00000   0.00000   0.00000   0.00000   0.00648   0.00000   0.00000   0.00310   0.00000   0.00000   0.01077   0.00000   0.00784   0.00000   0.00000   0.00000   0.00000   0.00491   0.34740   1.09875   1.43634   0.97980   0.93199   1.14632   0.18926   0.15735   2.31130  
 35 1282729.3843   1344.990327  x:  0.30301   0.00000   0.00670   0.03134   0.00511   0.00410   0.00000   0.00000   0.00000   0.00000   0.00000   0.00000   0.00456   0.00000   0.00000   0.00000   0.00000   0.00000   0.00000   0.00000   0.00504   0.00000   0.00000   0.00500   0.00000   0.00348   0.00000   0.00000   0.00000   0.00000   0.00000   0.00000   0.00000   0.00455   0.00000   0.00000   0.00314   0.00000   0.00000   0.00941   0.00000   0.00818   0.00016   0.00000   0.00000   0.00000   0.00491   0.34847   1.10058   1.44170   0.97820   0.92827   1.14691   0.18918   0.13377   2.31127  
 36 5410.0565   1344.110431  x:  0.30335   0.00000   0.00716   0.03204   0.00511   0.00373   0.00000   0.00000   0.00000   0.00000   0.00000   0.00000   0.00454   0.00000   0.00000   0.00026   0.00000   0.00000   0.00000   0.00000   0.00508   0.00000   0.00000   0.00430   0.00000   0.00208   0.00000   0.00000   0.00000   0.00000   0.00000   0.00000   0.00000   0.00420   0.00000   0.00000   0.00315   0.00000   0.00000   0.00822   0.00000   0.00841   0.00000   0.00000   0.00000   0.00000   0.00488   0.34881   1.10133   1.44380   0.97756   0.92683   1.14714   0.18914   0.12458   2.31125  
 37 5805.8513   1344.110431  x:  0.30335   0.00000   0.00716   0.03204   0.00511   0.00373   0.00000   0.00000   0.00000   0.00000   0.00000   0.00000   0.00454   0.00000   0.00000   0.00026   0.00000   0.00000   0.00000   0.00000   0.00508   0.00000   0.00000   0.00430   0.00000   0.00208   0.00000   0.00000   0.00000   0.00000   0.00000   0.00000   0.00000   0.00420   0.00000   0.00000   0.00315   0.00000   0.00000   0.00822   0.00000   0.00841   0.00000   0.00000   0.00000   0.00000   0.00488   0.34881   1.10133   1.44380   0.97756   0.92683   1.14714   0.18914   0.12458   2.31125  
 38 678.4088   1341.673153  x:  0.30334   0.00000   0.00712   0.03199   0.00499   0.00378   0.00000   0.00000   0.00000   0.00000   0.00000   0.00000   0.00455   0.00000   0.00000   0.00266   0.00000   0.00000   0.00000   0.00000   0.00509   0.00000   0.00000   0.00449   0.00000   0.00228   0.00000   0.00000   0.00000   0.00000   0.00000   0.00000   0.00000   0.00424   0.00000   0.00000   0.00324   0.00000   0.00000   0.00826   0.00000   0.00836   0.00362   0.00000   0.00000   0.00000   0.00488   0.34881   1.10134   1.44379   0.97755   0.92686   1.14715   0.18913   0.12448   2.31125  
 39 6415.9053   1339.372820  x:  0.30316   0.00000   0.00515   0.02951   0.00310   0.00042   0.00000   0.00000   0.00000   0.00000   0.00000   0.00000   0.00540   0.00000   0.00000   0.00127   0.00000   0.00000   0.00000   0.00000   0.00552   0.00000   0.00000   0.01388   0.00000   0.01139   0.00000   0.00000   0.00000   0.00000   0.00000   0.00000   0.00000   0.00610   0.00000   0.00000   0.00730   0.00000   0.00000   0.01035   0.00000   0.00564   0.00451   0.00000   0.00000   0.00000   0.00521   0.34862   1.10195   1.44347   0.97697   0.92839   1.14791   0.18840   0.11912   2.31124  
 40 455.7128   1339.098483  x:  0.30314   0.00000   0.00508   0.02925   0.00340   0.00000   0.00000   0.00000   0.00000   0.00000   0.00000   0.00000   0.00540   0.00000   0.00000   0.00087   0.00000   0.00000   0.00000   0.00000   0.00553   0.00000   0.00000   0.01411   0.00000   0.01145   0.00000   0.00000   0.00000   0.00000   0.00000   0.00000   0.00000   0.00611   0.00000   0.00000   0.00728   0.00000   0.00000   0.01045   0.00000   0.00549   0.00479   0.00000   0.00000   0.00000   0.00521   0.34861   1.10202   1.44343   0.97690   0.92856   1.14800   0.18832   0.11849   2.31123  
 41 366.2048   1338.586766  x:  0.30310   0.00000   0.00488   0.02860   0.00425   0.00000   0.00000   0.00000   0.00000   0.00000   0.00000   0.00000   0.00540   0.00000   0.00000   0.00000   0.00000   0.00000   0.00000   0.00000   0.00555   0.00000   0.00000   0.01470   0.00000   0.01159   0.00000   0.00000   0.00000   0.00000   0.00000   0.00000   0.00000   0.00615   0.00000   0.00000   0.00723   0.00000   0.00000   0.01073   0.00000   0.00509   0.00543   0.00000   0.00000   0.00000   0.00522   0.34856   1.10220   1.44334   0.97674   0.92900   1.14822   0.18811   0.11692   2.31123  
 42 42184.1955   1331.591115  x:  0.30190   0.00000   0.00457   0.00998   0.00156   0.00000   0.00000   0.00000   0.00000   0.00000   0.00000   0.00000   0.00447   0.00000   0.00000   0.00000   0.00000   0.00000   0.00000   0.00000   0.00563   0.00000   0.00000   0.02222   0.00000   0.00624   0.00000   0.00000   0.00000   0.00000   0.00000   0.00000   0.00000   0.00494   0.00000   0.00000   0.00145   0.00000   0.00000   0.01559   0.00000   0.00216   0.00633   0.00000   0.00000   0.00000   0.00491   0.34737   1.10772   1.44053   0.97145   0.94273   1.15529   0.18137   0.06651   2.31105  
 43 426.5864   1329.241492  x:  0.30147   0.00000   0.00499   0.00433   0.00160   0.00000   0.00000   0.00000   0.00000   0.00000   0.00000   0.00000   0.00431   0.00000   0.00000   0.00000   0.00000   0.00000   0.00000   0.00000   0.00563   0.00000   0.00000   0.02433   0.00000   0.00399   0.00000   0.00000   0.00000   0.00000   0.00000   0.00000   0.00000   0.00464   0.00000   0.00000   0.00334   0.00000   0.00000   0.01692   0.00000   0.00386   0.00662   0.00000   0.00000   0.00000   0.00483   0.34694   1.11007   1.43933   0.96919   0.94859   1.15835   0.17846   0.04478   2.31098  
 44 2891.1007   1321.474677  x:  0.30071   0.00000   0.00577   0.00409   0.00168   0.00000   0.00000   0.00000   0.00000   0.00000   0.00000   0.00000   0.00435   0.00000   0.00000   0.00000   0.00000   0.00000   0.00000   0.00000   0.00566   0.00000   0.00000   0.02838   0.00000   0.00178   0.00000   0.00000   0.00000   0.00000   0.00000   0.00000   0.00000   0.00457   0.00000   0.00000   0.00246   0.00000   0.00000   0.01910   0.00000   0.00507   0.00714   0.00000   0.00000   0.00000   0.00478   0.34618   1.11486   1.43690   0.96455   0.96056   1.16463   0.17247   0.00010   2.31083  
 45 2496.1752   1320.652257  x:  0.29956   0.00000   0.00811   0.00365   0.00219   0.00000   0.00000   0.00000   0.00000   0.00000   0.00000   0.00000   0.00348   0.00000   0.00000   0.00000   0.00000   0.00000   0.00000   0.00000   0.00546   0.00000   0.00000   0.02911   0.00000   0.00303   0.00000   0.00000   0.00000   0.00000   0.00000   0.00000   0.00000   0.00292   0.00000   0.00000   0.00124   0.00000   0.00000   0.02161   0.00000   0.00686   0.00737   0.00000   0.00000   0.00000   0.00448   0.34502   1.12454   1.43199   0.95507   0.98478   1.17753   0.16016   0.00010   2.31052  
 46 79.8155   1319.577523  x:  0.29885   0.00000   0.00906   0.00386   0.00208   0.00000   0.00000   0.00000   0.00000   0.00000   0.00000   0.00000   0.00314   0.00000   0.00000   0.00000   0.00000   0.00000   0.00000   0.00000   0.00536   0.00000   0.00000   0.02894   0.00000   0.00291   0.00000   0.00000   0.00000   0.00000   0.00000   0.00000   0.00000   0.00249   0.00000   0.00000   0.00166   0.00000   0.00000   0.02312   0.00000   0.00635   0.00743   0.00000   0.00000   0.00000   0.00435   0.34432   1.13064   1.42891   0.94911   1.00000   1.18566   0.15239   0.00010   2.31032  
 47 3041.1025   1313.756661  x:  0.28575   0.00000   0.02228   0.00572   0.00139   0.00000   0.00000   0.00000   0.00000   0.00000   0.00000   0.00000   0.00908   0.00000   0.00000   0.00000   0.00000   0.00000   0.00000   0.00000   0.00438   0.00000   0.00000   0.01938   0.00000   0.00344   0.00000   0.00000   0.00000   0.00000   0.00000   0.00000   0.00000   0.01861   0.00000   0.00000   0.00331   0.00000   0.00000   0.04634   0.00000   0.00521   0.00772   0.00000   0.00000   0.00000   0.00461   0.33121   1.25000   1.36899   0.83275   1.00000   1.34525   0.00010   0.00010   2.30649  
 48 4096.2903   1308.764169  x:  0.28282   0.00000   0.00508   0.01177   0.00114   0.00000   0.00000   0.00000   0.00000   0.00000   0.00000   0.00000   0.00354   0.00000   0.00000   0.00000   0.00000   0.00000   0.00000   0.00000   0.01249   0.00000   0.00000   0.01593   0.00000   0.00263   0.00000   0.00000   0.00000   0.00000   0.00000   0.00000   0.00000   0.01881   0.00000   0.00000   0.00243   0.00000   0.00000   0.03348   0.00000   0.01508   0.00530   0.00000   0.00000   0.00000   0.00919   0.32829   1.30051   1.34415   0.78639   1.00000   1.41361   0.00010   0.00010   2.30484  
 49 499.7876   1306.552434  x:  0.28316   0.00000   0.00167   0.01407   0.00174   0.00000   0.00000   0.00000   0.00000   0.00000   0.00000   0.00000   0.00975   0.00000   0.00000   0.00000   0.00000   0.00000   0.00000   0.00000   0.00884   0.00000   0.00000   0.01662   0.00000   0.00225   0.00000   0.00000   0.00000   0.00000   0.00000   0.00000   0.00000   0.01515   0.00000   0.00000   0.00219   0.00000   0.00000   0.01858   0.00000   0.01738   0.00388   0.00000   0.00000   0.00000   0.00543   0.32862   1.31586   1.33677   0.77426   1.00000   1.43479   0.00010   0.00010   2.30432  
 50 522.6350   1305.657863  x:  0.28392   0.00000   0.00376   0.01503   0.00238   0.00000   0.00000   0.00000   0.00000   0.00000   0.00000   0.00000   0.01026   0.00000   0.00000   0.00000   0.00000   0.00000   0.00000   0.00000   0.00829   0.00000   0.00000   0.01756   0.00000   0.00209   0.00000   0.00000   0.00000   0.00000   0.00000   0.00000   0.00000   0.01506   0.00000   0.00000   0.00215   0.00000   0.00000   0.00959   0.00000   0.01765   0.00310   0.00000   0.00000   0.00000   0.00544   0.32939   1.32000   1.33493   0.77199   1.00000   1.44073   0.00010   0.00010   2.30417  
 51 667.7064   1305.506576  x:  0.28481   0.00000   0.00336   0.01508   0.00241   0.00000   0.00000   0.00000   0.00000   0.00000   0.00000   0.00000   0.00860   0.00000   0.00000   0.00000   0.00000   0.00000   0.00000   0.00000   0.00538   0.00000   0.00000   0.01783   0.00000   0.00200   0.00000   0.00000   0.00000   0.00000   0.00000   0.00000   0.00000   0.01587   0.00000   0.00000   0.00213   0.00000   0.00000   0.00852   0.00000   0.01772   0.00306   0.00000   0.00000   0.00000   0.00577   0.33027   1.32284   1.33372   0.77164   1.00000   1.44498   0.00010   0.00010   2.30406  
 52 91.4548   1305.193028  x:  0.28950   0.00000   0.00319   0.01488   0.00238   0.00000   0.00000   0.00000   0.00000   0.00000   0.00000   0.00000   0.00711   0.00000   0.00000   0.00000   0.00000   0.00000   0.00000   0.00000   0.00594   0.00000   0.00000   0.01828   0.00000   0.00167   0.00000   0.00000   0.00000   0.00000   0.00000   0.00000   0.00000   0.01699   0.00000   0.00000   0.00215   0.00000   0.00000   0.00790   0.00000   0.01739   0.00313   0.00000   0.00000   0.00000   0.00311   0.33497   1.33346   1.32949   0.77347   1.00000   1.46141   0.00010   0.00010   2.30363  
 53 86.9066   1304.271324  x:  0.30405   0.00000   0.00295   0.01413   0.00221   0.00000   0.00000   0.00000   0.00000   0.00000   0.00000   0.00000   0.00748   0.00000   0.00000   0.00000   0.00000   0.00000   0.00000   0.00000   0.00712   0.00000   0.00000   0.01932   0.00000   0.00064   0.00000   0.00000   0.00000   0.00000   0.00000   0.00000   0.00000   0.01703   0.00000   0.00000   0.00225   0.00000   0.00000   0.00707   0.00000   0.01617   0.00335   0.00000   0.00000   0.00000   0.00472   0.34952   1.36591   1.31672   0.78013   1.00000   1.51170   0.00010   0.00010   2.30233  
 54 777.8998   1303.592853  x:  0.31563   0.00000   0.00373   0.01599   0.00258   0.00000   0.00000   0.00000   0.00000   0.00000   0.00000   0.00000   0.00843   0.00000   0.00000   0.00000   0.00000   0.00000   0.00000   0.00000   0.00496   0.00000   0.00000   0.01830   0.00000   0.00056   0.00000   0.00000   0.00000   0.00000   0.00000   0.00000   0.00000   0.01648   0.00000   0.00000   0.00196   0.00000   0.00000   0.01133   0.00000   0.01897   0.00236   0.00000   0.00000   0.00000   0.00419   0.36109   1.37262   1.31822   0.81817   1.00000   1.52500   0.00010   0.00010   2.30184  
 55 137.2794   1301.522933  x:  0.29408   0.00000   0.00276   0.01641   0.00243   0.00000   0.00000   0.00000   0.00000   0.00000   0.00000   0.00000   0.00819   0.00000   0.00000   0.00000   0.00000   0.00000   0.00000   0.00000   0.00697   0.00000   0.00000   0.01640   0.00000   0.00130   0.00000   0.00000   0.00000   0.00000   0.00000   0.00000   0.00000   0.01702   0.00000   0.00000   0.00253   0.00000   0.00000   0.00665   0.00000   0.01819   0.00228   0.00000   0.00000   0.00000   0.00529   0.33954   1.47176   1.29703   0.90986   1.00000   1.65167   0.00010   0.00010   2.29774  
 56 85.3531   1298.019246  x:  0.28031   0.00000   0.00281   0.01593   0.00273   0.00000   0.00000   0.00000   0.00000   0.00000   0.00000   0.00000   0.00774   0.00000   0.00000   0.00000   0.00000   0.00000   0.00000   0.00000   0.00657   0.00000   0.00000   0.01812   0.00000   0.00118   0.00000   0.00000   0.00000   0.00000   0.00000   0.00000   0.00000   0.01349   0.00000   0.00000   0.00238   0.00000   0.00000   0.00708   0.00000   0.01807   0.00235   0.00000   0.00000   0.00000   0.00517   0.32578   1.69717   1.52169   0.94915   1.00000   1.94288   0.00010   0.00010   2.28610  
 57 25.6212   1293.872364  x:  0.31930   0.00000   0.00354   0.01276   0.00337   0.00000   0.00000   0.00000   0.00000   0.00000   0.00000   0.00000   0.00772   0.00000   0.00000   0.00000   0.00000   0.00000   0.00000   0.00000   0.00566   0.00000   0.00000   0.02320   0.00000   0.00210   0.00000   0.00000   0.00000   0.00000   0.00000   0.00000   0.00000   0.00773   0.00000   0.00000   0.00066   0.00000   0.00000   0.01046   0.00000   0.01808   0.00400   0.00000   0.00000   0.00000   0.00603   0.36476   1.99216   1.42710   0.86997   1.00000   2.18050   0.00010   0.00010   2.27014  
 58 10.5296   1293.216727  x:  0.32069   0.00000   0.00307   0.01102   0.00414   0.00000   0.00000   0.00000   0.00000   0.00000   0.00000   0.00000   0.00541   0.00000   0.00000   0.00000   0.00000   0.00000   0.00000   0.00000   0.00659   0.00000   0.00000   0.02108   0.00000   0.00218   0.00000   0.00000   0.00000   0.00000   0.00000   0.00000   0.00000   0.00870   0.00000   0.00000   0.00091   0.00000   0.00000   0.01099   0.00000   0.01499   0.00189   0.00000   0.00000   0.00000   0.00648   0.36615   2.04209   1.41107   0.84882   1.00000   2.21275   0.00010   0.00010   2.26765  
 59  7.9617   1292.175260  x:  0.37554   0.00000   0.00338   0.01152   0.00384   0.00000   0.00000   0.00000   0.00000   0.00000   0.00000   0.00000   0.00660   0.00000   0.00000   0.00000   0.00000   0.00000   0.00000   0.00000   0.00643   0.00000   0.00000   0.01913   0.00000   0.00274   0.00000   0.00000   0.00000   0.00000   0.00000   0.00000   0.00000   0.00955   0.00000   0.00000   0.00223   0.00000   0.00000   0.01111   0.00000   0.01359   0.00365   0.00000   0.00000   0.00000   0.00699   0.42101   2.09266   1.45229   0.85922   1.00000   2.17316   0.00010   0.00010   2.26577  
 60  1.1809   1290.748638  x:  0.34030   0.00000   0.00371   0.01049   0.00436   0.00000   0.00000   0.00000   0.00000   0.00000   0.00000   0.00000   0.00632   0.00000   0.00000   0.00000   0.00000   0.00000   0.00000   0.00000   0.00480   0.00000   0.00000   0.01649   0.00000   0.00257   0.00000   0.00000   0.00000   0.00000   0.00000   0.00000   0.00000   0.00840   0.00000   0.00000   0.00280   0.00000   0.00000   0.01159   0.00000   0.00974   0.00464   0.00000   0.00000   0.00000   0.00622   0.38576   1.73939   1.39846   0.84506   1.00000   2.52837   0.00010   0.00010   2.27741  
 61  2.1987   1290.723778  x:  0.33786   0.00000   0.00373   0.01042   0.00440   0.00000   0.00000   0.00000   0.00000   0.00000   0.00000   0.00000   0.00630   0.00000   0.00000   0.00000   0.00000   0.00000   0.00000   0.00000   0.00469   0.00000   0.00000   0.01630   0.00000   0.00256   0.00000   0.00000   0.00000   0.00000   0.00000   0.00000   0.00000   0.00832   0.00000   0.00000   0.00284   0.00000   0.00000   0.01162   0.00000   0.00948   0.00471   0.00000   0.00000   0.00000   0.00617   0.38333   1.71505   1.39474   0.84409   1.00000   2.55288   0.00010   0.00173   2.27823  
 62 671.8143   1289.579855  x:  0.33283   0.00000   0.00407   0.00967   0.00478   0.00000   0.00000   0.00000   0.00000   0.00000   0.00000   0.00000   0.00616   0.00000   0.00000   0.00000   0.00000   0.00000   0.00000   0.00000   0.00410   0.00000   0.00000   0.01006   0.00000   0.00277   0.00000   0.00000   0.00000   0.00000   0.00000   0.00000   0.00000   0.00735   0.00000   0.00000   0.00307   0.00000   0.00000   0.01122   0.00000   0.00373   0.00481   0.00000   0.00000   0.00000   0.00565   0.37829   1.98671   1.37118   0.84199   1.00000   2.55813   0.00010   0.00115   2.36965  
 63  0.6901   1289.054480  x:  0.33830   0.00000   0.00441   0.01263   0.00513   0.00000   0.00000   0.00000   0.00000   0.00000   0.00000   0.00000   0.00607   0.00000   0.00000   0.00000   0.00000   0.00000   0.00000   0.00000   0.00433   0.00000   0.00000   0.00655   0.00000   0.00301   0.00000   0.00000   0.00000   0.00000   0.00000   0.00000   0.00000   0.00552   0.00000   0.00000   0.00304   0.00000   0.00000   0.00981   0.00000   0.00564   0.00440   0.00000   0.00000   0.00000   0.00509   0.38376   2.05250   1.38244   0.85175   1.00000   2.56097   0.00010   0.00120   2.48813  
 64  0.2555   1288.705407  x:  0.33491   0.00000   0.00460   0.01427   0.00574   0.00000   0.00000   0.00000   0.00000   0.00000   0.00000   0.00000   0.00387   0.00000   0.00000   0.00000   0.00000   0.00000   0.00000   0.00000   0.00473   0.00000   0.00000   0.00950   0.00000   0.00317   0.00000   0.00000   0.00000   0.00000   0.00000   0.00000   0.00000   0.00483   0.00000   0.00000   0.00306   0.00000   0.00000   0.00927   0.00000   0.00614   0.00492   0.00000   0.00000   0.00000   0.00464   0.38037   2.17862   1.38046   0.85654   1.00000   2.53195   0.00010   0.00072   2.63155  
 65  0.3550   1288.606675  x:  0.33501   0.00000   0.00485   0.01507   0.00561   0.00000   0.00000   0.00000   0.00000   0.00000   0.00000   0.00000   0.00508   0.00000   0.00000   0.00000   0.00000   0.00000   0.00000   0.00000   0.00490   0.00000   0.00000   0.00997   0.00000   0.00331   0.00000   0.00000   0.00000   0.00000   0.00000   0.00000   0.00000   0.00369   0.00000   0.00000   0.00320   0.00000   0.00000   0.00891   0.00000   0.00546   0.00483   0.00000   0.00000   0.00000   0.00441   0.38046   2.19907   1.37914   0.85161   1.00000   2.53790   0.00010   0.00071   2.71991  
 66  0.1852   1288.440060  x:  0.33379   0.00000   0.00518   0.01707   0.00559   0.00000   0.00000   0.00000   0.00000   0.00000   0.00000   0.00000   0.00499   0.00000   0.00000   0.00000   0.00000   0.00000   0.00000   0.00000   0.00487   0.00000   0.00000   0.00952   0.00000   0.00359   0.00000   0.00000   0.00000   0.00000   0.00000   0.00000   0.00000   0.00491   0.00000   0.00000   0.00361   0.00000   0.00000   0.00921   0.00000   0.00387   0.00507   0.00000   0.00000   0.00000   0.00418   0.37925   2.23193   1.37236   0.84244   1.00000   2.53139   0.00010   0.00037   2.91353  
 67  0.2856   1288.365110  x:  0.33529   0.00000   0.00514   0.01873   0.00528   0.00000   0.00000   0.00000   0.00000   0.00000   0.00000   0.00000   0.00486   0.00000   0.00000   0.00000   0.00000   0.00000   0.00000   0.00000   0.00423   0.00000   0.00000   0.00981   0.00000   0.00387   0.00000   0.00000   0.00000   0.00000   0.00000   0.00000   0.00000   0.00510   0.00000   0.00000   0.00388   0.00000   0.00000   0.00981   0.00000   0.00497   0.00505   0.00000   0.00000   0.00000   0.00467   0.38075   2.22181   1.37407   0.83948   1.00000   2.53383   0.00010   0.00053   3.04726  
 68  0.1045   1288.335530  x:  0.33582   0.00000   0.00498   0.01956   0.00509   0.00000   0.00000   0.00000   0.00000   0.00000   0.00000   0.00000   0.00448   0.00000   0.00000   0.00000   0.00000   0.00000   0.00000   0.00000   0.00492   0.00000   0.00000   0.00958   0.00000   0.00406   0.00000   0.00000   0.00000   0.00000   0.00000   0.00000   0.00000   0.00479   0.00000   0.00000   0.00406   0.00000   0.00000   0.00986   0.00000   0.00476   0.00499   0.00000   0.00000   0.00000   0.00491   0.38128   2.19238   1.37761   0.84153   1.00000   2.55574   0.00010   0.00100   3.14000  
 69  0.1176   1288.319348  x:  0.33185   0.00000   0.00480   0.01992   0.00467   0.00000   0.00000   0.00000   0.00000   0.00000   0.00000   0.00000   0.00479   0.00000   0.00000   0.00000   0.00000   0.00000   0.00000   0.00000   0.00475   0.00000   0.00000   0.00958   0.00000   0.00419   0.00000   0.00000   0.00000   0.00000   0.00000   0.00000   0.00000   0.00474   0.00000   0.00000   0.00426   0.00000   0.00000   0.00961   0.00000   0.00460   0.00490   0.00000   0.00000   0.00000   0.00472   0.37731   2.19070   1.37392   0.84361   1.00000   2.56684   0.00010   0.00118   3.20848  
 70  0.0466   1288.309245  x:  0.33381   0.00000   0.00453   0.01924   0.00449   0.00000   0.00000   0.00000   0.00000   0.00000   0.00000   0.00000   0.00466   0.00000   0.00000   0.00000   0.00000   0.00000   0.00000   0.00000   0.00473   0.00000   0.00000   0.00960   0.00000   0.00436   0.00000   0.00000   0.00000   0.00000   0.00000   0.00000   0.00000   0.00480   0.00000   0.00000   0.00440   0.00000   0.00000   0.00954   0.00000   0.00467   0.00471   0.00000   0.00000   0.00000   0.00463   0.37927   2.20076   1.37428   0.84013   1.00000   2.55917   0.00010   0.00108   3.21160  
 71  0.0042   1288.303914  x:  0.33174   0.00000   0.00454   0.01880   0.00465   0.00000   0.00000   0.00000   0.00000   0.00000   0.00000   0.00000   0.00464   0.00000   0.00000   0.00000   0.00000   0.00000   0.00000   0.00000   0.00486   0.00000   0.00000   0.00960   0.00000   0.00447   0.00000   0.00000   0.00000   0.00000   0.00000   0.00000   0.00000   0.00483   0.00000   0.00000   0.00453   0.00000   0.00000   0.00980   0.00000   0.00473   0.00475   0.00000   0.00000   0.00000   0.00467   0.37719   2.20881   1.37270   0.84184   1.00000   2.55871   0.00010   0.00098   3.20708  
 72  0.0054   1288.300473  x:  0.33235   0.00000   0.00463   0.01876   0.00475   0.00000   0.00000   0.00000   0.00000   0.00000   0.00000   0.00000   0.00459   0.00000   0.00000   0.00000   0.00000   0.00000   0.00000   0.00000   0.00471   0.00000   0.00000   0.00961   0.00000   0.00462   0.00000   0.00000   0.00000   0.00000   0.00000   0.00000   0.00000   0.00475   0.00000   0.00000   0.00468   0.00000   0.00000   0.00965   0.00000   0.00461   0.00473   0.00000   0.00000   0.00000   0.00473   0.37781   2.19886   1.37516   0.84332   1.00000   2.56469   0.00010   0.00105   3.21940  
 73  0.0118   1288.299454  x:  0.33265   0.00000   0.00470   0.01883   0.00476   0.00000   0.00000   0.00000   0.00000   0.00000   0.00000   0.00000   0.00470   0.00000   0.00000   0.00000   0.00000   0.00000   0.00000   0.00000   0.00478   0.00000   0.00000   0.00965   0.00000   0.00468   0.00000   0.00000   0.00000   0.00000   0.00000   0.00000   0.00000   0.00481   0.00000   0.00000   0.00474   0.00000   0.00000   0.00958   0.00000   0.00468   0.00473   0.00000   0.00000   0.00000   0.00470   0.37810   2.19544   1.37493   0.84285   1.00000   2.56235   0.00010   0.00107   3.22266  
 74  0.0052   1288.299219  x:  0.33243   0.00000   0.00471   0.01886   0.00477   0.00000   0.00000   0.00000   0.00000   0.00000   0.00000   0.00000   0.00467   0.00000   0.00000   0.00000   0.00000   0.00000   0.00000   0.00000   0.00476   0.00000   0.00000   0.00960   0.00000   0.00471   0.00000   0.00000   0.00000   0.00000   0.00000   0.00000   0.00000   0.00479   0.00000   0.00000   0.00476   0.00000   0.00000   0.00960   0.00000   0.00470   0.00475   0.00000   0.00000   0.00000   0.00467   0.37788   2.19613   1.37439   0.84223   1.00000   2.55982   0.00010   0.00105   3.21939  
 75  0.0028   1288.299022  x:  0.33251   0.00000   0.00471   0.01883   0.00475   0.00000   0.00000   0.00000   0.00000   0.00000   0.00000   0.00000   0.00468   0.00000   0.00000   0.00000   0.00000   0.00000   0.00000   0.00000   0.00477   0.00000   0.00000   0.00958   0.00000   0.00473   0.00000   0.00000   0.00000   0.00000   0.00000   0.00000   0.00000   0.00478   0.00000   0.00000   0.00474   0.00000   0.00000   0.00961   0.00000   0.00469   0.00477   0.00000   0.00000   0.00000   0.00469   0.37797   2.19249   1.37485   0.84263   1.00000   2.55395   0.00010   0.00095   3.19308  
 76  0.0079   1288.298921  x:  0.33230   0.00000   0.00471   0.01886   0.00474   0.00000   0.00000   0.00000   0.00000   0.00000   0.00000   0.00000   0.00467   0.00000   0.00000   0.00000   0.00000   0.00000   0.00000   0.00000   0.00476   0.00000   0.00000   0.00962   0.00000   0.00474   0.00000   0.00000   0.00000   0.00000   0.00000   0.00000   0.00000   0.00479   0.00000   0.00000   0.00472   0.00000   0.00000   0.00958   0.00000   0.00468   0.00478   0.00000   0.00000   0.00000   0.00468   0.37775   2.19246   1.37431   0.84253   1.00000   2.55373   0.00010   0.00093   3.17391  
 77  0.0064   1288.298862  x:  0.33244   0.00000   0.00470   0.01886   0.00475   0.00000   0.00000   0.00000   0.00000   0.00000   0.00000   0.00000   0.00467   0.00000   0.00000   0.00000   0.00000   0.00000   0.00000   0.00000   0.00477   0.00000   0.00000   0.00962   0.00000   0.00476   0.00000   0.00000   0.00000   0.00000   0.00000   0.00000   0.00000   0.00479   0.00000   0.00000   0.00472   0.00000   0.00000   0.00961   0.00000   0.00469   0.00477   0.00000   0.00000   0.00000   0.00469   0.37790   2.19361   1.37468   0.84244   1.00000   2.55485   0.00010   0.00097   3.16316  
 78  0.0044   1288.298846  x:  0.33244   0.00000   0.00470   0.01887   0.00475   0.00000   0.00000   0.00000   0.00000   0.00000   0.00000   0.00000   0.00468   0.00000   0.00000   0.00000   0.00000   0.00000   0.00000   0.00000   0.00477   0.00000   0.00000   0.00960   0.00000   0.00477   0.00000   0.00000   0.00000   0.00000   0.00000   0.00000   0.00000   0.00479   0.00000   0.00000   0.00471   0.00000   0.00000   0.00960   0.00000   0.00469   0.00476   0.00000   0.00000   0.00000   0.00468   0.37790   2.19416   1.37461   0.84260   1.00000   2.55511   0.00010   0.00097   3.16384  
 79  0.0004   1288.298827  x:  0.33242   0.00000   0.00471   0.01886   0.00476   0.00000   0.00000   0.00000   0.00000   0.00000   0.00000   0.00000   0.00468   0.00000   0.00000   0.00000   0.00000   0.00000   0.00000   0.00000   0.00477   0.00000   0.00000   0.00960   0.00000   0.00478   0.00000   0.00000   0.00000   0.00000   0.00000   0.00000   0.00000   0.00479   0.00000   0.00000   0.00469   0.00000   0.00000   0.00960   0.00000   0.00469   0.00476   0.00000   0.00000   0.00000   0.00468   0.37787   2.19379   1.37459   0.84246   1.00000   2.55500   0.00010   0.00096   3.17241  
 80  0.0017   1288.298822  x:  0.33239   0.00000   0.00470   0.01886   0.00475   0.00000   0.00000   0.00000   0.00000   0.00000   0.00000   0.00000   0.00468   0.00000   0.00000   0.00000   0.00000   0.00000   0.00000   0.00000   0.00477   0.00000   0.00000   0.00961   0.00000   0.00478   0.00000   0.00000   0.00000   0.00000   0.00000   0.00000   0.00000   0.00479   0.00000   0.00000   0.00469   0.00000   0.00000   0.00960   0.00000   0.00469   0.00476   0.00000   0.00000   0.00000   0.00468   0.37785   2.19342   1.37462   0.84255   1.00000   2.55545   0.00010   0.00097   3.17549  
 81  0.0020   1288.298822  x:  0.33242   0.00000   0.00470   0.01886   0.00475   0.00000   0.00000   0.00000   0.00000   0.00000   0.00000   0.00000   0.00468   0.00000   0.00000   0.00000   0.00000   0.00000   0.00000   0.00000   0.00477   0.00000   0.00000   0.00961   0.00000   0.00478   0.00000   0.00000   0.00000   0.00000   0.00000   0.00000   0.00000   0.00479   0.00000   0.00000   0.00469   0.00000   0.00000   0.00960   0.00000   0.00469   0.00477   0.00000   0.00000   0.00000   0.00468   0.37787   2.19358   1.37461   0.84254   1.00000   2.55554   0.00010   0.00098   3.17588  
 82  0.0002   1288.298822  x:  0.33241   0.00000   0.00471   0.01886   0.00475   0.00000   0.00000   0.00000   0.00000   0.00000   0.00000   0.00000   0.00468   0.00000   0.00000   0.00000   0.00000   0.00000   0.00000   0.00000   0.00477   0.00000   0.00000   0.00961   0.00000   0.00478   0.00000   0.00000   0.00000   0.00000   0.00000   0.00000   0.00000   0.00479   0.00000   0.00000   0.00469   0.00000   0.00000   0.00960   0.00000   0.00469   0.00477   0.00000   0.00000   0.00000   0.00468   0.37787   2.19360   1.37462   0.84254   1.00000   2.55557   0.00010   0.00098   3.17594  
 83  0.0001   1288.298822  x:  0.33241   0.00000   0.00471   0.01886   0.00475   0.00000   0.00000   0.00000   0.00000   0.00000   0.00000   0.00000   0.00468   0.00000   0.00000   0.00000   0.00000   0.00000   0.00000   0.00000   0.00477   0.00000   0.00000   0.00961   0.00000   0.00478   0.00000   0.00000   0.00000   0.00000   0.00000   0.00000   0.00000   0.00479   0.00000   0.00000   0.00469   0.00000   0.00000   0.00960   0.00000   0.00469   0.00477   0.00000   0.00000   0.00000   0.00468   0.37787   2.19360   1.37462   0.84254   1.00000   2.55557   0.00010   0.00098   3.17594  
 84  0.0000   1288.298822  x:  0.33241   0.00000   0.00471   0.01886   0.00475   0.00000   0.00000   0.00000   0.00000   0.00000   0.00000   0.00000   0.00468   0.00000   0.00000   0.00000   0.00000   0.00000   0.00000   0.00000   0.00477   0.00000   0.00000   0.00961   0.00000   0.00478   0.00000   0.00000   0.00000   0.00000   0.00000   0.00000   0.00000   0.00479   0.00000   0.00000   0.00469   0.00000   0.00000   0.00960   0.00000   0.00469   0.00477   0.00000   0.00000   0.00000   0.00468   0.37787   2.19360   1.37462   0.84254   1.00000   2.55557   0.00010   0.00098   3.17594  
 85  0.0000   1288.298822  x:  0.33241   0.00000   0.00471   0.01886   0.00475   0.00000   0.00000   0.00000   0.00000   0.00000   0.00000   0.00000   0.00468   0.00000   0.00000   0.00000   0.00000   0.00000   0.00000   0.00000   0.00477   0.00000   0.00000   0.00961   0.00000   0.00478   0.00000   0.00000   0.00000   0.00000   0.00000   0.00000   0.00000   0.00479   0.00000   0.00000   0.00469   0.00000   0.00000   0.00960   0.00000   0.00469   0.00477   0.00000   0.00000   0.00000   0.00468   0.37787   2.19360   1.37462   0.84254   1.00000   2.55557   0.00010   0.00098   3.17594  