Supplemental results for CODEML (seqf: aln.phy  treef: tree.tre)


MLEs of dN/dS (w) for site classes (K=4)

site class             0        1       2a       2b
proportion       0.77252  0.11375  0.09914  0.01460
background w     0.01724  1.00000  0.01724  1.00000
foreground w     0.01724  1.00000  1.00000  1.00000

Naive Empirical Bayes (NEB) probabilities for 4 classes
(amino acids refer to 1st sequence: KY581700.1)

   1 M   0.87756 0.02474 0.09453 0.00317 ( 1)
   2 A   0.85593 0.04101 0.09781 0.00526 ( 1)
   3 A   0.00008 0.88572 0.00053 0.11367 ( 2)
   4 P   0.85940 0.03855 0.09710 0.00495 ( 1)
   5 A   0.85778 0.03980 0.09732 0.00511 ( 1)
   6 A   0.85473 0.04219 0.09767 0.00541 ( 1)
   7 P   0.85917 0.03877 0.09708 0.00498 ( 1)
   8 R   0.85766 0.03991 0.09731 0.00512 ( 1)
   9 A   0.85796 0.03962 0.09734 0.00508 ( 1)
  10 V   0.85669 0.04082 0.09724 0.00524 ( 1)
  11 S   0.09546 0.24923 0.62333 0.03198 ( 3)
  12 F   0.87153 0.02925 0.09546 0.00375 ( 1)
  13 A   0.85849 0.03925 0.09723 0.00504 ( 1)
  14 D   0.86814 0.03166 0.09614 0.00406 ( 1)
  15 N   0.86872 0.03123 0.09604 0.00401 ( 1)
  16 N   0.86814 0.03166 0.09614 0.00406 ( 1)
  17 D   0.86622 0.03355 0.09592 0.00431 ( 1)
  18 I   0.13760 0.75075 0.01531 0.09634 ( 2)
  19 T   0.19812 0.69062 0.02264 0.08863 ( 2)
  20 N   0.86814 0.03166 0.09614 0.00406 ( 1)
  21 T   0.12769 0.76016 0.01459 0.09755 ( 2)
  22 N   0.86872 0.03123 0.09604 0.00401 ( 1)
  23 L   0.00007 0.88579 0.00046 0.11367 ( 2)
  24 S   0.85894 0.03897 0.09710 0.00500 ( 1)
  25 R   0.83299 0.06008 0.09922 0.00771 ( 1)
  26 G   0.85310 0.04405 0.09719 0.00565 ( 1)
  27 R   0.85329 0.04327 0.09789 0.00555 ( 1)
  28 G   0.84569 0.04947 0.09849 0.00635 ( 1)
  29 R   0.80291 0.09394 0.09109 0.01206 ( 1)
  30 N   0.86622 0.03355 0.09592 0.00431 ( 1)
  31 P   0.85714 0.04014 0.09757 0.00515 ( 1)
  32 K   0.86037 0.03760 0.09720 0.00483 ( 1)
  33 P   0.85714 0.04014 0.09757 0.00515 ( 1)
  34 R   0.83299 0.06008 0.09922 0.00771 ( 1)
  35 A   0.20760 0.68140 0.02355 0.08744 ( 2)
  36 A   0.85473 0.04219 0.09767 0.00541 ( 1)
  37 P   0.85604 0.04123 0.09744 0.00529 ( 1)
  38 N   0.86814 0.03166 0.09614 0.00406 ( 1)
  39 N   0.86872 0.03123 0.09604 0.00401 ( 1)
  40 T   0.85778 0.03980 0.09732 0.00511 ( 1)
  41 V   0.85834 0.03936 0.09726 0.00505 ( 1)
  42 S   0.85902 0.03888 0.09711 0.00499 ( 1)
  43 W   0.85786 0.03948 0.09759 0.00507 ( 1)
  44 Y   0.85864 0.03906 0.09729 0.00501 ( 1)
  45 T   0.85690 0.04069 0.09719 0.00522 ( 1)
  46 G   0.85313 0.04342 0.09787 0.00557 ( 1)
  47 L   0.85898 0.03892 0.09710 0.00500 ( 1)
  48 T   0.85849 0.03925 0.09723 0.00504 ( 1)
  49 Q   0.85788 0.03955 0.09750 0.00508 ( 1)
  50 H   0.87025 0.02997 0.09593 0.00385 ( 1)
  51 G   0.85317 0.04341 0.09784 0.00557 ( 1)
  52 K   0.86037 0.03760 0.09720 0.00483 ( 1)
  53 V   0.85834 0.03936 0.09726 0.00505 ( 1)
  54 P   0.23776 0.65174 0.02686 0.08364 ( 2)
  55 L   0.85898 0.03892 0.09710 0.00500 ( 1)
  56 T   0.20911 0.67995 0.02368 0.08726 ( 2)
  57 F   0.86956 0.03119 0.09524 0.00400 ( 1)
  58 P   0.85604 0.04123 0.09744 0.00529 ( 1)
  59 P   0.85917 0.03877 0.09708 0.00498 ( 1)
  60 G   0.85090 0.04563 0.09761 0.00586 ( 1)
  61 Q   0.85795 0.03948 0.09751 0.00507 ( 1)
  62 G   0.85633 0.04087 0.09756 0.00524 ( 1)
  63 V   0.85458 0.04230 0.09770 0.00543 ( 1)
  64 P   0.85917 0.03877 0.09708 0.00498 ( 1)
  65 L   0.85898 0.03892 0.09710 0.00500 ( 1)
  66 N   0.86814 0.03166 0.09614 0.00406 ( 1)
  67 A   0.85849 0.03925 0.09723 0.00504 ( 1)
  68 N   0.86814 0.03166 0.09614 0.00406 ( 1)
  69 S   0.85913 0.03887 0.09701 0.00499 ( 1)
  70 T   0.09467 0.25112 0.62199 0.03223 ( 3)
  71 P   0.85910 0.03880 0.09711 0.00498 ( 1)
  72 A   0.85476 0.04215 0.09767 0.00541 ( 1)
  73 Q   0.85788 0.03955 0.09750 0.00508 ( 1)
  74 N   0.86814 0.03166 0.09614 0.00406 ( 1)
  75 A   0.85778 0.03980 0.09732 0.00511 ( 1)
  76 G   0.85327 0.04338 0.09778 0.00557 ( 1)
  77 Y   0.85792 0.03962 0.09738 0.00508 ( 1)
  78 W   0.85786 0.03948 0.09759 0.00507 ( 1)
  79 R   0.84736 0.04824 0.09821 0.00619 ( 1)
  80 R   0.85329 0.04327 0.09789 0.00555 ( 1)
  81 Q   0.85795 0.03948 0.09751 0.00507 ( 1)
  82 D   0.86872 0.03123 0.09604 0.00401 ( 1)
  83 R   0.85329 0.04327 0.09789 0.00555 ( 1)
  84 K   0.86037 0.03760 0.09720 0.00483 ( 1)
  85 I   0.86408 0.03484 0.09661 0.00447 ( 1)
  86 N   0.86814 0.03166 0.09614 0.00406 ( 1)
  87 T   0.85733 0.04039 0.09709 0.00518 ( 1)
  88 G   0.85088 0.04565 0.09761 0.00586 ( 1)
  89 N   0.86814 0.03166 0.09614 0.00406 ( 1)
  90 G   0.84569 0.04947 0.09849 0.00635 ( 1)
  91 I   0.24514 0.64472 0.02741 0.08274 ( 2)
  92 K   0.86040 0.03757 0.09721 0.00482 ( 1)
  93 Q   0.00419 0.88213 0.00048 0.11320 ( 2)
  94 L   0.84187 0.05268 0.09869 0.00676 ( 1)
  95 A   0.85778 0.03980 0.09732 0.00511 ( 1)
  96 P   0.85988 0.03823 0.09698 0.00491 ( 1)
  97 R   0.86000 0.03795 0.09718 0.00487 ( 1)
  98 W   0.85786 0.03948 0.09759 0.00507 ( 1)
  99 Y   0.85864 0.03906 0.09729 0.00501 ( 1)
 100 F   0.87208 0.02887 0.09535 0.00371 ( 1)
 101 Y   0.85864 0.03906 0.09729 0.00501 ( 1)
 102 Y   0.85864 0.03906 0.09729 0.00501 ( 1)
 103 T   0.85778 0.03980 0.09732 0.00511 ( 1)
 104 G   0.84569 0.04947 0.09849 0.00635 ( 1)
 105 T   0.85799 0.03961 0.09732 0.00508 ( 1)
 106 G   0.84569 0.04947 0.09849 0.00635 ( 1)
 107 P   0.85968 0.03843 0.09696 0.00493 ( 1)
 108 E   0.85784 0.03999 0.09705 0.00513 ( 1)
 109 A   0.85593 0.04101 0.09781 0.00526 ( 1)
 110 A   0.00253 0.88376 0.00029 0.11341 ( 2)
 111 L   0.85969 0.03838 0.09700 0.00493 ( 1)
 112 P   0.85714 0.04014 0.09757 0.00515 ( 1)
 113 F   0.87210 0.02885 0.09535 0.00370 ( 1)
 114 R   0.84338 0.05218 0.09775 0.00670 ( 1)
 115 A   0.85779 0.03979 0.09731 0.00511 ( 1)
 116 V   0.85779 0.03974 0.09737 0.00510 ( 1)
 117 K   0.86040 0.03757 0.09721 0.00482 ( 1)
 118 D   0.86622 0.03355 0.09592 0.00431 ( 1)
 119 G   0.85359 0.04372 0.09708 0.00561 ( 1)
 120 I   0.86472 0.03436 0.09651 0.00441 ( 1)
 121 V   0.23827 0.65112 0.02705 0.08356 ( 2)
 122 W   0.85786 0.03948 0.09759 0.00507 ( 1)
 123 V   0.85834 0.03936 0.09726 0.00505 ( 1)
 124 H   0.87008 0.03029 0.09574 0.00389 ( 1)
 125 E   0.85800 0.03994 0.09693 0.00513 ( 1)
 126 D   0.00000 0.88556 0.00079 0.11364 ( 2)
 127 G   0.85694 0.04041 0.09746 0.00519 ( 1)
 128 A   0.85849 0.03925 0.09723 0.00504 ( 1)
 129 T   0.85778 0.03980 0.09732 0.00511 ( 1)
 130 D   0.86814 0.03166 0.09614 0.00406 ( 1)
 131 A   0.85778 0.03980 0.09732 0.00511 ( 1)
 132 P   0.85917 0.03877 0.09708 0.00498 ( 1)
 133 S   0.84098 0.05346 0.09870 0.00686 ( 1)
 134 T   0.85778 0.03980 0.09732 0.00511 ( 1)
 135 F   0.87153 0.02925 0.09546 0.00375 ( 1)
 136 G   0.85313 0.04342 0.09787 0.00557 ( 1)
 137 T   0.85476 0.04215 0.09767 0.00541 ( 1)
 138 R   0.84736 0.04824 0.09821 0.00619 ( 1)
 139 N   0.86872 0.03123 0.09604 0.00401 ( 1)
 140 P   0.85917 0.03877 0.09708 0.00498 ( 1)
 141 N   0.86872 0.03123 0.09604 0.00401 ( 1)
 142 N   0.86814 0.03166 0.09614 0.00406 ( 1)
 143 D   0.86814 0.03166 0.09614 0.00406 ( 1)
 144 S   0.18427 0.70379 0.02163 0.09032 ( 2)
 145 A   0.85778 0.03980 0.09732 0.00511 ( 1)
 146 I   0.86408 0.03484 0.09661 0.00447 ( 1)
 147 V   0.85762 0.03991 0.09735 0.00512 ( 1)
 148 T   0.85480 0.04212 0.09768 0.00540 ( 1)
 149 Q   0.85788 0.03955 0.09750 0.00508 ( 1)
 150 F   0.87210 0.02885 0.09535 0.00370 ( 1)
 151 A   0.85476 0.04215 0.09767 0.00541 ( 1)
 152 P   0.85988 0.03823 0.09698 0.00491 ( 1)
 153 G   0.85623 0.04097 0.09755 0.00526 ( 1)
 154 T   0.85778 0.03980 0.09732 0.00511 ( 1)
 155 K   0.86008 0.03765 0.09743 0.00483 ( 1)
 156 L   0.85898 0.03892 0.09710 0.00500 ( 1)
 157 P   0.85917 0.03877 0.09708 0.00498 ( 1)
 158 K   0.86037 0.03760 0.09720 0.00483 ( 1)
 159 N   0.86872 0.03123 0.09604 0.00401 ( 1)
 160 F   0.87210 0.02885 0.09535 0.00370 ( 1)
 161 H   0.87066 0.02988 0.09563 0.00383 ( 1)
 162 I   0.86408 0.03484 0.09661 0.00447 ( 1)
 163 E   0.85800 0.03994 0.09693 0.00513 ( 1)
 164 G   0.85313 0.04342 0.09787 0.00557 ( 1)
 165 T   0.85778 0.03980 0.09732 0.00511 ( 1)
 166 G   0.84569 0.04947 0.09849 0.00635 ( 1)
 167 G   0.85694 0.04041 0.09746 0.00519 ( 1)
 168 N   0.86814 0.03166 0.09614 0.00406 ( 1)
 169 S   0.10030 0.22533 0.64546 0.02892 ( 3)
 170 Q   0.85788 0.03955 0.09750 0.00508 ( 1)
 171 S   0.84098 0.05346 0.09870 0.00686 ( 1)
 172 S   0.85894 0.03897 0.09710 0.00500 ( 1)
 173 S   0.84098 0.05346 0.09870 0.00686 ( 1)
 174 R   0.85329 0.04327 0.09789 0.00555 ( 1)
 175 A   0.85734 0.04038 0.09710 0.00518 ( 1)
 176 S   0.85894 0.03897 0.09710 0.00500 ( 1)
 177 S   0.86653 0.03339 0.09579 0.00429 ( 1)
 178 V   0.00519 0.88113 0.00059 0.11308 ( 2)
 179 S   0.86875 0.03121 0.09604 0.00401 ( 1)
 180 R   0.85329 0.04327 0.09789 0.00555 ( 1)
 181 N   0.86872 0.03123 0.09604 0.00401 ( 1)
 182 S   0.85894 0.03897 0.09710 0.00500 ( 1)
 183 S   0.85930 0.03876 0.09696 0.00497 ( 1)
 184 R   0.85329 0.04327 0.09789 0.00555 ( 1)
 185 S   0.85902 0.03888 0.09711 0.00499 ( 1)
 186 S   0.27636 0.61421 0.03060 0.07882 ( 2)
 187 S   0.84790 0.04661 0.09951 0.00598 ( 1)
 188 Q   0.20433 0.68459 0.02322 0.08785 ( 2)
 189 G   0.85623 0.04097 0.09755 0.00526 ( 1)
 190 S   0.84790 0.04661 0.09951 0.00598 ( 1)
 191 R   0.85329 0.04327 0.09789 0.00555 ( 1)
 192 S   0.84768 0.04683 0.09949 0.00601 ( 1)
 193 G   0.84950 0.04570 0.09893 0.00586 ( 1)
 194 N   0.86872 0.03123 0.09604 0.00401 ( 1)
 195 S   0.85881 0.03894 0.09725 0.00500 ( 1)
 196 T   0.20911 0.67995 0.02368 0.08726 ( 2)
 197 R   0.85838 0.03936 0.09721 0.00505 ( 1)
 198 G   0.00176 0.28199 0.68006 0.03619 ( 3)
 199 T   0.85778 0.03980 0.09732 0.00511 ( 1)
 200 S   0.85902 0.03888 0.09711 0.00499 ( 1)
 201 P   0.85604 0.04123 0.09744 0.00529 ( 1)
 202 G   0.85623 0.04097 0.09755 0.00526 ( 1)
 203 P   0.85604 0.04123 0.09744 0.00529 ( 1)
 204 S   0.85894 0.03897 0.09710 0.00500 ( 1)
 205 G   0.84569 0.04947 0.09849 0.00635 ( 1)
 206 I   0.24921 0.64075 0.02782 0.08223 ( 2)
 207 G   0.84569 0.04947 0.09849 0.00635 ( 1)
 208 A   0.23424 0.65494 0.02677 0.08405 ( 2)
 209 V   0.85458 0.04230 0.09770 0.00543 ( 1)
 210 G   0.84950 0.04570 0.09893 0.00586 ( 1)
 211 G   0.85310 0.04405 0.09719 0.00565 ( 1)
 212 D   0.27392 0.61662 0.03033 0.07913 ( 2)
 213 L   0.12678 0.76074 0.01486 0.09763 ( 2)
 214 L   0.85378 0.04405 0.09651 0.00565 ( 1)
 215 Y   0.85864 0.03906 0.09729 0.00501 ( 1)
 216 L   0.85902 0.03889 0.09710 0.00499 ( 1)
 217 D   0.86814 0.03166 0.09614 0.00406 ( 1)
 218 L   0.80796 0.08925 0.09133 0.01145 ( 1)
 219 L   0.84781 0.04680 0.09938 0.00601 ( 1)
 220 N   0.86872 0.03123 0.09604 0.00401 ( 1)
 221 R   0.85329 0.04327 0.09789 0.00555 ( 1)
 222 L   0.83926 0.05527 0.09838 0.00709 ( 1)
 223 Q   0.85534 0.04206 0.09721 0.00540 ( 1)
 224 A   0.09429 0.25237 0.62096 0.03239 ( 3)
 225 L   0.85378 0.04405 0.09651 0.00565 ( 1)
 226 E   0.85800 0.03994 0.09693 0.00513 ( 1)
 227 S   0.85894 0.03897 0.09710 0.00500 ( 1)
 228 G   0.85694 0.04041 0.09746 0.00519 ( 1)
 229 K   0.86037 0.03760 0.09720 0.00483 ( 1)
 230 V   0.00497 0.88136 0.00057 0.11311 ( 2)
 231 K   0.86040 0.03757 0.09721 0.00482 ( 1)
 232 Q   0.85788 0.03955 0.09750 0.00508 ( 1)
 233 S   0.18592 0.70244 0.02149 0.09015 ( 2)
 234 Q   0.85795 0.03948 0.09751 0.00507 ( 1)
 235 P   0.85714 0.04014 0.09757 0.00515 ( 1)
 236 K   0.86037 0.03760 0.09720 0.00483 ( 1)
 237 V   0.85458 0.04230 0.09770 0.00543 ( 1)
 238 I   0.86159 0.03744 0.09617 0.00480 ( 1)
 239 T   0.85778 0.03980 0.09732 0.00511 ( 1)
 240 K   0.85800 0.03994 0.09693 0.00513 ( 1)
 241 K   0.85796 0.03998 0.09693 0.00513 ( 1)
 242 D   0.10181 0.21567 0.65484 0.02768 ( 3)
 243 A   0.85778 0.03980 0.09732 0.00511 ( 1)
 244 A   0.23303 0.65630 0.02644 0.08422 ( 2)
 245 A   0.85778 0.03980 0.09732 0.00511 ( 1)
 246 A   0.85778 0.03980 0.09732 0.00511 ( 1)
 247 K   0.86037 0.03760 0.09720 0.00483 ( 1)
 248 N   0.86622 0.03355 0.09592 0.00431 ( 1)
 249 K   0.86040 0.03757 0.09721 0.00482 ( 1)
 250 M   0.87756 0.02474 0.09453 0.00317 ( 1)
 251 R   0.85838 0.03936 0.09721 0.00505 ( 1)
 252 H   0.86836 0.03214 0.09538 0.00412 ( 1)
 253 K   0.86040 0.03757 0.09721 0.00482 ( 1)
 254 R   0.85796 0.03977 0.09717 0.00510 ( 1)
 255 T   0.00520 0.88113 0.00059 0.11308 ( 2)
 256 S   0.21024 0.67891 0.02372 0.08713 ( 2)
 257 T   0.85849 0.03925 0.09723 0.00504 ( 1)
 258 K   0.85800 0.03994 0.09693 0.00513 ( 1)
 259 S   0.25547 0.63478 0.02829 0.08146 ( 2)
 260 F   0.87205 0.02889 0.09535 0.00371 ( 1)
 261 N   0.86872 0.03123 0.09604 0.00401 ( 1)
 262 M   0.87756 0.02474 0.09453 0.00317 ( 1)
 263 V   0.85461 0.04227 0.09770 0.00542 ( 1)
 264 Q   0.85788 0.03955 0.09750 0.00508 ( 1)
 265 A   0.85778 0.03980 0.09732 0.00511 ( 1)
 266 F   0.86956 0.03119 0.09524 0.00400 ( 1)
 267 G   0.85623 0.04097 0.09755 0.00526 ( 1)
 268 L   0.85378 0.04405 0.09651 0.00565 ( 1)
 269 R   0.85796 0.03977 0.09717 0.00510 ( 1)
 270 G   0.84972 0.04549 0.09896 0.00584 ( 1)
 271 P   0.85604 0.04123 0.09744 0.00529 ( 1)
 272 G   0.84972 0.04549 0.09896 0.00584 ( 1)
 273 D   0.86872 0.03123 0.09604 0.00401 ( 1)
 274 L   0.85969 0.03838 0.09700 0.00493 ( 1)
 275 Q   0.85795 0.03948 0.09751 0.00507 ( 1)
 276 G   0.84569 0.04947 0.09849 0.00635 ( 1)
 277 N   0.86872 0.03123 0.09604 0.00401 ( 1)
 278 F   0.87153 0.02925 0.09546 0.00375 ( 1)
 279 G   0.85623 0.04097 0.09755 0.00526 ( 1)
 280 D   0.86814 0.03166 0.09614 0.00406 ( 1)
 281 L   0.85902 0.03889 0.09710 0.00499 ( 1)
 282 Q   0.85788 0.03955 0.09750 0.00508 ( 1)
 283 L   0.80387 0.09182 0.09252 0.01178 ( 1)
 284 N   0.09930 0.22588 0.64583 0.02899 ( 3)
 285 K   0.86037 0.03760 0.09720 0.00483 ( 1)
 286 L   0.85930 0.03877 0.09696 0.00498 ( 1)
 287 G   0.85694 0.04041 0.09746 0.00519 ( 1)
 288 T   0.85778 0.03980 0.09732 0.00511 ( 1)
 289 E   0.86040 0.03757 0.09721 0.00482 ( 1)
 290 D   0.86872 0.03123 0.09604 0.00401 ( 1)
 291 P   0.85714 0.04014 0.09757 0.00515 ( 1)
 292 R   0.85769 0.03989 0.09731 0.00512 ( 1)
 293 W   0.85786 0.03948 0.09759 0.00507 ( 1)
 294 P   0.85988 0.03823 0.09698 0.00491 ( 1)
 295 Q   0.85788 0.03955 0.09750 0.00508 ( 1)
 296 I   0.86408 0.03484 0.09661 0.00447 ( 1)
 297 A   0.85778 0.03980 0.09732 0.00511 ( 1)
 298 E   0.86040 0.03757 0.09721 0.00482 ( 1)
 299 L   0.85898 0.03892 0.09710 0.00500 ( 1)
 300 A   0.85796 0.03962 0.09734 0.00508 ( 1)
 301 P   0.85829 0.03965 0.09698 0.00509 ( 1)
 302 T   0.18360 0.70496 0.02098 0.09047 ( 2)
 303 A   0.85849 0.03925 0.09723 0.00504 ( 1)
 304 S   0.86816 0.03164 0.09614 0.00406 ( 1)
 305 A   0.85778 0.03980 0.09732 0.00511 ( 1)
 306 F   0.86956 0.03119 0.09524 0.00400 ( 1)
 307 M   0.31107 0.58088 0.03351 0.07454 ( 2)
 308 G   0.85623 0.04097 0.09755 0.00526 ( 1)
 309 M   0.87756 0.02474 0.09453 0.00317 ( 1)
 310 S   0.85245 0.04358 0.09838 0.00559 ( 1)
 311 Q   0.85788 0.03955 0.09750 0.00508 ( 1)
 312 F   0.87153 0.02925 0.09546 0.00375 ( 1)
 313 K   0.86037 0.03760 0.09720 0.00483 ( 1)
 314 L   0.85898 0.03892 0.09710 0.00500 ( 1)
 315 T   0.85849 0.03925 0.09723 0.00504 ( 1)
 316 H   0.87008 0.03029 0.09574 0.00389 ( 1)
 317 Q   0.85795 0.03948 0.09751 0.00507 ( 1)
 318 N   0.27908 0.61158 0.03085 0.07849 ( 2)
 319 N   0.86814 0.03166 0.09614 0.00406 ( 1)
 320 D   0.86814 0.03166 0.09614 0.00406 ( 1)
 321 D   0.00506 0.88129 0.00056 0.11310 ( 2)
 322 H   0.25289 0.63748 0.02783 0.08181 ( 2)
 323 G   0.85660 0.04075 0.09742 0.00523 ( 1)
 324 N   0.00512 0.88123 0.00057 0.11309 ( 2)
 325 P   0.85917 0.03877 0.09708 0.00498 ( 1)
 326 V   0.85463 0.04224 0.09770 0.00542 ( 1)
 327 Y   0.85864 0.03906 0.09729 0.00501 ( 1)
 328 F   0.86982 0.03109 0.09510 0.00399 ( 1)
 329 L   0.85898 0.03892 0.09710 0.00500 ( 1)
 330 R   0.84338 0.05218 0.09775 0.00670 ( 1)
 331 Y   0.85864 0.03906 0.09729 0.00501 ( 1)
 332 S   0.86816 0.03164 0.09614 0.00406 ( 1)
 333 G   0.84950 0.04570 0.09893 0.00586 ( 1)
 334 A   0.85849 0.03925 0.09723 0.00504 ( 1)
 335 I   0.86114 0.03773 0.09629 0.00484 ( 1)
 336 K   0.86037 0.03760 0.09720 0.00483 ( 1)
 337 L   0.85898 0.03892 0.09710 0.00500 ( 1)
 338 D   0.86872 0.03123 0.09604 0.00401 ( 1)
 339 P   0.85604 0.04123 0.09744 0.00529 ( 1)
 340 K   0.86008 0.03765 0.09743 0.00483 ( 1)
 341 N   0.86622 0.03355 0.09592 0.00431 ( 1)
 342 P   0.85968 0.03843 0.09696 0.00493 ( 1)
 343 N   0.86872 0.03123 0.09604 0.00401 ( 1)
 344 Y   0.85864 0.03906 0.09729 0.00501 ( 1)
 345 N   0.86814 0.03166 0.09614 0.00406 ( 1)
 346 K   0.86040 0.03757 0.09721 0.00482 ( 1)
 347 W   0.85786 0.03948 0.09759 0.00507 ( 1)
 348 L   0.85140 0.04485 0.09799 0.00576 ( 1)
 349 E   0.86040 0.03757 0.09721 0.00482 ( 1)
 350 L   0.85902 0.03889 0.09710 0.00499 ( 1)
 351 L   0.21789 0.67133 0.02463 0.08615 ( 2)
 352 E   0.86040 0.03757 0.09721 0.00482 ( 1)
 353 Q   0.85534 0.04206 0.09721 0.00540 ( 1)
 354 N   0.86814 0.03166 0.09614 0.00406 ( 1)
 355 I   0.24661 0.64327 0.02757 0.08255 ( 2)
 356 D   0.86814 0.03166 0.09614 0.00406 ( 1)
 357 A   0.85849 0.03925 0.09723 0.00504 ( 1)
 358 Y   0.85863 0.03907 0.09729 0.00501 ( 1)
 359 K   0.86037 0.03760 0.09720 0.00483 ( 1)
 360 T   0.85823 0.03950 0.09720 0.00507 ( 1)
 361 F   0.87210 0.02885 0.09535 0.00370 ( 1)
 362 P   0.85917 0.03877 0.09708 0.00498 ( 1)
 363 K   0.85800 0.03994 0.09693 0.00513 ( 1)
 364 K   0.86037 0.03760 0.09720 0.00483 ( 1)
 365 E   0.85800 0.03994 0.09693 0.00513 ( 1)
 366 K   0.86040 0.03757 0.09721 0.00482 ( 1)
 367 K   0.86037 0.03760 0.09720 0.00483 ( 1)
 368 Q   0.85788 0.03955 0.09750 0.00508 ( 1)
 369 K   0.86040 0.03757 0.09721 0.00482 ( 1)
 370 A   0.85473 0.04219 0.09767 0.00541 ( 1)
 371 P   0.85714 0.04014 0.09757 0.00515 ( 1)
 372 K   0.86037 0.03760 0.09720 0.00483 ( 1)
 373 E   0.86037 0.03760 0.09720 0.00483 ( 1)
 374 E   0.86037 0.03760 0.09720 0.00483 ( 1)
 375 S   0.20030 0.68792 0.02351 0.08828 ( 2)
 376 T   0.19747 0.69126 0.02256 0.08871 ( 2)
 377 D   0.86872 0.03123 0.09604 0.00401 ( 1)
 378 Q   0.85534 0.04206 0.09721 0.00540 ( 1)
 379 M   0.87756 0.02474 0.09453 0.00317 ( 1)
 380 S   0.00410 0.88222 0.00046 0.11322 ( 2)
 381 -   0.77252 0.11375 0.09914 0.01460 ( 1)
 382 E   0.22068 0.66858 0.02493 0.08580 ( 2)
 383 P   0.85832 0.03961 0.09698 0.00508 ( 1)
 384 P   0.85744 0.04001 0.09742 0.00513 ( 1)
 385 K   0.86040 0.03757 0.09721 0.00482 ( 1)
 386 E   0.86040 0.03757 0.09721 0.00482 ( 1)
 387 Q   0.85795 0.03948 0.09751 0.00507 ( 1)
 388 R   0.85766 0.03991 0.09731 0.00512 ( 1)
 389 V   0.85461 0.04227 0.09770 0.00542 ( 1)
 390 Q   0.85534 0.04206 0.09721 0.00540 ( 1)
 391 G   0.85623 0.04097 0.09755 0.00526 ( 1)
 392 S   0.86653 0.03339 0.09579 0.00429 ( 1)
 393 I   0.09811 0.23564 0.63601 0.03024 ( 3)
 394 T   0.85799 0.03961 0.09732 0.00508 ( 1)
 395 Q   0.85795 0.03948 0.09751 0.00507 ( 1)
 396 R   0.85837 0.03936 0.09722 0.00505 ( 1)
 397 T   0.00463 0.88170 0.00053 0.11315 ( 2)
 398 R   0.85838 0.03936 0.09721 0.00505 ( 1)
 399 T   0.85823 0.03950 0.09720 0.00507 ( 1)
 400 -   0.77252 0.11375 0.09914 0.01460 ( 1)
 401 R   0.80234 0.09450 0.09103 0.01213 ( 1)
 402 P   0.85714 0.04014 0.09757 0.00515 ( 1)
 403 S   0.86816 0.03164 0.09614 0.00406 ( 1)
 404 V   0.85669 0.04082 0.09724 0.00524 ( 1)
 405 Q   0.85795 0.03948 0.09751 0.00507 ( 1)
 406 P   0.85917 0.03877 0.09708 0.00498 ( 1)
 407 G   0.85623 0.04097 0.09755 0.00526 ( 1)
 408 P   0.85714 0.04014 0.09757 0.00515 ( 1)
 409 M   0.87756 0.02474 0.09453 0.00317 ( 1)
 410 I   0.24789 0.64200 0.02772 0.08239 ( 2)
 411 D   0.86814 0.03166 0.09614 0.00406 ( 1)
 412 V   0.85762 0.03991 0.09735 0.00512 ( 1)
 413 N   0.86872 0.03123 0.09604 0.00401 ( 1)
 414 T   0.85778 0.03980 0.09732 0.00511 ( 1)
 415 D   0.86814 0.03166 0.09614 0.00406 ( 1)


lnL = -2673.964710

