

TREE # 1

  0  0.0000   2748.685705  x:  0.25004   0.00099   0.01005   0.02405   0.00432   0.00069   0.00288   0.00839   0.00000   0.00076   0.00251   0.00789   0.01490   0.00280   0.00420   0.00235   0.00198   0.00002   0.00515   0.01153   0.01150   0.00332   0.00178   0.00186   0.00098   0.00265   0.00096   0.00050   0.00091   0.00162   0.00321   0.00079   0.00118   0.01127   0.00080   0.00123   0.00095   0.00267   0.00304   0.00700   0.00863   0.00621   0.00293   0.00286   0.00513   0.00793   0.00516   0.26147   1.18473   1.03162   1.18545   0.95238   1.01974   0.05136   0.22262  
  1 99.0000   2748.677643  x:  0.25004   0.00099   0.01005   0.02405   0.00432   0.00069   0.00288   0.00839   0.00000   0.00076   0.00250   0.00789   0.01490   0.00280   0.00420   0.00235   0.00197   0.00002   0.00515   0.01153   0.01150   0.00332   0.00178   0.00186   0.00097   0.00265   0.00096   0.00050   0.00091   0.00162   0.00321   0.00079   0.00118   0.01127   0.00080   0.00123   0.00095   0.00267   0.00304   0.00700   0.00863   0.00621   0.00293   0.00286   0.00513   0.00793   0.00516   0.26147   1.18473   1.03162   1.18545   0.95238   1.01974   0.05136   0.22262  
  2 1946.3973   2748.677643  x:  0.25004   0.00099   0.01005   0.02405   0.00432   0.00069   0.00288   0.00839   0.00000   0.00076   0.00250   0.00789   0.01490   0.00280   0.00420   0.00235   0.00197   0.00002   0.00515   0.01153   0.01150   0.00332   0.00178   0.00186   0.00097   0.00265   0.00096   0.00050   0.00091   0.00162   0.00321   0.00079   0.00118   0.01127   0.00080   0.00123   0.00095   0.00267   0.00304   0.00700   0.00863   0.00621   0.00293   0.00286   0.00513   0.00793   0.00516   0.26147   1.18473   1.03162   1.18545   0.95238   1.01974   0.05136   0.22262  
  3 587754130.1101   2748.507898  x:  0.25004   0.00098   0.01004   0.02405   0.00431   0.00067   0.00288   0.00839   0.00000   0.00075   0.00249   0.00789   0.01490   0.00278   0.00418   0.00234   0.00196   0.00000   0.00514   0.01153   0.01150   0.00331   0.00176   0.00184   0.00096   0.00263   0.00095   0.00048   0.00089   0.00161   0.00319   0.00077   0.00116   0.01127   0.00079   0.00121   0.00093   0.00265   0.00303   0.00699   0.00863   0.00620   0.00293   0.00284   0.00512   0.00793   0.00517   0.26147   1.18473   1.03162   1.18545   0.95239   1.01974   0.05136   0.22261  
  4 1909.7478   2744.076780  x:  0.25004   0.00054   0.00994   0.02410   0.00415   0.00020   0.00285   0.00837   0.00000   0.00032   0.00201   0.00789   0.01484   0.00230   0.00371   0.00186   0.00152   0.00000   0.00492   0.01148   0.01146   0.00322   0.00128   0.00137   0.00048   0.00216   0.00047   0.00000   0.00041   0.00113   0.00272   0.00029   0.00068   0.01124   0.00031   0.00073   0.00044   0.00218   0.00298   0.00688   0.00860   0.00613   0.00289   0.00237   0.00490   0.00792   0.00517   0.26148   1.18476   1.03163   1.18541   0.95250   1.01977   0.05134   0.22242  
  5 7596133.2889   2742.373755  x:  0.25004   0.00037   0.00990   0.02411   0.00410   0.00000   0.00286   0.00836   0.00000   0.00015   0.00182   0.00790   0.01482   0.00210   0.00351   0.00167   0.00135   0.00000   0.00485   0.01147   0.01145   0.00317   0.00108   0.00117   0.00029   0.00196   0.00028   0.00000   0.00022   0.00094   0.00252   0.00010   0.00049   0.01123   0.00012   0.00053   0.00025   0.00199   0.00294   0.00685   0.00858   0.00610   0.00286   0.00218   0.00483   0.00792   0.00517   0.26148   1.18477   1.03163   1.18540   0.95255   1.01978   0.05133   0.22234  
  6 393331.0876   2741.546429  x:  0.25004   0.00028   0.00988   0.02412   0.00406   0.00000   0.00284   0.00835   0.00000   0.00006   0.00172   0.00790   0.01481   0.00200   0.00342   0.00157   0.00126   0.00000   0.00482   0.01146   0.01144   0.00314   0.00098   0.00108   0.00019   0.00187   0.00018   0.00000   0.00012   0.00084   0.00243   0.00000   0.00040   0.01123   0.00002   0.00043   0.00015   0.00189   0.00294   0.00682   0.00858   0.00608   0.00286   0.00208   0.00479   0.00792   0.00518   0.26148   1.18478   1.03163   1.18539   0.95257   1.01979   0.05132   0.22230  
  7 64528.2999   2741.421313  x:  0.25004   0.00027   0.00988   0.02412   0.00406   0.00000   0.00284   0.00835   0.00000   0.00004   0.00171   0.00790   0.01481   0.00199   0.00340   0.00155   0.00125   0.00000   0.00481   0.01146   0.01143   0.00314   0.00097   0.00106   0.00017   0.00185   0.00016   0.00000   0.00011   0.00082   0.00241   0.00000   0.00038   0.01123   0.00000   0.00042   0.00013   0.00187   0.00293   0.00682   0.00858   0.00608   0.00286   0.00206   0.00478   0.00792   0.00518   0.26148   1.18478   1.03163   1.18539   0.95258   1.01979   0.05132   0.22230  
  8 98887.0269   2741.088317  x:  0.25005   0.00023   0.00987   0.02413   0.00406   0.00000   0.00282   0.00836   0.00000   0.00000   0.00167   0.00789   0.01480   0.00195   0.00336   0.00151   0.00121   0.00000   0.00477   0.01145   0.01143   0.00313   0.00092   0.00102   0.00013   0.00181   0.00012   0.00000   0.00007   0.00078   0.00237   0.00000   0.00034   0.01122   0.00000   0.00037   0.00009   0.00183   0.00292   0.00682   0.00857   0.00610   0.00286   0.00202   0.00474   0.00791   0.00517   0.26148   1.18478   1.03163   1.18539   0.95258   1.01979   0.05132   0.22227  
  9 17766.6326   2740.627913  x:  0.25006   0.00018   0.00985   0.02414   0.00407   0.00000   0.00285   0.00837   0.00000   0.00000   0.00160   0.00788   0.01477   0.00188   0.00330   0.00145   0.00117   0.00000   0.00474   0.01145   0.01143   0.00309   0.00086   0.00096   0.00007   0.00175   0.00006   0.00000   0.00000   0.00072   0.00231   0.00000   0.00028   0.01121   0.00000   0.00031   0.00002   0.00177   0.00296   0.00682   0.00857   0.00610   0.00286   0.00196   0.00470   0.00791   0.00518   0.26149   1.18478   1.03164   1.18539   0.95259   1.01979   0.05132   0.22222  
 10 7772.4240   2740.506558  x:  0.25006   0.00016   0.00985   0.02414   0.00406   0.00000   0.00285   0.00837   0.00000   0.00000   0.00159   0.00788   0.01477   0.00187   0.00328   0.00143   0.00115   0.00000   0.00474   0.01145   0.01143   0.00309   0.00084   0.00094   0.00005   0.00173   0.00004   0.00000   0.00000   0.00070   0.00229   0.00000   0.00026   0.01121   0.00000   0.00029   0.00000   0.00175   0.00296   0.00682   0.00857   0.00610   0.00286   0.00194   0.00470   0.00791   0.00519   0.26149   1.18478   1.03164   1.18539   0.95259   1.01979   0.05132   0.22221  
 11 17350.2467   2740.251766  x:  0.25006   0.00013   0.00984   0.02414   0.00406   0.00000   0.00285   0.00837   0.00000   0.00000   0.00155   0.00788   0.01476   0.00183   0.00325   0.00139   0.00112   0.00000   0.00473   0.01145   0.01143   0.00309   0.00080   0.00090   0.00001   0.00169   0.00000   0.00000   0.00000   0.00066   0.00225   0.00000   0.00022   0.01121   0.00000   0.00025   0.00000   0.00171   0.00295   0.00682   0.00857   0.00609   0.00286   0.00190   0.00469   0.00791   0.00518   0.26150   1.18479   1.03164   1.18540   0.95260   1.01980   0.05132   0.22217  
 12 207913.8305   2740.185112  x:  0.25007   0.00012   0.00984   0.02414   0.00405   0.00000   0.00285   0.00837   0.00000   0.00000   0.00154   0.00788   0.01475   0.00182   0.00324   0.00138   0.00111   0.00000   0.00472   0.01145   0.01143   0.00309   0.00079   0.00089   0.00000   0.00168   0.00000   0.00000   0.00000   0.00065   0.00224   0.00000   0.00021   0.01121   0.00000   0.00023   0.00000   0.00170   0.00295   0.00681   0.00856   0.00609   0.00286   0.00189   0.00468   0.00791   0.00518   0.26150   1.18479   1.03164   1.18540   0.95260   1.01980   0.05132   0.22216  
 13 183189.0429   2739.413552  x:  0.25008   0.00000   0.00983   0.02414   0.00403   0.00000   0.00287   0.00837   0.00000   0.00000   0.00141   0.00788   0.01477   0.00168   0.00311   0.00125   0.00100   0.00000   0.00468   0.01144   0.01142   0.00307   0.00065   0.00076   0.00000   0.00155   0.00000   0.00000   0.00000   0.00052   0.00211   0.00000   0.00008   0.01121   0.00000   0.00009   0.00000   0.00157   0.00292   0.00681   0.00856   0.00607   0.00289   0.00176   0.00464   0.00790   0.00520   0.26151   1.18479   1.03165   1.18540   0.95262   1.01980   0.05131   0.22205  
 14 58293.2446   2738.980781  x:  0.25009   0.00000   0.00982   0.02415   0.00401   0.00000   0.00287   0.00838   0.00000   0.00000   0.00133   0.00788   0.01478   0.00160   0.00304   0.00117   0.00093   0.00000   0.00466   0.01143   0.01142   0.00306   0.00056   0.00068   0.00000   0.00147   0.00000   0.00000   0.00000   0.00044   0.00203   0.00000   0.00000   0.01120   0.00000   0.00001   0.00000   0.00149   0.00292   0.00681   0.00856   0.00606   0.00288   0.00169   0.00462   0.00790   0.00519   0.26152   1.18480   1.03166   1.18540   0.95263   1.01981   0.05131   0.22199  
 15 49955.3927   2738.954993  x:  0.25009   0.00000   0.00981   0.02415   0.00401   0.00000   0.00287   0.00838   0.00000   0.00000   0.00132   0.00788   0.01478   0.00160   0.00303   0.00117   0.00093   0.00000   0.00466   0.01143   0.01142   0.00306   0.00056   0.00068   0.00000   0.00147   0.00000   0.00000   0.00000   0.00044   0.00203   0.00000   0.00000   0.01120   0.00000   0.00000   0.00000   0.00149   0.00292   0.00681   0.00856   0.00606   0.00288   0.00168   0.00462   0.00790   0.00519   0.26152   1.18480   1.03166   1.18540   0.95263   1.01981   0.05131   0.22198  
 16 66489.5656   2736.871056  x:  0.25011   0.00000   0.00977   0.02418   0.00397   0.00000   0.00289   0.00836   0.00000   0.00000   0.00089   0.00786   0.01466   0.00116   0.00261   0.00073   0.00055   0.00000   0.00453   0.01143   0.01142   0.00301   0.00009   0.00024   0.00000   0.00103   0.00000   0.00000   0.00000   0.00000   0.00159   0.00000   0.00000   0.01119   0.00000   0.00000   0.00000   0.00105   0.00289   0.00678   0.00854   0.00597   0.00286   0.00125   0.00451   0.00789   0.00519   0.26154   1.18482   1.03168   1.18538   0.95272   1.01983   0.05128   0.22163  
 17 173443.6055   2736.496527  x:  0.25012   0.00000   0.00977   0.02419   0.00394   0.00000   0.00289   0.00837   0.00000   0.00000   0.00081   0.00785   0.01464   0.00107   0.00253   0.00064   0.00047   0.00000   0.00451   0.01142   0.01141   0.00300   0.00000   0.00015   0.00000   0.00095   0.00000   0.00000   0.00000   0.00000   0.00151   0.00000   0.00000   0.01121   0.00000   0.00000   0.00000   0.00097   0.00289   0.00678   0.00854   0.00598   0.00286   0.00116   0.00449   0.00789   0.00519   0.26155   1.18482   1.03168   1.18538   0.95273   1.01984   0.05128   0.22157  
 18 30015.9338   2735.895282  x:  0.25014   0.00000   0.00975   0.02420   0.00392   0.00000   0.00289   0.00837   0.00000   0.00000   0.00066   0.00786   0.01463   0.00092   0.00238   0.00048   0.00033   0.00000   0.00447   0.01143   0.01142   0.00298   0.00000   0.00000   0.00000   0.00080   0.00000   0.00000   0.00000   0.00000   0.00136   0.00000   0.00000   0.01119   0.00000   0.00000   0.00000   0.00082   0.00288   0.00678   0.00853   0.00597   0.00285   0.00101   0.00446   0.00789   0.00519   0.26158   1.18483   1.03170   1.18538   0.95275   1.01985   0.05127   0.22144  
 19 26742.2435   2734.657206  x:  0.25019   0.00000   0.00968   0.02415   0.00384   0.00000   0.00289   0.00833   0.00000   0.00000   0.00032   0.00770   0.01463   0.00058   0.00204   0.00013   0.00000   0.00000   0.00443   0.01146   0.01148   0.00294   0.00000   0.00000   0.00000   0.00045   0.00000   0.00000   0.00000   0.00000   0.00101   0.00000   0.00000   0.01115   0.00000   0.00000   0.00000   0.00048   0.00286   0.00674   0.00852   0.00596   0.00284   0.00067   0.00439   0.00783   0.00519   0.26162   1.18485   1.03173   1.18538   0.95279   1.01987   0.05125   0.22115  
 20 21313.2583   2734.255004  x:  0.25020   0.00000   0.00967   0.02407   0.00382   0.00000   0.00290   0.00833   0.00000   0.00000   0.00019   0.00772   0.01460   0.00046   0.00192   0.00000   0.00000   0.00000   0.00439   0.01147   0.01150   0.00293   0.00000   0.00000   0.00000   0.00033   0.00000   0.00000   0.00000   0.00000   0.00089   0.00000   0.00000   0.01117   0.00000   0.00000   0.00000   0.00035   0.00285   0.00674   0.00852   0.00595   0.00284   0.00055   0.00437   0.00783   0.00519   0.26163   1.18486   1.03174   1.18538   0.95280   1.01988   0.05124   0.22105  
 21 4948.0138   2733.713824  x:  0.25020   0.00000   0.00965   0.02404   0.00381   0.00000   0.00290   0.00833   0.00000   0.00000   0.00000   0.00773   0.01457   0.00027   0.00173   0.00000   0.00000   0.00000   0.00441   0.01144   0.01146   0.00292   0.00000   0.00000   0.00000   0.00014   0.00000   0.00000   0.00000   0.00000   0.00070   0.00000   0.00000   0.01114   0.00000   0.00000   0.00000   0.00016   0.00285   0.00673   0.00851   0.00595   0.00283   0.00036   0.00433   0.00784   0.00519   0.26163   1.18487   1.03175   1.18539   0.95282   1.01989   0.05123   0.22088  
 22 9084.8299   2733.376298  x:  0.25020   0.00000   0.00964   0.02406   0.00379   0.00000   0.00290   0.00833   0.00000   0.00000   0.00000   0.00772   0.01456   0.00014   0.00159   0.00000   0.00000   0.00000   0.00438   0.01142   0.01145   0.00291   0.00000   0.00000   0.00000   0.00000   0.00000   0.00000   0.00000   0.00000   0.00056   0.00000   0.00000   0.01113   0.00000   0.00000   0.00000   0.00003   0.00284   0.00673   0.00851   0.00594   0.00283   0.00023   0.00432   0.00784   0.00519   0.26164   1.18488   1.03176   1.18539   0.95284   1.01990   0.05122   0.22076  
 23 26712.3512   2733.323837  x:  0.25020   0.00000   0.00964   0.02406   0.00379   0.00000   0.00290   0.00833   0.00000   0.00000   0.00000   0.00772   0.01456   0.00012   0.00157   0.00000   0.00000   0.00000   0.00438   0.01143   0.01146   0.00291   0.00000   0.00000   0.00000   0.00000   0.00000   0.00000   0.00000   0.00000   0.00054   0.00000   0.00000   0.01113   0.00000   0.00000   0.00000   0.00000   0.00284   0.00673   0.00851   0.00594   0.00283   0.00020   0.00432   0.00784   0.00519   0.26164   1.18488   1.03176   1.18539   0.95284   1.01991   0.05122   0.22074  
 24 20988.3933   2733.134049  x:  0.25022   0.00000   0.00963   0.02406   0.00379   0.00000   0.00290   0.00834   0.00000   0.00000   0.00000   0.00772   0.01455   0.00000   0.00146   0.00000   0.00000   0.00000   0.00438   0.01142   0.01145   0.00290   0.00000   0.00000   0.00000   0.00000   0.00000   0.00000   0.00000   0.00000   0.00043   0.00000   0.00000   0.01113   0.00000   0.00000   0.00000   0.00000   0.00284   0.00672   0.00851   0.00594   0.00283   0.00009   0.00432   0.00784   0.00519   0.26165   1.18488   1.03177   1.18539   0.95286   1.01992   0.05122   0.22065  
 25 3436.9431   2733.021577  x:  0.25023   0.00000   0.00962   0.02405   0.00378   0.00000   0.00291   0.00834   0.00000   0.00000   0.00000   0.00772   0.01455   0.00000   0.00137   0.00000   0.00000   0.00000   0.00438   0.01142   0.01145   0.00290   0.00000   0.00000   0.00000   0.00000   0.00000   0.00000   0.00000   0.00000   0.00034   0.00000   0.00000   0.01113   0.00000   0.00000   0.00000   0.00000   0.00284   0.00672   0.00851   0.00594   0.00283   0.00000   0.00431   0.00784   0.00519   0.26166   1.18489   1.03177   1.18538   0.95288   1.01992   0.05121   0.22059  
 26 61133.7087   2732.720835  x:  0.25025   0.00000   0.00971   0.02403   0.00376   0.00000   0.00291   0.00835   0.00000   0.00000   0.00000   0.00769   0.01454   0.00000   0.00105   0.00000   0.00000   0.00000   0.00435   0.01146   0.01142   0.00289   0.00000   0.00000   0.00000   0.00000   0.00000   0.00000   0.00000   0.00000   0.00000   0.00000   0.00000   0.01106   0.00000   0.00000   0.00000   0.00000   0.00283   0.00670   0.00851   0.00593   0.00282   0.00000   0.00429   0.00790   0.00519   0.26168   1.18490   1.03179   1.18538   0.95293   1.01995   0.05119   0.22033  
 27 3879.2716   2732.169719  x:  0.25022   0.00000   0.00973   0.02403   0.00374   0.00000   0.00291   0.00841   0.00000   0.00000   0.00000   0.00771   0.01452   0.00000   0.00000   0.00000   0.00000   0.00000   0.00434   0.01150   0.01139   0.00287   0.00000   0.00000   0.00000   0.00000   0.00000   0.00000   0.00000   0.00000   0.00000   0.00000   0.00000   0.01102   0.00000   0.00000   0.00000   0.00000   0.00282   0.00663   0.00849   0.00593   0.00282   0.00000   0.00426   0.00779   0.00519   0.26166   1.18495   1.03184   1.18534   0.95309   1.02005   0.05110   0.21955  
 28 1352.3893   2711.366149  x:  0.24649   0.00000   0.00405   0.02350   0.00149   0.00000   0.00387   0.00952   0.00000   0.00000   0.00000   0.00583   0.01185   0.00000   0.00000   0.00000   0.00000   0.00000   0.00133   0.00952   0.01002   0.00051   0.00000   0.00000   0.00000   0.00000   0.00000   0.00000   0.00000   0.00000   0.00000   0.00000   0.00000   0.01163   0.00000   0.00000   0.00000   0.00000   0.00114   0.00684   0.00758   0.00566   0.00195   0.00000   0.00023   0.00946   0.00517   0.25793   1.19256   1.03989   1.17825   0.98128   1.03702   0.03609   0.09249  
 29 3765.6144   2708.704072  x:  0.24863   0.00000   0.00484   0.02352   0.00128   0.00000   0.00392   0.00961   0.00000   0.00000   0.00000   0.00576   0.01158   0.00000   0.00000   0.00000   0.00000   0.00000   0.00128   0.00784   0.01136   0.00037   0.00000   0.00000   0.00000   0.00000   0.00000   0.00000   0.00000   0.00000   0.00000   0.00000   0.00000   0.01119   0.00000   0.00000   0.00000   0.00000   0.00105   0.00697   0.00265   0.00557   0.00190   0.00000   0.00021   0.00961   0.00515   0.26006   1.19433   1.04168   1.17801   0.98583   1.03939   0.03404   0.07038  
 30 624.7127   2703.046936  x:  0.25372   0.00000   0.00576   0.02350   0.00086   0.00000   0.00398   0.00990   0.00000   0.00000   0.00000   0.00580   0.01109   0.00000   0.00000   0.00000   0.00000   0.00000   0.00114   0.00602   0.01295   0.00021   0.00000   0.00000   0.00000   0.00000   0.00000   0.00000   0.00000   0.00000   0.00000   0.00000   0.00000   0.01067   0.00000   0.00000   0.00000   0.00000   0.00096   0.00660   0.00343   0.00542   0.00184   0.00000   0.00003   0.00928   0.00510   0.26515   1.19784   1.04520   1.17794   0.99423   1.04359   0.03040   0.02888  
 31 2697.9800   2698.625982  x:  0.25673   0.00000   0.00508   0.02349   0.00061   0.00000   0.00400   0.00993   0.00000   0.00000   0.00000   0.00576   0.01074   0.00000   0.00000   0.00000   0.00000   0.00000   0.00113   0.00704   0.01220   0.00010   0.00000   0.00000   0.00000   0.00000   0.00000   0.00000   0.00000   0.00000   0.00000   0.00000   0.00000   0.01090   0.00000   0.00000   0.00000   0.00000   0.00091   0.00657   0.00326   0.00531   0.00182   0.00000   0.00003   0.00931   0.00506   0.26816   1.20025   1.04755   1.17787   1.00000   1.04631   0.02804   0.00147  
 32 11193.1837   2698.406303  x:  0.25695   0.00000   0.00500   0.02348   0.00060   0.00000   0.00401   0.00993   0.00000   0.00000   0.00000   0.00575   0.01072   0.00000   0.00000   0.00000   0.00000   0.00000   0.00112   0.00716   0.01211   0.00011   0.00000   0.00000   0.00000   0.00000   0.00000   0.00000   0.00000   0.00000   0.00000   0.00000   0.00000   0.01092   0.00000   0.00000   0.00000   0.00000   0.00091   0.00658   0.00322   0.00531   0.00181   0.00000   0.00003   0.00932   0.00506   0.26838   1.20040   1.04767   1.17788   1.00000   1.04643   0.02794   0.00010  
 33 1958.9825   2697.932920  x:  0.25734   0.00000   0.00521   0.02360   0.00028   0.00000   0.00401   0.00992   0.00000   0.00000   0.00000   0.00586   0.01032   0.00000   0.00000   0.00000   0.00000   0.00000   0.00107   0.00645   0.01264   0.00014   0.00000   0.00000   0.00000   0.00000   0.00000   0.00000   0.00000   0.00000   0.00000   0.00000   0.00000   0.01065   0.00000   0.00000   0.00000   0.00000   0.00092   0.00632   0.00340   0.00515   0.00173   0.00000   0.00004   0.00928   0.00509   0.26877   1.20862   1.04934   1.16945   1.00000   1.05267   0.02220   0.00010  
 34 45.3502   2697.368000  x:  0.25803   0.00224   0.00540   0.02373   0.00000   0.00000   0.00403   0.00993   0.00000   0.00000   0.00000   0.00597   0.00992   0.00000   0.00000   0.00000   0.00000   0.00000   0.00101   0.00581   0.01314   0.00016   0.00000   0.00000   0.00000   0.00000   0.00000   0.00000   0.00000   0.00000   0.00000   0.00000   0.00000   0.01038   0.00000   0.00000   0.00000   0.00000   0.00091   0.00607   0.00356   0.00499   0.00163   0.00000   0.00005   0.00924   0.00510   0.26945   1.21777   1.05120   1.16014   1.00000   1.05960   0.01583   0.00010  
 35 1802.0355   2695.585891  x:  0.26329   0.00152   0.00525   0.02399   0.00013   0.00000   0.00410   0.00999   0.00000   0.00000   0.00000   0.00612   0.00969   0.00000   0.00000   0.00000   0.00000   0.00000   0.00091   0.00617   0.01284   0.00014   0.00000   0.00000   0.00000   0.00000   0.00000   0.00000   0.00000   0.00000   0.00000   0.00000   0.00000   0.01021   0.00000   0.00000   0.00000   0.00000   0.00086   0.00592   0.00348   0.00490   0.00156   0.00000   0.00005   0.00913   0.00508   0.27472   1.23902   1.05519   1.13845   1.00000   1.07671   0.00010   0.00010  
 36 304.5495   2694.945968  x:  0.26114   0.00224   0.00533   0.02402   0.00000   0.00000   0.00378   0.00986   0.00000   0.00000   0.00000   0.00625   0.00980   0.00000   0.00000   0.00000   0.00000   0.00000   0.00097   0.00624   0.01258   0.00014   0.00000   0.00000   0.00000   0.00000   0.00000   0.00000   0.00000   0.00000   0.00000   0.00000   0.00000   0.01024   0.00000   0.00000   0.00000   0.00000   0.00108   0.00574   0.00347   0.00473   0.00181   0.00000   0.00005   0.00910   0.00512   0.27257   1.25353   1.05252   1.13274   1.00000   1.08900   0.00010   0.00010  
 37 61.3433   2693.368692  x:  0.25431   0.00000   0.00572   0.02361   0.00039   0.00000   0.00407   0.00985   0.00000   0.00000   0.00000   0.00607   0.01017   0.00000   0.00000   0.00000   0.00000   0.00000   0.00119   0.00641   0.01227   0.00013   0.00000   0.00000   0.00000   0.00000   0.00000   0.00000   0.00000   0.00000   0.00000   0.00000   0.00000   0.01048   0.00000   0.00000   0.00000   0.00000   0.00086   0.00581   0.00349   0.00493   0.00157   0.00000   0.00005   0.00893   0.00518   0.26574   1.29354   1.04256   1.13346   1.00000   1.12322   0.00010   0.00010  
 38 111.3729   2693.368692  x:  0.25431   0.00000   0.00572   0.02361   0.00039   0.00000   0.00407   0.00985   0.00000   0.00000   0.00000   0.00607   0.01017   0.00000   0.00000   0.00000   0.00000   0.00000   0.00119   0.00641   0.01227   0.00013   0.00000   0.00000   0.00000   0.00000   0.00000   0.00000   0.00000   0.00000   0.00000   0.00000   0.00000   0.01048   0.00000   0.00000   0.00000   0.00000   0.00086   0.00581   0.00349   0.00493   0.00157   0.00000   0.00005   0.00893   0.00518   0.26574   1.29354   1.04256   1.13346   1.00000   1.12322   0.00010   0.00010  
 39 39.4092   2687.748634  x:  0.25431   0.00003   0.00576   0.02362   0.00089   0.00000   0.00404   0.00984   0.00000   0.00000   0.00000   0.00610   0.01019   0.00000   0.00000   0.00000   0.00000   0.00000   0.00129   0.00647   0.01226   0.00174   0.00000   0.00000   0.00000   0.00000   0.00000   0.00000   0.00000   0.00000   0.00000   0.00000   0.00000   0.01048   0.00000   0.00000   0.00000   0.00000   0.00104   0.00581   0.00360   0.00493   0.00163   0.00000   0.00497   0.00891   0.00518   0.26574   1.29354   1.04256   1.13345   1.00000   1.12322   0.00010   0.00010  
 40 22661.5839   2687.559226  x:  0.25432   0.00000   0.00577   0.02362   0.00098   0.00000   0.00402   0.00983   0.00000   0.00000   0.00000   0.00611   0.01021   0.00000   0.00000   0.00000   0.00000   0.00000   0.00134   0.00650   0.01225   0.00177   0.00000   0.00000   0.00000   0.00000   0.00000   0.00000   0.00000   0.00000   0.00000   0.00000   0.00000   0.01048   0.00000   0.00000   0.00000   0.00000   0.00112   0.00580   0.00366   0.00494   0.00166   0.00000   0.00495   0.00891   0.00518   0.26575   1.29354   1.04256   1.13345   1.00000   1.12322   0.00010   0.00010  
 41 1243.6459   2686.980951  x:  0.25442   0.00000   0.00619   0.02376   0.00048   0.00000   0.00362   0.00960   0.00000   0.00000   0.00000   0.00649   0.01055   0.00000   0.00000   0.00000   0.00000   0.00000   0.00183   0.00722   0.01210   0.00231   0.00000   0.00000   0.00000   0.00000   0.00000   0.00000   0.00000   0.00000   0.00000   0.00000   0.00000   0.01051   0.00000   0.00000   0.00000   0.00000   0.00124   0.00571   0.00485   0.00500   0.00215   0.00000   0.00481   0.00875   0.00518   0.26585   1.29359   1.04258   1.13339   1.00000   1.12330   0.00010   0.00010  
 42 706.7450   2686.702312  x:  0.25451   0.00000   0.00650   0.02388   0.00067   0.00000   0.00330   0.00941   0.00000   0.00000   0.00000   0.00677   0.01083   0.00000   0.00000   0.00000   0.00000   0.00000   0.00175   0.00775   0.01196   0.00255   0.00000   0.00000   0.00000   0.00000   0.00000   0.00000   0.00000   0.00000   0.00000   0.00000   0.00000   0.01054   0.00000   0.00000   0.00000   0.00000   0.00072   0.00564   0.00551   0.00505   0.00230   0.00000   0.00473   0.00862   0.00518   0.26594   1.29363   1.04260   1.13334   1.00000   1.12337   0.00010   0.00010  
 43 886.5098   2686.503383  x:  0.25465   0.00000   0.00687   0.02407   0.00068   0.00000   0.00293   0.00914   0.00000   0.00000   0.00000   0.00711   0.01122   0.00000   0.00000   0.00000   0.00000   0.00000   0.00109   0.00838   0.01177   0.00253   0.00000   0.00000   0.00000   0.00000   0.00000   0.00000   0.00000   0.00000   0.00000   0.00000   0.00000   0.01057   0.00000   0.00000   0.00000   0.00000   0.00089   0.00555   0.00589   0.00510   0.00210   0.00000   0.00474   0.00843   0.00519   0.26608   1.29369   1.04263   1.13325   1.00000   1.12348   0.00010   0.00010  
 44 471.4073   2686.363662  x:  0.25493   0.00000   0.00727   0.02439   0.00067   0.00000   0.00258   0.00871   0.00000   0.00000   0.00000   0.00752   0.01180   0.00000   0.00000   0.00000   0.00000   0.00000   0.00138   0.00908   0.01146   0.00212   0.00000   0.00000   0.00000   0.00000   0.00000   0.00000   0.00000   0.00000   0.00000   0.00000   0.00000   0.01063   0.00000   0.00000   0.00000   0.00000   0.00091   0.00544   0.00573   0.00516   0.00155   0.00000   0.00486   0.00816   0.00519   0.26636   1.29382   1.04269   1.13309   1.00000   1.12369   0.00010   0.00010  
 45 281.1034   2686.278990  x:  0.25534   0.00000   0.00751   0.02481   0.00067   0.00000   0.00265   0.00825   0.00000   0.00000   0.00000   0.00780   0.01238   0.00000   0.00000   0.00000   0.00000   0.00000   0.00141   0.00957   0.01109   0.00191   0.00000   0.00000   0.00000   0.00000   0.00000   0.00000   0.00000   0.00000   0.00000   0.00000   0.00000   0.01070   0.00000   0.00000   0.00000   0.00000   0.00092   0.00537   0.00516   0.00519   0.00206   0.00000   0.00493   0.00789   0.00520   0.26677   1.29400   1.04277   1.13285   1.00000   1.12400   0.00010   0.00010  
 46 196.7418   2686.223359  x:  0.25593   0.00000   0.00750   0.02531   0.00067   0.00000   0.00301   0.00792   0.00000   0.00000   0.00000   0.00786   0.01285   0.00000   0.00000   0.00000   0.00000   0.00000   0.00141   0.00969   0.01076   0.00245   0.00000   0.00000   0.00000   0.00000   0.00000   0.00000   0.00000   0.00000   0.00000   0.00000   0.00000   0.01075   0.00000   0.00000   0.00000   0.00000   0.00092   0.00538   0.00485   0.00517   0.00192   0.00000   0.00476   0.00773   0.00521   0.26736   1.29427   1.04289   1.13250   1.00000   1.12446   0.00010   0.00010  
 47 137.6756   2686.037875  x:  0.25907   0.00000   0.00677   0.02746   0.00067   0.00000   0.00353   0.00740   0.00000   0.00000   0.00000   0.00734   0.01399   0.00000   0.00000   0.00000   0.00000   0.00000   0.00137   0.00897   0.00982   0.00201   0.00000   0.00000   0.00000   0.00000   0.00000   0.00000   0.00000   0.00000   0.00000   0.00000   0.00000   0.01089   0.00000   0.00000   0.00000   0.00000   0.00091   0.00561   0.00559   0.00502   0.00185   0.00000   0.00490   0.00765   0.00521   0.27050   1.29571   1.04355   1.13062   1.00000   1.12690   0.00010   0.00010  
 48 141.6276   2685.748803  x:  0.26437   0.00000   0.00668   0.02990   0.00067   0.00000   0.00206   0.00797   0.00000   0.00000   0.00000   0.00702   0.01432   0.00000   0.00000   0.00000   0.00000   0.00000   0.00139   0.00826   0.00977   0.00239   0.00000   0.00000   0.00000   0.00000   0.00000   0.00000   0.00000   0.00000   0.00000   0.00000   0.00000   0.01093   0.00000   0.00000   0.00000   0.00000   0.00091   0.00560   0.00525   0.00514   0.00199   0.00000   0.00477   0.00800   0.00521   0.27580   1.29818   1.04466   1.12743   1.00000   1.13110   0.00010   0.00010  
 49 305.3214   2685.103041  x:  0.27901   0.00000   0.00834   0.03401   0.00067   0.00000   0.00333   0.01018   0.00000   0.00000   0.00000   0.00779   0.01297   0.00000   0.00000   0.00000   0.00000   0.00000   0.00139   0.00893   0.01169   0.00213   0.00000   0.00000   0.00000   0.00000   0.00000   0.00000   0.00000   0.00000   0.00000   0.00000   0.00000   0.01074   0.00000   0.00000   0.00000   0.00000   0.00092   0.00508   0.00526   0.00561   0.00191   0.00000   0.00484   0.00889   0.00523   0.29044   1.30516   1.04780   1.11850   1.00000   1.14295   0.00010   0.00010  
 50 633.0032   2684.465344  x:  0.29280   0.00000   0.00678   0.03207   0.00067   0.00000   0.00302   0.00842   0.00000   0.00000   0.00000   0.00802   0.01061   0.00000   0.00000   0.00000   0.00000   0.00000   0.00139   0.01037   0.01252   0.00217   0.00000   0.00000   0.00000   0.00000   0.00000   0.00000   0.00000   0.00000   0.00000   0.00000   0.00000   0.01071   0.00000   0.00000   0.00000   0.00000   0.00091   0.00642   0.00518   0.00426   0.00192   0.00000   0.00482   0.00756   0.00531   0.30423   1.31220   1.05090   1.10975   1.00000   1.15491   0.00010   0.00010  
 51 433.9857   2683.947672  x:  0.30454   0.00000   0.00683   0.02711   0.00067   0.00000   0.00300   0.00705   0.00000   0.00000   0.00000   0.00754   0.01113   0.00000   0.00000   0.00000   0.00000   0.00000   0.00139   0.00968   0.01191   0.00219   0.00000   0.00000   0.00000   0.00000   0.00000   0.00000   0.00000   0.00000   0.00000   0.00000   0.00000   0.01085   0.00000   0.00000   0.00000   0.00000   0.00091   0.00546   0.00530   0.00654   0.00192   0.00000   0.00480   0.00744   0.00519   0.31597   1.31869   1.05368   1.10194   1.00000   1.16597   0.00010   0.00010  
 52 569.2873   2683.737620  x:  0.30883   0.00000   0.00744   0.02450   0.00067   0.00000   0.00306   0.00789   0.00000   0.00000   0.00000   0.00765   0.01249   0.00000   0.00000   0.00000   0.00000   0.00000   0.00139   0.00925   0.01105   0.00218   0.00000   0.00000   0.00000   0.00000   0.00000   0.00000   0.00000   0.00000   0.00000   0.00000   0.00000   0.01094   0.00000   0.00000   0.00000   0.00000   0.00091   0.00538   0.00530   0.00516   0.00192   0.00000   0.00480   0.00790   0.00527   0.32026   1.32148   1.05480   1.09879   1.00000   1.17073   0.00010   0.00010  
 53 375.7558   2683.696181  x:  0.30885   0.00000   0.00693   0.02428   0.00067   0.00000   0.00310   0.00854   0.00000   0.00000   0.00000   0.00788   0.01284   0.00000   0.00000   0.00000   0.00000   0.00000   0.00139   0.00959   0.01090   0.00218   0.00000   0.00000   0.00000   0.00000   0.00000   0.00000   0.00000   0.00000   0.00000   0.00000   0.00000   0.01089   0.00000   0.00000   0.00000   0.00000   0.00091   0.00599   0.00526   0.00559   0.00193   0.00000   0.00480   0.00793   0.00517   0.32028   1.32278   1.05514   1.09788   1.00000   1.17301   0.00010   0.00010  
 54 45.4825   2682.433334  x:  0.30048   0.00000   0.00484   0.02441   0.00067   0.00000   0.00306   0.00967   0.00000   0.00000   0.00000   0.00688   0.01344   0.00000   0.00000   0.00000   0.00000   0.00000   0.00139   0.01090   0.01125   0.00218   0.00000   0.00000   0.00000   0.00000   0.00000   0.00000   0.00000   0.00000   0.00000   0.00000   0.00000   0.00993   0.00000   0.00000   0.00000   0.00000   0.00092   0.00307   0.00520   0.00521   0.00191   0.00000   0.00471   0.00679   0.00631   0.31191   1.36566   1.06504   1.07090   1.00000   1.24806   0.00010   0.00010  
 55 130.6295   2680.031124  x:  0.28178   0.00000   0.00762   0.02495   0.00067   0.00000   0.00294   0.00834   0.00000   0.00000   0.00000   0.00511   0.01326   0.00000   0.00000   0.00000   0.00000   0.00000   0.00138   0.01000   0.01162   0.00214   0.00000   0.00000   0.00000   0.00000   0.00000   0.00000   0.00000   0.00000   0.00000   0.00000   0.00000   0.00902   0.00000   0.00000   0.00000   0.00000   0.00091   0.00579   0.00520   0.00531   0.00188   0.00000   0.00452   0.00637   0.00643   0.29321   1.46033   1.08668   1.01171   1.00000   1.41378   0.00010   0.00010  
 56 5548.1331   2679.581695  x:  0.27824   0.00000   0.00716   0.02514   0.00067   0.00000   0.00288   0.00753   0.00000   0.00000   0.00000   0.00765   0.01260   0.00000   0.00000   0.00000   0.00000   0.00000   0.00138   0.00896   0.01113   0.00216   0.00000   0.00000   0.00000   0.00000   0.00000   0.00000   0.00000   0.00000   0.00000   0.00000   0.00000   0.00988   0.00000   0.00000   0.00000   0.00000   0.00091   0.00546   0.00523   0.00512   0.00189   0.00000   0.00448   0.00762   0.00515   0.28967   1.47863   1.09054   1.00078   1.00000   1.44581   0.00010   0.00010  
 57 2252.2416   2679.509767  x:  0.27797   0.00000   0.00728   0.02518   0.00067   0.00000   0.00289   0.00779   0.00000   0.00000   0.00000   0.00716   0.01189   0.00000   0.00000   0.00000   0.00000   0.00000   0.00138   0.00941   0.01013   0.00215   0.00000   0.00000   0.00000   0.00000   0.00000   0.00000   0.00000   0.00000   0.00000   0.00000   0.00000   0.01102   0.00000   0.00000   0.00000   0.00000   0.00091   0.00531   0.00519   0.00515   0.00188   0.00000   0.00448   0.00784   0.00478   0.28940   1.48167   1.09015   1.00062   1.00000   1.45111   0.00010   0.00010  
 58 126.9986   2679.260952  x:  0.27784   0.00000   0.00743   0.02518   0.00067   0.00000   0.00289   0.00801   0.00000   0.00000   0.00000   0.00786   0.01111   0.00000   0.00000   0.00000   0.00000   0.00000   0.00138   0.00903   0.00905   0.00215   0.00000   0.00000   0.00000   0.00000   0.00000   0.00000   0.00000   0.00000   0.00000   0.00000   0.00000   0.01194   0.00000   0.00000   0.00000   0.00000   0.00091   0.00550   0.00521   0.00547   0.00188   0.00000   0.00445   0.00766   0.00726   0.28927   1.49423   1.08554   1.00482   1.00000   1.47295   0.00010   0.00010  
 59 160.1158   2676.341651  x:  0.27759   0.00000   0.00746   0.02468   0.00067   0.00000   0.00277   0.00769   0.00000   0.00000   0.00000   0.00767   0.01221   0.00000   0.00000   0.00000   0.00000   0.00000   0.00138   0.00831   0.01072   0.00214   0.00000   0.00000   0.00000   0.00000   0.00000   0.00000   0.00000   0.00000   0.00000   0.00000   0.00000   0.01147   0.00000   0.00000   0.00000   0.00000   0.00091   0.00532   0.00526   0.00507   0.00186   0.00000   0.00412   0.00601   0.00460   0.28902   1.62964   1.03225   1.05604   1.00000   1.70811   0.00010   0.00010  
 60 1187.9399   2676.202781  x:  0.27759   0.00000   0.00726   0.02467   0.00067   0.00000   0.00276   0.00715   0.00000   0.00000   0.00000   0.00729   0.01212   0.00000   0.00000   0.00000   0.00000   0.00000   0.00139   0.00898   0.01044   0.00213   0.00000   0.00000   0.00000   0.00000   0.00000   0.00000   0.00000   0.00000   0.00000   0.00000   0.00000   0.01048   0.00000   0.00000   0.00000   0.00000   0.00091   0.00534   0.00518   0.00501   0.00186   0.00000   0.00411   0.00772   0.00487   0.28902   1.63649   1.02967   1.05870   1.00000   1.71992   0.00010   0.00010  
 61 770.3394   2676.193641  x:  0.27760   0.00000   0.00733   0.02469   0.00067   0.00000   0.00276   0.00721   0.00000   0.00000   0.00000   0.00736   0.01191   0.00000   0.00000   0.00000   0.00000   0.00000   0.00139   0.00893   0.01006   0.00213   0.00000   0.00000   0.00000   0.00000   0.00000   0.00000   0.00000   0.00000   0.00000   0.00000   0.00000   0.01000   0.00000   0.00000   0.00000   0.00000   0.00091   0.00530   0.00518   0.00503   0.00186   0.00000   0.00411   0.00761   0.00476   0.28903   1.63698   1.02967   1.05897   1.00000   1.72062   0.00010   0.00010  
 62 41.6386   2676.043139  x:  0.27763   0.00000   0.00732   0.02469   0.00067   0.00000   0.00276   0.00720   0.00000   0.00000   0.00000   0.00735   0.01195   0.00000   0.00000   0.00000   0.00000   0.00000   0.00139   0.00894   0.01013   0.00213   0.00000   0.00000   0.00000   0.00000   0.00000   0.00000   0.00000   0.00000   0.00000   0.00000   0.00000   0.01009   0.00000   0.00000   0.00000   0.00000   0.00092   0.00531   0.00518   0.00502   0.00186   0.00000   0.00410   0.00763   0.00477   0.28906   1.63749   1.03049   1.05954   1.00000   1.72071   0.00010   0.00649  
 63 48.7592   2675.841999  x:  0.27899   0.00000   0.00736   0.02474   0.00068   0.00000   0.00277   0.00720   0.00000   0.00000   0.00000   0.00738   0.01200   0.00000   0.00000   0.00000   0.00000   0.00000   0.00139   0.00895   0.01022   0.00213   0.00000   0.00000   0.00000   0.00000   0.00000   0.00000   0.00000   0.00000   0.00000   0.00000   0.00000   0.01018   0.00000   0.00000   0.00000   0.00000   0.00092   0.00535   0.00520   0.00503   0.00187   0.00000   0.00396   0.00771   0.00476   0.29042   1.65615   1.06513   1.08539   1.00000   1.73241   0.00010   0.00717  
 64 10.1109   2675.459324  x:  0.27768   0.00000   0.00736   0.02478   0.00073   0.00000   0.00276   0.00726   0.00000   0.00000   0.00000   0.00740   0.01202   0.00000   0.00000   0.00000   0.00000   0.00000   0.00148   0.00900   0.01023   0.00208   0.00000   0.00000   0.00000   0.00000   0.00000   0.00000   0.00000   0.00000   0.00000   0.00000   0.00000   0.01018   0.00000   0.00000   0.00000   0.00000   0.00100   0.00536   0.00536   0.00502   0.00192   0.00000   0.00211   0.00771   0.00479   0.28910   1.78614   1.05744   1.08473   1.00000   1.68322   0.00010   0.00435  
 65  1.7727   2674.794439  x:  0.27690   0.00000   0.00735   0.02503   0.00120   0.00000   0.00267   0.00771   0.00000   0.00000   0.00000   0.00743   0.01222   0.00000   0.00000   0.00000   0.00000   0.00000   0.00207   0.00948   0.01022   0.00256   0.00000   0.00000   0.00000   0.00000   0.00000   0.00000   0.00000   0.00000   0.00000   0.00000   0.00000   0.01011   0.00000   0.00000   0.00000   0.00000   0.00162   0.00523   0.00658   0.00494   0.00238   0.00000   0.00407   0.00766   0.00499   0.28832   1.93437   1.05342   1.08293   1.00000   1.67465   0.00010   0.00447  
 66  0.2691   2674.205817  x:  0.27914   0.00000   0.00730   0.02513   0.00159   0.00000   0.00256   0.00801   0.00000   0.00000   0.00000   0.00740   0.01239   0.00000   0.00000   0.00000   0.00000   0.00000   0.00256   0.00991   0.01014   0.00277   0.00000   0.00000   0.00000   0.00000   0.00000   0.00000   0.00000   0.00000   0.00000   0.00000   0.00000   0.01002   0.00000   0.00000   0.00000   0.00000   0.00213   0.00503   0.00758   0.00486   0.00273   0.00000   0.00267   0.00753   0.00514   0.29055   1.72447   1.06348   1.07668   1.00000   1.80814   0.00010   0.01209  
 67  1.5115   2674.033066  x:  0.27812   0.00000   0.00756   0.02512   0.00192   0.00000   0.00239   0.00719   0.00000   0.00000   0.00000   0.00756   0.01264   0.00000   0.00000   0.00000   0.00000   0.00000   0.00271   0.01019   0.01005   0.00253   0.00000   0.00000   0.00000   0.00000   0.00000   0.00000   0.00000   0.00000   0.00000   0.00000   0.00000   0.01015   0.00000   0.00000   0.00000   0.00000   0.00246   0.00492   0.00792   0.00510   0.00268   0.00000   0.00223   0.00739   0.00485   0.28951   1.82391   1.06090   1.07821   1.00000   1.86660   0.00010   0.01502  
 68  0.0693   2673.991735  x:  0.27837   0.00000   0.00752   0.02529   0.00210   0.00000   0.00256   0.00766   0.00000   0.00000   0.00000   0.00764   0.01262   0.00000   0.00000   0.00000   0.00000   0.00000   0.00271   0.01009   0.01008   0.00243   0.00000   0.00000   0.00000   0.00000   0.00000   0.00000   0.00000   0.00000   0.00000   0.00000   0.00000   0.01012   0.00000   0.00000   0.00000   0.00000   0.00259   0.00505   0.00786   0.00498   0.00257   0.00000   0.00264   0.00749   0.00505   0.28975   1.82628   1.06154   1.07786   1.00000   1.91005   0.00010   0.01732  
 69  0.0316   2673.977956  x:  0.27798   0.00000   0.00747   0.02511   0.00223   0.00000   0.00253   0.00760   0.00000   0.00000   0.00000   0.00756   0.01245   0.00000   0.00000   0.00000   0.00000   0.00000   0.00264   0.00996   0.01011   0.00248   0.00000   0.00000   0.00000   0.00000   0.00000   0.00000   0.00000   0.00000   0.00000   0.00000   0.00000   0.01010   0.00000   0.00000   0.00000   0.00000   0.00265   0.00508   0.00769   0.00496   0.00249   0.00000   0.00245   0.00752   0.00498   0.28936   1.80455   1.06203   1.07674   1.00000   1.93568   0.00010   0.01818  
 70  0.0208   2673.971217  x:  0.27808   0.00000   0.00750   0.02521   0.00232   0.00000   0.00247   0.00750   0.00000   0.00000   0.00000   0.00754   0.01250   0.00000   0.00000   0.00000   0.00000   0.00000   0.00249   0.00999   0.01007   0.00251   0.00000   0.00000   0.00000   0.00000   0.00000   0.00000   0.00000   0.00000   0.00000   0.00000   0.00000   0.01010   0.00000   0.00000   0.00000   0.00000   0.00262   0.00503   0.00745   0.00501   0.00246   0.00000   0.00251   0.00747   0.00497   0.28947   1.81279   1.06178   1.07694   1.00000   1.92760   0.00010   0.01741  
 71  0.0053   2673.970914  x:  0.27810   0.00000   0.00750   0.02521   0.00233   0.00000   0.00247   0.00750   0.00000   0.00000   0.00000   0.00754   0.01250   0.00000   0.00000   0.00000   0.00000   0.00000   0.00248   0.01000   0.01007   0.00251   0.00000   0.00000   0.00000   0.00000   0.00000   0.00000   0.00000   0.00000   0.00000   0.00000   0.00000   0.01010   0.00000   0.00000   0.00000   0.00000   0.00261   0.00503   0.00745   0.00501   0.00247   0.00000   0.00251   0.00747   0.00497   0.28948   1.81304   1.06178   1.07696   1.00000   1.92699   0.00506   0.01739  
 72  0.0459   2673.967953  x:  0.27822   0.00000   0.00748   0.02520   0.00239   0.00000   0.00253   0.00758   0.00000   0.00000   0.00000   0.00756   0.01253   0.00000   0.00000   0.00000   0.00000   0.00000   0.00245   0.01001   0.01009   0.00250   0.00000   0.00000   0.00000   0.00000   0.00000   0.00000   0.00000   0.00000   0.00000   0.00000   0.00000   0.01011   0.00000   0.00000   0.00000   0.00000   0.00260   0.00504   0.00748   0.00499   0.00250   0.00000   0.00248   0.00748   0.00499   0.28961   1.81355   1.06181   1.07717   1.00000   1.92337   0.00010   0.01740  
 73  0.0102   2673.966145  x:  0.27824   0.00000   0.00747   0.02516   0.00246   0.00000   0.00255   0.00760   0.00000   0.00000   0.00000   0.00757   0.01253   0.00000   0.00000   0.00000   0.00000   0.00000   0.00242   0.01001   0.01011   0.00249   0.00000   0.00000   0.00000   0.00000   0.00000   0.00000   0.00000   0.00000   0.00000   0.00000   0.00000   0.01011   0.00000   0.00000   0.00000   0.00000   0.00257   0.00504   0.00756   0.00498   0.00255   0.00000   0.00248   0.00750   0.00500   0.28963   1.81241   1.06185   1.07731   1.00000   1.91593   0.00010   0.01746  
 74  0.0087   2673.965156  x:  0.27803   0.00000   0.00748   0.02518   0.00252   0.00000   0.00251   0.00755   0.00000   0.00000   0.00000   0.00756   0.01249   0.00000   0.00000   0.00000   0.00000   0.00000   0.00245   0.00999   0.01009   0.00249   0.00000   0.00000   0.00000   0.00000   0.00000   0.00000   0.00000   0.00000   0.00000   0.00000   0.00000   0.01011   0.00000   0.00000   0.00000   0.00000   0.00256   0.00504   0.00761   0.00499   0.00254   0.00000   0.00250   0.00749   0.00498   0.28942   1.81052   1.06168   1.07719   1.00000   1.91580   0.00010   0.01720  
 75  0.0010   2673.964822  x:  0.27828   0.00000   0.00748   0.02519   0.00253   0.00000   0.00252   0.00758   0.00000   0.00000   0.00000   0.00756   0.01252   0.00000   0.00000   0.00000   0.00000   0.00000   0.00249   0.01001   0.01009   0.00249   0.00000   0.00000   0.00000   0.00000   0.00000   0.00000   0.00000   0.00000   0.00000   0.00000   0.00000   0.01011   0.00000   0.00000   0.00000   0.00000   0.00254   0.00505   0.00761   0.00498   0.00251   0.00000   0.00249   0.00749   0.00499   0.28966   1.81102   1.06184   1.07726   1.00000   1.91420   0.00010   0.01716  
 76  0.0008   2673.964743  x:  0.27814   0.00000   0.00748   0.02517   0.00254   0.00000   0.00252   0.00757   0.00000   0.00000   0.00000   0.00756   0.01251   0.00000   0.00000   0.00000   0.00000   0.00000   0.00249   0.01000   0.01010   0.00249   0.00000   0.00000   0.00000   0.00000   0.00000   0.00000   0.00000   0.00000   0.00000   0.00000   0.00000   0.01011   0.00000   0.00000   0.00000   0.00000   0.00253   0.00504   0.00758   0.00499   0.00251   0.00000   0.00249   0.00749   0.00499   0.28953   1.81120   1.06179   1.07727   1.00000   1.91474   0.00010   0.01719  
 77  0.0003   2673.964719  x:  0.27816   0.00000   0.00748   0.02519   0.00253   0.00000   0.00251   0.00757   0.00000   0.00000   0.00000   0.00756   0.01251   0.00000   0.00000   0.00000   0.00000   0.00000   0.00249   0.01000   0.01009   0.00249   0.00000   0.00000   0.00000   0.00000   0.00000   0.00000   0.00000   0.00000   0.00000   0.00000   0.00000   0.01011   0.00000   0.00000   0.00000   0.00000   0.00252   0.00504   0.00757   0.00499   0.00252   0.00000   0.00249   0.00749   0.00499   0.28954   1.81110   1.06176   1.07723   1.00000   1.91525   0.00010   0.01723  
 78  0.0003   2673.964712  x:  0.27817   0.00000   0.00748   0.02518   0.00253   0.00000   0.00252   0.00757   0.00000   0.00000   0.00000   0.00756   0.01251   0.00000   0.00000   0.00000   0.00000   0.00000   0.00249   0.01000   0.01009   0.00249   0.00000   0.00000   0.00000   0.00000   0.00000   0.00000   0.00000   0.00000   0.00000   0.00000   0.00000   0.01011   0.00000   0.00000   0.00000   0.00000   0.00251   0.00504   0.00758   0.00499   0.00252   0.00000   0.00249   0.00749   0.00499   0.28956   1.81121   1.06178   1.07723   1.00000   1.91556   0.00010   0.01723  
 79  0.0002   2673.964710  x:  0.27816   0.00000   0.00748   0.02518   0.00253   0.00000   0.00252   0.00757   0.00000   0.00000   0.00000   0.00756   0.01251   0.00000   0.00000   0.00000   0.00000   0.00000   0.00249   0.01000   0.01009   0.00249   0.00000   0.00000   0.00000   0.00000   0.00000   0.00000   0.00000   0.00000   0.00000   0.00000   0.00000   0.01011   0.00000   0.00000   0.00000   0.00000   0.00251   0.00504   0.00758   0.00499   0.00252   0.00000   0.00249   0.00749   0.00499   0.28954   1.81121   1.06179   1.07723   1.00000   1.91583   0.00010   0.01724  
 80  0.0002   2673.964710  x:  0.27817   0.00000   0.00748   0.02518   0.00253   0.00000   0.00252   0.00757   0.00000   0.00000   0.00000   0.00756   0.01251   0.00000   0.00000   0.00000   0.00000   0.00000   0.00249   0.01000   0.01009   0.00249   0.00000   0.00000   0.00000   0.00000   0.00000   0.00000   0.00000   0.00000   0.00000   0.00000   0.00000   0.01011   0.00000   0.00000   0.00000   0.00000   0.00251   0.00504   0.00758   0.00499   0.00252   0.00000   0.00249   0.00749   0.00499   0.28955   1.81119   1.06178   1.07723   1.00000   1.91579   0.00010   0.01724  
 81  0.0000   2673.964710  x:  0.27816   0.00000   0.00748   0.02518   0.00253   0.00000   0.00252   0.00757   0.00000   0.00000   0.00000   0.00756   0.01251   0.00000   0.00000   0.00000   0.00000   0.00000   0.00249   0.01000   0.01009   0.00249   0.00000   0.00000   0.00000   0.00000   0.00000   0.00000   0.00000   0.00000   0.00000   0.00000   0.00000   0.01011   0.00000   0.00000   0.00000   0.00000   0.00251   0.00504   0.00758   0.00499   0.00252   0.00000   0.00249   0.00749   0.00499   0.28955   1.81120   1.06178   1.07723   1.00000   1.91580   0.00010   0.01724  
 82  0.0000   2673.964710  x:  0.27817   0.00000   0.00748   0.02518   0.00253   0.00000   0.00252   0.00757   0.00000   0.00000   0.00000   0.00756   0.01251   0.00000   0.00000   0.00000   0.00000   0.00000   0.00249   0.01000   0.01009   0.00249   0.00000   0.00000   0.00000   0.00000   0.00000   0.00000   0.00000   0.00000   0.00000   0.00000   0.00000   0.01011   0.00000   0.00000   0.00000   0.00000   0.00251   0.00504   0.00758   0.00499   0.00252   0.00000   0.00249   0.00749   0.00499   0.28955   1.81119   1.06178   1.07723   1.00000   1.91578   0.00010   0.01724  
 83  0.0000   2673.964710  x:  0.27817   0.00000   0.00748   0.02518   0.00253   0.00000   0.00252   0.00757   0.00000   0.00000   0.00000   0.00756   0.01251   0.00000   0.00000   0.00000   0.00000   0.00000   0.00249   0.01000   0.01009   0.00249   0.00000   0.00000   0.00000   0.00000   0.00000   0.00000   0.00000   0.00000   0.00000   0.00000   0.00000   0.01011   0.00000   0.00000   0.00000   0.00000   0.00251   0.00504   0.00758   0.00499   0.00252   0.00000   0.00249   0.00749   0.00499   0.28955   1.81119   1.06178   1.07723   1.00000   1.91578   0.00010   0.01724  
 84  0.0000   2673.964710  x:  0.27817   0.00000   0.00748   0.02518   0.00253   0.00000   0.00252   0.00757   0.00000   0.00000   0.00000   0.00756   0.01251   0.00000   0.00000   0.00000   0.00000   0.00000   0.00249   0.01000   0.01009   0.00249   0.00000   0.00000   0.00000   0.00000   0.00000   0.00000   0.00000   0.00000   0.00000   0.00000   0.00000   0.01011   0.00000   0.00000   0.00000   0.00000   0.00251   0.00504   0.00758   0.00499   0.00252   0.00000   0.00249   0.00749   0.00499   0.28955   1.81119   1.06178   1.07723   1.00000   1.91578   0.00010   0.01724  
 85  0.0000   2673.964710  x:  0.27817   0.00000   0.00748   0.02518   0.00253   0.00000   0.00252   0.00757   0.00000   0.00000   0.00000   0.00756   0.01251   0.00000   0.00000   0.00000   0.00000   0.00000   0.00249   0.01000   0.01009   0.00249   0.00000   0.00000   0.00000   0.00000   0.00000   0.00000   0.00000   0.00000   0.00000   0.00000   0.00000   0.01011   0.00000   0.00000   0.00000   0.00000   0.00251   0.00504   0.00758   0.00499   0.00252   0.00000   0.00249   0.00749   0.00499   0.28955   1.81119   1.06178   1.07723   1.00000   1.91578   0.00010   0.01724  