Supplemental results for CODEML (seqf: aln.phy  treef: tree.tre)


MLEs of dN/dS (w) for site classes (K=4)

site class             0        1       2a       2b
proportion       0.72387  0.27613  0.00000  0.00000
background w     0.04026  1.00000  0.04026  1.00000
foreground w     0.04026  1.00000  0.00010  0.00010

Naive Empirical Bayes (NEB) probabilities for 4 classes
(amino acids refer to 1st sequence: KY581700.1)

   1 M   0.86520 0.13480 0.00000 0.00000 ( 1)
   2 L   0.81627 0.18373 0.00000 0.00000 ( 1)
   3 P   0.79320 0.20680 0.00000 0.00000 ( 1)
   4 F   0.87156 0.12844 0.00000 0.00000 ( 1)
   5 V   0.80527 0.19473 0.00000 0.00000 ( 1)
   6 Q   0.80569 0.19431 0.00000 0.00000 ( 1)
   7 E   0.14380 0.85620 0.00000 0.00000 ( 2)
   8 R   0.12892 0.87108 0.00000 0.00000 ( 2)
   9 I   0.15504 0.84496 0.00000 0.00000 ( 2)
  10 G   0.81473 0.18527 0.00000 0.00000 ( 1)
  11 L   0.14464 0.85536 0.00000 0.00000 ( 2)
  12 F   0.84051 0.15949 0.00000 0.00000 ( 1)
  13 I   0.84211 0.15789 0.00000 0.00000 ( 1)
  14 V   0.82095 0.17905 0.00000 0.00000 ( 1)
  15 N   0.82014 0.17986 0.00000 0.00000 ( 1)
  16 F   0.87156 0.12844 0.00000 0.00000 ( 1)
  17 F   0.84051 0.15949 0.00000 0.00000 ( 1)
  18 I   0.83870 0.16130 0.00000 0.00000 ( 1)
  19 F   0.87156 0.12844 0.00000 0.00000 ( 1)
  20 T   0.79727 0.20273 0.00000 0.00000 ( 1)
  21 V   0.82095 0.17905 0.00000 0.00000 ( 1)
  22 V   0.14892 0.85108 0.00000 0.00000 ( 2)
  23 C   0.85442 0.14558 0.00000 0.00000 ( 1)
  24 A   0.83436 0.16564 0.00000 0.00000 ( 1)
  25 I   0.14880 0.85120 0.00000 0.00000 ( 2)
  26 T   0.15692 0.84308 0.00000 0.00000 ( 2)
  27 L   0.82361 0.17639 0.00000 0.00000 ( 1)
  28 L   0.82830 0.17170 0.00000 0.00000 ( 1)
  29 V   0.82098 0.17902 0.00000 0.00000 ( 1)
  30 C   0.83547 0.16453 0.00000 0.00000 ( 1)
  31 M   0.86520 0.13480 0.00000 0.00000 ( 1)
  32 A   0.83436 0.16564 0.00000 0.00000 ( 1)
  33 F   0.84051 0.15949 0.00000 0.00000 ( 1)
  34 L   0.84424 0.15576 0.00000 0.00000 ( 1)
  35 T   0.81235 0.18765 0.00000 0.00000 ( 1)
  36 A   0.81724 0.18276 0.00000 0.00000 ( 1)
  37 T   0.83436 0.16564 0.00000 0.00000 ( 1)
  38 R   0.78768 0.21232 0.00000 0.00000 ( 1)
  39 L   0.81627 0.18373 0.00000 0.00000 ( 1)
  40 C   0.85442 0.14558 0.00000 0.00000 ( 1)
  41 V   0.82098 0.17902 0.00000 0.00000 ( 1)
  42 Q   0.80569 0.19431 0.00000 0.00000 ( 1)
  43 C   0.83547 0.16453 0.00000 0.00000 ( 1)
  44 M   0.00039 0.99961 0.00000 0.00000 ( 2)
  45 T   0.81233 0.18767 0.00000 0.00000 ( 1)
  46 G   0.81760 0.18240 0.00000 0.00000 ( 1)
  47 F   0.06726 0.93274 0.00000 0.00000 ( 2)
  48 N   0.83370 0.16630 0.00000 0.00000 ( 1)
  49 T   0.80481 0.19519 0.00000 0.00000 ( 1)
  50 L   0.78944 0.21056 0.00000 0.00000 ( 1)
  51 L   0.81627 0.18373 0.00000 0.00000 ( 1)
  52 V   0.84338 0.15662 0.00000 0.00000 ( 1)
  53 Q   0.80573 0.19427 0.00000 0.00000 ( 1)
  54 P   0.79320 0.20680 0.00000 0.00000 ( 1)
  55 A   0.81233 0.18767 0.00000 0.00000 ( 1)
  56 L   0.14513 0.85487 0.00000 0.00000 ( 2)
  57 Y   0.80540 0.19460 0.00000 0.00000 ( 1)
  58 L   0.17156 0.82844 0.00000 0.00000 ( 2)
  59 Y   0.84388 0.15612 0.00000 0.00000 ( 1)
  60 N   0.85401 0.14599 0.00000 0.00000 ( 1)
  61 T   0.83436 0.16564 0.00000 0.00000 ( 1)
  62 G   0.80129 0.19871 0.00000 0.00000 ( 1)
  63 R   0.83428 0.16572 0.00000 0.00000 ( 1)
  64 S   0.79441 0.20559 0.00000 0.00000 ( 1)
  65 V   0.80527 0.19473 0.00000 0.00000 ( 1)
  66 Y   0.84388 0.15612 0.00000 0.00000 ( 1)
  67 V   0.82095 0.17905 0.00000 0.00000 ( 1)
  68 K   0.82278 0.17722 0.00000 0.00000 ( 1)
  69 F   0.84051 0.15949 0.00000 0.00000 ( 1)
  70 Q   0.80573 0.19427 0.00000 0.00000 ( 1)
  71 D   0.17434 0.82566 0.00000 0.00000 ( 2)
  72 S   0.83379 0.16621 0.00000 0.00000 ( 1)
  73 K   0.82278 0.17722 0.00000 0.00000 ( 1)
  74 P   0.79320 0.20680 0.00000 0.00000 ( 1)
  75 P   0.82920 0.17080 0.00000 0.00000 ( 1)
  76 L   0.78935 0.21065 0.00000 0.00000 ( 1)
  77 P   0.81710 0.18290 0.00000 0.00000 ( 1)
  78 P   0.82920 0.17080 0.00000 0.00000 ( 1)
  79 D   0.83147 0.16853 0.00000 0.00000 ( 1)
  80 E   0.82281 0.17719 0.00000 0.00000 ( 1)
  81 W   0.82625 0.17375 0.00000 0.00000 ( 1)
  82 V   0.84338 0.15662 0.00000 0.00000 ( 1)


lnL =  -454.764722

Bayes Empirical Bayes (BEB) probabilities for 4 classes (class)
(amino acids refer to 1st sequence: KY581700.1)

   1 M   0.73764 0.09155 0.15167 0.01914 ( 1)
   2 L   0.70376 0.12028 0.15017 0.02580 ( 1)
   3 P   0.68831 0.13331 0.14943 0.02894 ( 1)
   4 F   0.74253 0.08808 0.15111 0.01828 ( 1)
   5 V   0.69632 0.12650 0.14989 0.02730 ( 1)
   6 Q   0.69659 0.12618 0.15000 0.02723 ( 1)
   7 E   0.36642 0.45729 0.07908 0.09722 ( 2)
   8 R   0.34850 0.47135 0.07755 0.10261 ( 2)
   9 I   0.37875 0.44692 0.08047 0.09386 ( 2)
  10 G   0.70266 0.12104 0.15029 0.02600 ( 1)
  11 L   0.36732 0.45711 0.07881 0.09676 ( 2)
  12 F   0.72025 0.10616 0.15110 0.02250 ( 1)
  13 I   0.72139 0.10523 0.15110 0.02228 ( 1)
  14 V   0.70688 0.11753 0.15043 0.02516 ( 1)
  15 N   0.70627 0.11786 0.15061 0.02526 ( 1)
  16 F   0.74253 0.08808 0.15111 0.01828 ( 1)
  17 F   0.72025 0.10616 0.15110 0.02250 ( 1)
  18 I   0.72018 0.10794 0.14921 0.02267 ( 1)
  19 F   0.74253 0.08808 0.15111 0.01828 ( 1)
  20 T   0.69100 0.13101 0.14961 0.02838 ( 1)
  21 V   0.70688 0.11753 0.15043 0.02516 ( 1)
  22 V   0.37164 0.45203 0.08023 0.09610 ( 2)
  23 C   0.73007 0.09808 0.15124 0.02061 ( 1)
  24 A   0.71599 0.10966 0.15101 0.02333 ( 1)
  25 I   0.37207 0.45359 0.07905 0.09530 ( 2)
  26 T   0.37926 0.44353 0.08245 0.09476 ( 2)
  27 L   0.70706 0.11573 0.15222 0.02499 ( 1)
  28 L   0.71194 0.11333 0.15058 0.02416 ( 1)
  29 V   0.70691 0.11750 0.15043 0.02515 ( 1)
  30 C   0.71857 0.10955 0.14888 0.02301 ( 1)
  31 M   0.73764 0.09155 0.15167 0.01914 ( 1)
  32 A   0.71599 0.10966 0.15101 0.02333 ( 1)
  33 F   0.72025 0.10616 0.15110 0.02250 ( 1)
  34 L   0.72289 0.10398 0.15114 0.02199 ( 1)
  35 T   0.70105 0.12237 0.15026 0.02633 ( 1)
  36 A   0.70580 0.11984 0.14888 0.02548 ( 1)
  37 T   0.71600 0.10966 0.15101 0.02333 ( 1)
  38 R   0.68633 0.13734 0.14683 0.02950 ( 1)
  39 L   0.70376 0.12028 0.15017 0.02580 ( 1)
  40 C   0.73007 0.09808 0.15124 0.02061 ( 1)
  41 V   0.70691 0.11750 0.15043 0.02515 ( 1)
  42 Q   0.69659 0.12618 0.15000 0.02723 ( 1)
  43 C   0.71857 0.10955 0.14888 0.02301 ( 1)
  44 M   0.04383 0.53165 0.10394 0.32059 ( 2)
  45 T   0.70103 0.12238 0.15026 0.02633 ( 1)
  46 G   0.70309 0.11917 0.15194 0.02580 ( 1)
  47 F   0.27234 0.55285 0.05795 0.11686 ( 2)
  48 N   0.71725 0.11059 0.14890 0.02326 ( 1)
  49 T   0.69540 0.12661 0.15055 0.02744 ( 1)
  50 L   0.68586 0.13554 0.14915 0.02946 ( 1)
  51 L   0.70376 0.12028 0.15017 0.02580 ( 1)
  52 V   0.72235 0.10459 0.15095 0.02211 ( 1)
  53 Q   0.69661 0.12615 0.15000 0.02723 ( 1)
  54 P   0.68831 0.13331 0.14943 0.02894 ( 1)
  55 A   0.70103 0.12238 0.15026 0.02633 ( 1)
  56 L   0.36760 0.45573 0.07957 0.09710 ( 2)
  57 Y   0.69641 0.12641 0.14990 0.02728 ( 1)
  58 L   0.39403 0.43046 0.08450 0.09100 ( 2)
  59 Y   0.72268 0.10427 0.15102 0.02204 ( 1)
  60 N   0.72969 0.09819 0.15146 0.02066 ( 1)
  61 T   0.71600 0.10966 0.15101 0.02333 ( 1)
  62 G   0.69369 0.12877 0.14970 0.02784 ( 1)
  63 R   0.71595 0.10971 0.15100 0.02334 ( 1)
  64 S   0.68915 0.13272 0.14935 0.02878 ( 1)
  65 V   0.69632 0.12650 0.14989 0.02730 ( 1)
  66 Y   0.72268 0.10427 0.15102 0.02204 ( 1)
  67 V   0.70688 0.11753 0.15043 0.02516 ( 1)
  68 K   0.70808 0.11638 0.15064 0.02491 ( 1)
  69 F   0.72025 0.10616 0.15110 0.02250 ( 1)
  70 Q   0.69661 0.12615 0.15000 0.02723 ( 1)
  71 D   0.39801 0.42884 0.08377 0.08938 ( 2)
  72 S   0.71731 0.11053 0.14892 0.02324 ( 1)
  73 K   0.70808 0.11638 0.15064 0.02491 ( 1)
  74 P   0.68831 0.13331 0.14943 0.02894 ( 1)
  75 P   0.71244 0.11262 0.15092 0.02403 ( 1)
  76 L   0.68581 0.13558 0.14914 0.02947 ( 1)
  77 P   0.70344 0.11952 0.15127 0.02578 ( 1)
  78 P   0.71244 0.11262 0.15092 0.02403 ( 1)
  79 D   0.71271 0.11143 0.15196 0.02389 ( 1)
  80 E   0.70810 0.11636 0.15064 0.02490 ( 1)
  81 W   0.71044 0.11438 0.15075 0.02443 ( 1)
  82 V   0.72235 0.10459 0.15095 0.02211 ( 1)

