

TREE # 1

  0  0.0000    467.456890  x:  0.18669   0.00090   0.00187   0.00269   0.00230   0.00274   0.00158   0.00127   0.00268   0.00150   0.00060   0.00193   0.00310   0.00251   0.00070   0.00097   0.00000   0.00145   0.00086   0.00162   0.01246   0.00146   0.00169   0.00323   0.00031   0.00159   0.00131   0.00176   0.00346   0.00352   0.00202   0.00269   0.00262   0.00368   0.00037   0.01231   0.00272   0.00383   0.00318   0.00105   0.00086   0.00305   0.00203   0.00346   0.00335   0.00206   0.00138   0.19643   1.03455   1.63031   1.04817   0.95238   1.34985   0.06911   0.22741   2.78112  
  1 99.0000    467.454147  x:  0.18669   0.00090   0.00187   0.00269   0.00230   0.00274   0.00158   0.00127   0.00267   0.00150   0.00060   0.00193   0.00310   0.00251   0.00070   0.00096   0.00000   0.00145   0.00086   0.00162   0.01246   0.00146   0.00169   0.00323   0.00031   0.00159   0.00131   0.00176   0.00346   0.00352   0.00202   0.00268   0.00262   0.00368   0.00037   0.01231   0.00272   0.00382   0.00318   0.00105   0.00086   0.00305   0.00203   0.00346   0.00335   0.00206   0.00138   0.19643   1.03455   1.63031   1.04817   0.95238   1.34985   0.06911   0.22741   2.78112  
  2 516.5533    466.905413  x:  0.18715   0.00061   0.00201   0.00283   0.00201   0.00243   0.00127   0.00096   0.00237   0.00120   0.00029   0.00162   0.00325   0.00265   0.00039   0.00066   0.00000   0.00116   0.00100   0.00176   0.01315   0.00166   0.00189   0.00292   0.00000   0.00128   0.00101   0.00146   0.00316   0.00322   0.00171   0.00238   0.00231   0.00338   0.00008   0.01357   0.00288   0.00352   0.00288   0.00075   0.00055   0.00320   0.00173   0.00316   0.00349   0.00220   0.00152   0.19690   1.03457   1.63057   1.04820   0.95216   1.34983   0.06915   0.22703   2.78112  
  3 291.7140    466.800658  x:  0.18728   0.00054   0.00208   0.00290   0.00193   0.00235   0.00119   0.00088   0.00229   0.00112   0.00021   0.00154   0.00332   0.00273   0.00031   0.00058   0.00000   0.00108   0.00107   0.00183   0.01315   0.00174   0.00198   0.00284   0.00000   0.00120   0.00093   0.00138   0.00308   0.00314   0.00163   0.00230   0.00223   0.00330   0.00000   0.01360   0.00295   0.00344   0.00280   0.00067   0.00047   0.00327   0.00165   0.00308   0.00357   0.00227   0.00160   0.19703   1.03457   1.63065   1.04822   0.95209   1.34982   0.06916   0.22692   2.78112  
  4 531.6946    466.436442  x:  0.18850   0.00036   0.00216   0.00297   0.00175   0.00214   0.00098   0.00067   0.00208   0.00091   0.00000   0.00133   0.00339   0.00280   0.00010   0.00037   0.00000   0.00089   0.00114   0.00191   0.01297   0.00187   0.00211   0.00263   0.00000   0.00099   0.00072   0.00117   0.00287   0.00293   0.00142   0.00209   0.00202   0.00309   0.00000   0.01371   0.00305   0.00323   0.00259   0.00046   0.00026   0.00334   0.00144   0.00287   0.00364   0.00234   0.00167   0.19825   1.03459   1.63118   1.04836   0.95150   1.34976   0.06923   0.22626   2.78113  
  5 383.6960    466.258206  x:  0.18906   0.00028   0.00218   0.00299   0.00167   0.00204   0.00088   0.00057   0.00198   0.00081   0.00000   0.00123   0.00341   0.00282   0.00000   0.00027   0.00000   0.00081   0.00117   0.00193   0.01327   0.00192   0.00216   0.00253   0.00000   0.00089   0.00062   0.00107   0.00277   0.00283   0.00132   0.00199   0.00192   0.00299   0.00000   0.01353   0.00309   0.00313   0.00249   0.00036   0.00016   0.00336   0.00134   0.00276   0.00366   0.00237   0.00169   0.19881   1.03460   1.63147   1.04844   0.95118   1.34973   0.06927   0.22589   2.78113  
  6 859.5712    465.910388  x:  0.18909   0.00016   0.00213   0.00294   0.00155   0.00188   0.00072   0.00041   0.00182   0.00065   0.00000   0.00107   0.00336   0.00277   0.00000   0.00011   0.00000   0.00068   0.00111   0.00187   0.01326   0.00192   0.00216   0.00237   0.00000   0.00073   0.00046   0.00091   0.00261   0.00267   0.00116   0.00183   0.00176   0.00283   0.00000   0.01353   0.00309   0.00297   0.00232   0.00020   0.00000   0.00331   0.00118   0.00260   0.00361   0.00231   0.00164   0.19883   1.03461   1.63206   1.04859   0.95067   1.34965   0.06937   0.22500   2.78113  
  7 129.7129    465.693358  x:  0.18906   0.00008   0.00209   0.00290   0.00148   0.00178   0.00062   0.00031   0.00171   0.00054   0.00000   0.00096   0.00332   0.00273   0.00000   0.00000   0.00000   0.00059   0.00108   0.00184   0.01326   0.00192   0.00215   0.00226   0.00000   0.00063   0.00035   0.00080   0.00250   0.00256   0.00106   0.00172   0.00165   0.00272   0.00000   0.01352   0.00308   0.00287   0.00222   0.00009   0.00000   0.00327   0.00107   0.00250   0.00357   0.00228   0.00160   0.19881   1.03463   1.63263   1.04875   0.95001   1.34959   0.06945   0.22426   2.78113  
  8 1644.3769    465.522660  x:  0.18907   0.00002   0.00207   0.00288   0.00142   0.00169   0.00053   0.00022   0.00163   0.00045   0.00000   0.00088   0.00330   0.00271   0.00000   0.00000   0.00000   0.00051   0.00106   0.00182   0.01326   0.00192   0.00215   0.00218   0.00000   0.00054   0.00026   0.00071   0.00242   0.00248   0.00097   0.00164   0.00157   0.00263   0.00000   0.01352   0.00307   0.00278   0.00213   0.00000   0.00000   0.00325   0.00098   0.00241   0.00355   0.00226   0.00158   0.19882   1.03465   1.63301   1.04882   0.94983   1.34953   0.06951   0.22363   2.78114  
  9 180.6329    465.451816  x:  0.18908   0.00000   0.00206   0.00287   0.00140   0.00165   0.00050   0.00019   0.00159   0.00042   0.00000   0.00084   0.00329   0.00270   0.00000   0.00000   0.00000   0.00048   0.00104   0.00180   0.01326   0.00192   0.00216   0.00214   0.00000   0.00051   0.00023   0.00068   0.00238   0.00244   0.00093   0.00160   0.00153   0.00260   0.00000   0.01352   0.00306   0.00275   0.00210   0.00000   0.00000   0.00324   0.00095   0.00238   0.00354   0.00224   0.00157   0.19883   1.03468   1.63331   1.04884   0.94981   1.34950   0.06955   0.22315   2.78114  
 10 425.3386    465.108355  x:  0.18911   0.00000   0.00199   0.00280   0.00131   0.00147   0.00031   0.00000   0.00141   0.00024   0.00000   0.00066   0.00322   0.00263   0.00000   0.00000   0.00000   0.00032   0.00097   0.00173   0.01325   0.00206   0.00230   0.00196   0.00000   0.00033   0.00005   0.00050   0.00220   0.00226   0.00075   0.00142   0.00135   0.00242   0.00000   0.01352   0.00303   0.00256   0.00191   0.00000   0.00000   0.00316   0.00077   0.00219   0.00347   0.00217   0.00150   0.19886   1.03466   1.63409   1.04925   0.94965   1.34934   0.06975   0.22155   2.78115  
 11 298.9569    465.030151  x:  0.18912   0.00000   0.00198   0.00279   0.00128   0.00143   0.00027   0.00000   0.00137   0.00019   0.00000   0.00062   0.00321   0.00262   0.00000   0.00000   0.00000   0.00029   0.00096   0.00172   0.01325   0.00205   0.00228   0.00192   0.00000   0.00028   0.00000   0.00045   0.00216   0.00222   0.00071   0.00138   0.00131   0.00237   0.00000   0.01352   0.00303   0.00252   0.00187   0.00000   0.00000   0.00315   0.00073   0.00215   0.00346   0.00216   0.00149   0.19887   1.03464   1.63428   1.04952   0.94960   1.34928   0.06982   0.22102   2.78115  
 12 562.6667    464.705756  x:  0.18916   0.00000   0.00200   0.00281   0.00113   0.00124   0.00008   0.00000   0.00118   0.00000   0.00000   0.00043   0.00323   0.00264   0.00000   0.00000   0.00000   0.00012   0.00099   0.00175   0.01325   0.00168   0.00191   0.00173   0.00000   0.00009   0.00000   0.00026   0.00197   0.00203   0.00052   0.00119   0.00112   0.00219   0.00000   0.01352   0.00309   0.00233   0.00168   0.00000   0.00000   0.00318   0.00054   0.00196   0.00348   0.00219   0.00152   0.19891   1.03451   1.63507   1.05000   0.94947   1.34908   0.07009   0.21942   2.78115  
 13 396.5326    464.568358  x:  0.18918   0.00000   0.00197   0.00278   0.00107   0.00116   0.00000   0.00000   0.00110   0.00000   0.00000   0.00035   0.00320   0.00261   0.00000   0.00000   0.00000   0.00006   0.00095   0.00171   0.01325   0.00173   0.00196   0.00165   0.00000   0.00002   0.00000   0.00018   0.00189   0.00195   0.00044   0.00111   0.00104   0.00211   0.00000   0.01351   0.00307   0.00226   0.00160   0.00000   0.00000   0.00314   0.00046   0.00188   0.00345   0.00215   0.00148   0.19893   1.03439   1.63560   1.05015   0.94941   1.34895   0.07025   0.21855   2.78115  
 14 451.1813    464.548177  x:  0.18918   0.00000   0.00196   0.00277   0.00105   0.00115   0.00000   0.00000   0.00109   0.00000   0.00000   0.00034   0.00319   0.00260   0.00000   0.00000   0.00000   0.00005   0.00094   0.00171   0.01325   0.00175   0.00198   0.00164   0.00000   0.00000   0.00000   0.00017   0.00188   0.00194   0.00043   0.00110   0.00103   0.00210   0.00000   0.01351   0.00307   0.00224   0.00159   0.00000   0.00000   0.00314   0.00045   0.00187   0.00344   0.00214   0.00147   0.19893   1.03438   1.63566   1.05018   0.94941   1.34893   0.07028   0.21844   2.78115  
 15 1586.5440    464.451422  x:  0.18920   0.00000   0.00192   0.00273   0.00101   0.00109   0.00000   0.00000   0.00103   0.00000   0.00000   0.00028   0.00315   0.00256   0.00000   0.00000   0.00000   0.00000   0.00091   0.00167   0.01325   0.00183   0.00206   0.00158   0.00000   0.00000   0.00000   0.00011   0.00182   0.00188   0.00037   0.00104   0.00097   0.00204   0.00000   0.01351   0.00304   0.00218   0.00153   0.00000   0.00000   0.00310   0.00039   0.00181   0.00340   0.00211   0.00143   0.19895   1.03429   1.63604   1.05033   0.94937   1.34883   0.07041   0.21776   2.78115  
 16 974.8512    464.292903  x:  0.18922   0.00000   0.00188   0.00269   0.00092   0.00098   0.00000   0.00000   0.00092   0.00000   0.00000   0.00017   0.00311   0.00252   0.00000   0.00000   0.00000   0.00000   0.00086   0.00162   0.01325   0.00191   0.00215   0.00147   0.00000   0.00000   0.00000   0.00000   0.00171   0.00177   0.00026   0.00093   0.00086   0.00193   0.00000   0.01351   0.00302   0.00208   0.00142   0.00000   0.00000   0.00306   0.00028   0.00170   0.00336   0.00206   0.00139   0.19897   1.03417   1.63652   1.05051   0.94933   1.34870   0.07059   0.21691   2.78115  
 17 596.9729    464.048617  x:  0.18927   0.00000   0.00178   0.00259   0.00078   0.00082   0.00000   0.00000   0.00076   0.00000   0.00000   0.00000   0.00301   0.00242   0.00000   0.00000   0.00000   0.00000   0.00076   0.00152   0.01324   0.00212   0.00236   0.00131   0.00000   0.00000   0.00000   0.00000   0.00154   0.00160   0.00010   0.00076   0.00069   0.00176   0.00000   0.01350   0.00297   0.00191   0.00126   0.00000   0.00000   0.00296   0.00011   0.00153   0.00326   0.00196   0.00129   0.19901   1.03391   1.63751   1.05090   0.94927   1.34842   0.07096   0.21517   2.78115  
 18 1001.1400    463.927850  x:  0.18929   0.00000   0.00174   0.00255   0.00070   0.00072   0.00000   0.00000   0.00067   0.00000   0.00000   0.00000   0.00297   0.00238   0.00000   0.00000   0.00000   0.00000   0.00072   0.00148   0.01324   0.00222   0.00245   0.00121   0.00000   0.00000   0.00000   0.00000   0.00145   0.00151   0.00000   0.00067   0.00060   0.00167   0.00000   0.01350   0.00294   0.00182   0.00117   0.00000   0.00000   0.00292   0.00002   0.00144   0.00322   0.00192   0.00125   0.19903   1.03381   1.63790   1.05105   0.94924   1.34831   0.07112   0.21447   2.78114  
 19 684.4663    463.905639  x:  0.18929   0.00000   0.00173   0.00254   0.00069   0.00071   0.00000   0.00000   0.00065   0.00000   0.00000   0.00000   0.00296   0.00237   0.00000   0.00000   0.00000   0.00000   0.00071   0.00147   0.01324   0.00224   0.00248   0.00120   0.00000   0.00000   0.00000   0.00000   0.00143   0.00149   0.00000   0.00065   0.00058   0.00165   0.00000   0.01350   0.00294   0.00180   0.00115   0.00000   0.00000   0.00291   0.00000   0.00142   0.00321   0.00191   0.00124   0.19904   1.03378   1.63800   1.05109   0.94924   1.34828   0.07116   0.21431   2.78114  
 20 1309.0681    463.244102  x:  0.18940   0.00000   0.00147   0.00228   0.00019   0.00013   0.00000   0.00000   0.00007   0.00000   0.00000   0.00000   0.00270   0.00212   0.00000   0.00000   0.00000   0.00000   0.00045   0.00121   0.01323   0.00284   0.00307   0.00062   0.00000   0.00000   0.00000   0.00000   0.00086   0.00092   0.00000   0.00008   0.00000   0.00108   0.00000   0.01349   0.00279   0.00123   0.00057   0.00000   0.00000   0.00265   0.00000   0.00085   0.00295   0.00165   0.00098   0.19915   1.03313   1.64025   1.05197   0.94916   1.34760   0.07210   0.21034   2.78113  
 21 677.6019    463.166041  x:  0.18942   0.00000   0.00143   0.00224   0.00014   0.00006   0.00000   0.00000   0.00000   0.00000   0.00000   0.00000   0.00266   0.00208   0.00000   0.00000   0.00000   0.00000   0.00041   0.00117   0.01323   0.00293   0.00317   0.00055   0.00000   0.00000   0.00000   0.00000   0.00079   0.00085   0.00000   0.00001   0.00000   0.00101   0.00000   0.01349   0.00277   0.00117   0.00051   0.00000   0.00000   0.00261   0.00000   0.00078   0.00291   0.00161   0.00094   0.19916   1.03303   1.64060   1.05211   0.94915   1.34749   0.07226   0.20973   2.78113  
 22 1283.6031    463.163100  x:  0.18942   0.00000   0.00143   0.00224   0.00013   0.00006   0.00000   0.00000   0.00000   0.00000   0.00000   0.00000   0.00266   0.00208   0.00000   0.00000   0.00000   0.00000   0.00041   0.00117   0.01323   0.00293   0.00317   0.00055   0.00000   0.00000   0.00000   0.00000   0.00079   0.00085   0.00000   0.00000   0.00000   0.00101   0.00000   0.01349   0.00277   0.00116   0.00050   0.00000   0.00000   0.00261   0.00000   0.00078   0.00291   0.00161   0.00094   0.19916   1.03303   1.64061   1.05211   0.94915   1.34748   0.07226   0.20971   2.78113  
 23 795.3407    463.111398  x:  0.18943   0.00000   0.00140   0.00221   0.00009   0.00000   0.00000   0.00000   0.00000   0.00000   0.00000   0.00000   0.00263   0.00205   0.00000   0.00000   0.00000   0.00000   0.00038   0.00114   0.01323   0.00300   0.00324   0.00050   0.00000   0.00000   0.00000   0.00000   0.00073   0.00079   0.00000   0.00000   0.00000   0.00095   0.00000   0.01349   0.00275   0.00111   0.00045   0.00000   0.00000   0.00258   0.00000   0.00072   0.00288   0.00158   0.00091   0.19918   1.03295   1.64086   1.05221   0.94915   1.34741   0.07237   0.20929   2.78113  
 24 2985.2216    463.034888  x:  0.18944   0.00000   0.00136   0.00217   0.00000   0.00000   0.00000   0.00000   0.00000   0.00000   0.00000   0.00000   0.00259   0.00201   0.00000   0.00000   0.00000   0.00000   0.00034   0.00110   0.01322   0.00310   0.00334   0.00040   0.00000   0.00000   0.00000   0.00000   0.00064   0.00070   0.00000   0.00000   0.00000   0.00086   0.00000   0.01348   0.00273   0.00101   0.00035   0.00000   0.00000   0.00254   0.00000   0.00063   0.00285   0.00154   0.00087   0.19919   1.03286   1.64116   1.05233   0.94914   1.34731   0.07251   0.20877   2.78113  
 25 833.7776    462.764325  x:  0.18951   0.00000   0.00119   0.00200   0.00000   0.00000   0.00000   0.00000   0.00000   0.00000   0.00000   0.00000   0.00242   0.00184   0.00000   0.00000   0.00000   0.00000   0.00017   0.00093   0.01322   0.00352   0.00376   0.00005   0.00000   0.00000   0.00000   0.00000   0.00029   0.00035   0.00000   0.00000   0.00000   0.00051   0.00000   0.01348   0.00263   0.00067   0.00000   0.00000   0.00000   0.00237   0.00000   0.00028   0.00268   0.00137   0.00070   0.19926   1.03245   1.64249   1.05285   0.94913   1.34688   0.07311   0.20650   2.78112  
 26 3768.5700    462.733416  x:  0.18952   0.00000   0.00117   0.00198   0.00000   0.00000   0.00000   0.00000   0.00000   0.00000   0.00000   0.00000   0.00240   0.00182   0.00000   0.00000   0.00000   0.00000   0.00015   0.00091   0.01322   0.00357   0.00380   0.00000   0.00000   0.00000   0.00000   0.00000   0.00024   0.00030   0.00000   0.00000   0.00000   0.00046   0.00000   0.01348   0.00262   0.00062   0.00000   0.00000   0.00000   0.00236   0.00000   0.00023   0.00266   0.00136   0.00068   0.19926   1.03241   1.64262   1.05291   0.94913   1.34683   0.07317   0.20628   2.78112  
 27 936.2553    462.606113  x:  0.18955   0.00000   0.00108   0.00189   0.00000   0.00000   0.00000   0.00000   0.00000   0.00000   0.00000   0.00000   0.00232   0.00173   0.00000   0.00000   0.00000   0.00000   0.00006   0.00082   0.01321   0.00379   0.00403   0.00000   0.00000   0.00000   0.00000   0.00000   0.00001   0.00008   0.00000   0.00000   0.00000   0.00024   0.00000   0.01347   0.00257   0.00040   0.00000   0.00000   0.00000   0.00227   0.00000   0.00000   0.00257   0.00127   0.00059   0.19930   1.03221   1.64329   1.05317   0.94912   1.34662   0.07348   0.20515   2.78111  
 28 15187.8125    462.601474  x:  0.18955   0.00000   0.00108   0.00189   0.00000   0.00000   0.00000   0.00000   0.00000   0.00000   0.00000   0.00000   0.00231   0.00173   0.00000   0.00000   0.00000   0.00000   0.00005   0.00082   0.01321   0.00380   0.00404   0.00000   0.00000   0.00000   0.00000   0.00000   0.00000   0.00007   0.00000   0.00000   0.00000   0.00023   0.00000   0.01347   0.00257   0.00039   0.00000   0.00000   0.00000   0.00226   0.00000   0.00000   0.00257   0.00126   0.00059   0.19930   1.03220   1.64331   1.05317   0.94912   1.34661   0.07349   0.20512   2.78111  
 29 863.2056    462.578580  x:  0.18956   0.00000   0.00106   0.00187   0.00000   0.00000   0.00000   0.00000   0.00000   0.00000   0.00000   0.00000   0.00229   0.00171   0.00000   0.00000   0.00000   0.00000   0.00003   0.00080   0.01321   0.00385   0.00409   0.00000   0.00000   0.00000   0.00000   0.00000   0.00000   0.00000   0.00000   0.00000   0.00000   0.00017   0.00000   0.01347   0.00256   0.00032   0.00000   0.00000   0.00000   0.00225   0.00000   0.00000   0.00255   0.00125   0.00057   0.19930   1.03216   1.64344   1.05322   0.94912   1.34657   0.07355   0.20490   2.78111  
 30 373881.6292    462.541536  x:  0.18957   0.00000   0.00103   0.00184   0.00000   0.00000   0.00000   0.00000   0.00000   0.00000   0.00000   0.00000   0.00227   0.00168   0.00000   0.00000   0.00000   0.00000   0.00000   0.00077   0.01321   0.00393   0.00417   0.00000   0.00000   0.00000   0.00000   0.00000   0.00000   0.00000   0.00000   0.00000   0.00000   0.00001   0.00000   0.01347   0.00254   0.00017   0.00000   0.00000   0.00000   0.00222   0.00000   0.00000   0.00252   0.00122   0.00054   0.19931   1.03210   1.64363   1.05330   0.94912   1.34650   0.07364   0.20456   2.78111  
 31 663.4609    462.539322  x:  0.18957   0.00000   0.00103   0.00184   0.00000   0.00000   0.00000   0.00000   0.00000   0.00000   0.00000   0.00000   0.00226   0.00168   0.00000   0.00000   0.00000   0.00000   0.00000   0.00077   0.01321   0.00393   0.00417   0.00000   0.00000   0.00000   0.00000   0.00000   0.00000   0.00000   0.00000   0.00000   0.00000   0.00000   0.00000   0.01347   0.00254   0.00016   0.00000   0.00000   0.00000   0.00221   0.00000   0.00000   0.00252   0.00121   0.00054   0.19931   1.03210   1.64365   1.05330   0.94912   1.34650   0.07365   0.20454   2.78111  
 32 43269.5224    462.521823  x:  0.18957   0.00000   0.00101   0.00182   0.00000   0.00000   0.00000   0.00000   0.00000   0.00000   0.00000   0.00000   0.00225   0.00167   0.00000   0.00000   0.00000   0.00000   0.00000   0.00075   0.01321   0.00397   0.00421   0.00000   0.00000   0.00000   0.00000   0.00000   0.00000   0.00000   0.00000   0.00000   0.00000   0.00000   0.00000   0.01347   0.00253   0.00000   0.00000   0.00000   0.00000   0.00220   0.00000   0.00000   0.00251   0.00120   0.00052   0.19932   1.03207   1.64374   1.05334   0.94913   1.34647   0.07369   0.20436   2.78111  
 33 266.2967    462.302646  x:  0.18967   0.00000   0.00049   0.00130   0.00000   0.00000   0.00000   0.00000   0.00000   0.00000   0.00000   0.00000   0.00173   0.00116   0.00000   0.00000   0.00000   0.00000   0.00000   0.00023   0.01319   0.00533   0.00557   0.00000   0.00000   0.00000   0.00000   0.00000   0.00000   0.00000   0.00000   0.00000   0.00000   0.00000   0.00000   0.01344   0.00209   0.00000   0.00000   0.00000   0.00000   0.00168   0.00000   0.00000   0.00200   0.00068   0.00000   0.19942   1.03184   1.64522   1.05348   0.94928   1.34615   0.07443   0.20003   2.78122  
 34 49.2570    462.231940  x:  0.18974   0.00000   0.00027   0.00108   0.00000   0.00000   0.00000   0.00000   0.00000   0.00000   0.00000   0.00000   0.00151   0.00094   0.00000   0.00000   0.00000   0.00000   0.00000   0.00000   0.01318   0.00600   0.00625   0.00000   0.00000   0.00000   0.00000   0.00000   0.00000   0.00000   0.00000   0.00000   0.00000   0.00000   0.00000   0.01342   0.00191   0.00000   0.00000   0.00000   0.00000   0.00147   0.00000   0.00000   0.00178   0.00046   0.00000   0.19949   1.03182   1.64586   1.05340   0.94943   1.34605   0.07477   0.19742   2.78129  
 35 407.1427    462.103792  x:  0.18977   0.00000   0.00000   0.00081   0.00000   0.00000   0.00000   0.00000   0.00000   0.00000   0.00000   0.00000   0.00125   0.00068   0.00000   0.00000   0.00000   0.00000   0.00000   0.00000   0.01318   0.00632   0.00657   0.00000   0.00000   0.00000   0.00000   0.00000   0.00000   0.00000   0.00000   0.00000   0.00000   0.00000   0.00000   0.01342   0.00166   0.00000   0.00000   0.00000   0.00000   0.00120   0.00000   0.00000   0.00152   0.00020   0.00000   0.19952   1.03185   1.64616   1.05331   0.94955   1.34603   0.07494   0.19596   2.78133  
 36 142.4727    462.064077  x:  0.18982   0.00000   0.00000   0.00062   0.00000   0.00000   0.00000   0.00000   0.00000   0.00000   0.00000   0.00000   0.00106   0.00049   0.00000   0.00000   0.00000   0.00000   0.00000   0.00000   0.01317   0.00681   0.00706   0.00000   0.00000   0.00000   0.00000   0.00000   0.00000   0.00000   0.00000   0.00000   0.00000   0.00000   0.00000   0.01341   0.00150   0.00000   0.00000   0.00000   0.00000   0.00101   0.00000   0.00000   0.00133   0.00000   0.00000   0.19957   1.03178   1.64670   1.05332   0.94966   1.34593   0.07521   0.19434   2.78138  
 37 212.9566    461.947119  x:  0.18989   0.00000   0.00000   0.00013   0.00000   0.00000   0.00000   0.00000   0.00000   0.00000   0.00000   0.00000   0.00057   0.00000   0.00000   0.00000   0.00000   0.00000   0.00000   0.00000   0.01316   0.00763   0.00787   0.00000   0.00000   0.00000   0.00000   0.00000   0.00000   0.00000   0.00000   0.00000   0.00000   0.00000   0.00000   0.01339   0.00108   0.00000   0.00000   0.00000   0.00000   0.00053   0.00000   0.00000   0.00085   0.00000   0.00000   0.19964   1.03166   1.64762   1.05338   0.94985   1.34575   0.07568   0.19175   2.78146  
 38 294.5367    461.931755  x:  0.18991   0.00000   0.00000   0.00000   0.00000   0.00000   0.00000   0.00000   0.00000   0.00000   0.00000   0.00000   0.00045   0.00000   0.00000   0.00000   0.00000   0.00000   0.00000   0.00000   0.01316   0.00786   0.00811   0.00000   0.00000   0.00000   0.00000   0.00000   0.00000   0.00000   0.00000   0.00000   0.00000   0.00000   0.00000   0.01339   0.00097   0.00000   0.00000   0.00000   0.00000   0.00041   0.00000   0.00000   0.00073   0.00000   0.00000   0.19966   1.03162   1.64788   1.05341   0.94991   1.34570   0.07581   0.19102   2.78148  
 39 2735.0725    461.868642  x:  0.18995   0.00000   0.00000   0.00000   0.00000   0.00000   0.00000   0.00000   0.00000   0.00000   0.00000   0.00000   0.00005   0.00000   0.00000   0.00000   0.00000   0.00000   0.00000   0.00000   0.01315   0.00833   0.00857   0.00000   0.00000   0.00000   0.00000   0.00000   0.00000   0.00000   0.00000   0.00000   0.00000   0.00000   0.00000   0.01338   0.00061   0.00000   0.00000   0.00000   0.00000   0.00000   0.00000   0.00000   0.00033   0.00000   0.00000   0.19970   1.03156   1.64841   1.05344   0.95004   1.34560   0.07609   0.18955   2.78153  
 40 238.5431    461.865338  x:  0.18996   0.00000   0.00000   0.00000   0.00000   0.00000   0.00000   0.00000   0.00000   0.00000   0.00000   0.00000   0.00000   0.00000   0.00000   0.00000   0.00000   0.00000   0.00000   0.00000   0.01315   0.00838   0.00862   0.00000   0.00000   0.00000   0.00000   0.00000   0.00000   0.00000   0.00000   0.00000   0.00000   0.00000   0.00000   0.01338   0.00057   0.00000   0.00000   0.00000   0.00000   0.00000   0.00000   0.00000   0.00029   0.00000   0.00000   0.19971   1.03155   1.64847   1.05344   0.95005   1.34559   0.07612   0.18939   2.78153  
 41 850555.1590    461.837362  x:  0.18997   0.00000   0.00000   0.00000   0.00000   0.00000   0.00000   0.00000   0.00000   0.00000   0.00000   0.00000   0.00000   0.00000   0.00000   0.00000   0.00000   0.00000   0.00000   0.00000   0.01315   0.00851   0.00876   0.00000   0.00000   0.00000   0.00000   0.00000   0.00000   0.00000   0.00000   0.00000   0.00000   0.00000   0.00000   0.01338   0.00030   0.00000   0.00000   0.00000   0.00000   0.00000   0.00000   0.00000   0.00000   0.00000   0.00000   0.19972   1.03154   1.64862   1.05344   0.95013   1.34556   0.07621   0.18889   2.78155  
 42 119.8131    461.825272  x:  0.18999   0.00000   0.00000   0.00000   0.00000   0.00000   0.00000   0.00000   0.00000   0.00000   0.00000   0.00000   0.00000   0.00000   0.00000   0.00000   0.00000   0.00000   0.00000   0.00000   0.01315   0.00862   0.00886   0.00000   0.00000   0.00000   0.00000   0.00000   0.00000   0.00000   0.00000   0.00000   0.00000   0.00000   0.00000   0.01338   0.00000   0.00000   0.00000   0.00000   0.00000   0.00000   0.00000   0.00000   0.00000   0.00000   0.00000   0.19974   1.03154   1.64875   1.05343   0.95021   1.34555   0.07628   0.18845   2.78157  
 43 1451.1146    460.289690  x:  0.19026   0.00000   0.00000   0.00000   0.00000   0.00000   0.00000   0.00000   0.00000   0.00000   0.00000   0.00000   0.00000   0.00000   0.00000   0.00000   0.00000   0.00000   0.00000   0.00000   0.01325   0.00000   0.00021   0.00000   0.00000   0.00000   0.00000   0.00000   0.00000   0.00000   0.00000   0.00000   0.00000   0.00000   0.00000   0.01353   0.00000   0.00000   0.00000   0.00000   0.00000   0.00000   0.00000   0.00000   0.00000   0.00000   0.00000   0.20001   1.03529   1.63998   1.05082   0.95692   1.34808   0.07319   0.20073   2.78158  
 44 32.6492    460.263888  x:  0.19027   0.00000   0.00000   0.00000   0.00000   0.00000   0.00000   0.00000   0.00000   0.00000   0.00000   0.00000   0.00000   0.00000   0.00000   0.00000   0.00000   0.00000   0.00000   0.00000   0.01326   0.00000   0.00000   0.00000   0.00000   0.00000   0.00000   0.00000   0.00000   0.00000   0.00000   0.00000   0.00000   0.00000   0.00000   0.01354   0.00000   0.00000   0.00000   0.00000   0.00000   0.00000   0.00000   0.00000   0.00000   0.00000   0.00000   0.20002   1.03550   1.63955   1.05070   0.95731   1.34820   0.07304   0.20137   2.78158  
 45 189.2396    457.420903  x:  0.20042   0.00000   0.00000   0.00000   0.00000   0.00000   0.00000   0.00000   0.00000   0.00000   0.00000   0.00000   0.00000   0.00000   0.00000   0.00000   0.00000   0.00000   0.00000   0.00000   0.01376   0.00000   0.00000   0.00000   0.00000   0.00000   0.00000   0.00000   0.00000   0.00000   0.00000   0.00000   0.00000   0.00000   0.00000   0.01494   0.00000   0.00000   0.00000   0.00000   0.00000   0.00000   0.00000   0.00000   0.00000   0.00000   0.00000   0.20999   1.22403   1.30549   0.83002   0.89412   1.32625   0.11529   0.05768   2.77459  
 46  2.6103    455.485053  x:  0.19943   0.00000   0.00000   0.00000   0.00000   0.00000   0.00000   0.00000   0.00000   0.00000   0.00000   0.00000   0.00000   0.00000   0.00000   0.00000   0.00000   0.00000   0.00000   0.00000   0.01332   0.00000   0.00000   0.00000   0.00000   0.00000   0.00000   0.00000   0.00000   0.00000   0.00000   0.00000   0.00000   0.00000   0.00000   0.01406   0.00000   0.00000   0.00000   0.00000   0.00000   0.00000   0.00000   0.00000   0.00000   0.00000   0.00000   0.20886   1.46586   1.45185   0.81216   1.00000   1.28774   0.17329   0.04738   2.77216  
 47  2.9721    455.336163  x:  0.19805   0.00000   0.00000   0.00000   0.00000   0.00000   0.00000   0.00000   0.00000   0.00000   0.00000   0.00000   0.00000   0.00000   0.00000   0.00000   0.00000   0.00000   0.00000   0.00000   0.01343   0.00000   0.00000   0.00000   0.00000   0.00000   0.00000   0.00000   0.00000   0.00000   0.00000   0.00000   0.00000   0.00000   0.00000   0.01423   0.00000   0.00000   0.00000   0.00000   0.00000   0.00000   0.00000   0.00000   0.00000   0.00000   0.00000   0.20752   1.48804   1.38579   0.77813   1.00000   1.29090   0.16928   0.08564   2.77196  
 48  1.8867    455.164541  x:  0.19619   0.00000   0.00000   0.00000   0.00000   0.00000   0.00000   0.00000   0.00000   0.00000   0.00000   0.00000   0.00000   0.00000   0.00000   0.00000   0.00000   0.00000   0.00000   0.00000   0.01300   0.00000   0.00000   0.00000   0.00000   0.00000   0.00000   0.00000   0.00000   0.00000   0.00000   0.00000   0.00000   0.00000   0.00000   0.01340   0.00000   0.00000   0.00000   0.00000   0.00000   0.00000   0.00000   0.00000   0.00000   0.00000   0.00000   0.20561   1.74012   1.37680   0.82415   1.00000   1.28722   0.20767   0.09630   2.76414  
 49  1.8837    455.013252  x:  0.19893   0.00000   0.00000   0.00000   0.00000   0.00000   0.00000   0.00000   0.00000   0.00000   0.00000   0.00000   0.00000   0.00000   0.00000   0.00000   0.00000   0.00000   0.00000   0.00000   0.01239   0.00000   0.00000   0.00000   0.00000   0.00000   0.00000   0.00000   0.00000   0.00000   0.00000   0.00000   0.00000   0.00000   0.00000   0.01262   0.00000   0.00000   0.00000   0.00000   0.00000   0.00000   0.00000   0.00000   0.00000   0.00000   0.00000   0.20836   1.74779   1.30596   0.80423   1.00000   1.34231   0.23839   0.06947   2.74290  
 50  0.2720    454.983408  x:  0.19841   0.00000   0.00000   0.00000   0.00000   0.00000   0.00000   0.00000   0.00000   0.00000   0.00000   0.00000   0.00000   0.00000   0.00000   0.00000   0.00000   0.00000   0.00000   0.00000   0.01173   0.00000   0.00000   0.00000   0.00000   0.00000   0.00000   0.00000   0.00000   0.00000   0.00000   0.00000   0.00000   0.00000   0.00000   0.01137   0.00000   0.00000   0.00000   0.00000   0.00000   0.00000   0.00000   0.00000   0.00000   0.00000   0.00000   0.20781   1.80958   1.32310   0.80074   1.00000   1.36185   0.44947   0.03343   2.69139  
 51  0.1499    454.959284  x:  0.19986   0.00000   0.00000   0.00000   0.00000   0.00000   0.00000   0.00000   0.00000   0.00000   0.00000   0.00000   0.00000   0.00000   0.00000   0.00000   0.00000   0.00000   0.00000   0.00000   0.01246   0.00000   0.00000   0.00000   0.00000   0.00000   0.00000   0.00000   0.00000   0.00000   0.00000   0.00000   0.00000   0.00000   0.00000   0.01328   0.00000   0.00000   0.00000   0.00000   0.00000   0.00000   0.00000   0.00000   0.00000   0.00000   0.00000   0.20925   1.91416   1.32742   0.79885   1.00000   1.57515   0.69117   0.02725   2.58615  
 52  0.1640    454.914227  x:  0.20410   0.00000   0.00000   0.00000   0.00000   0.00000   0.00000   0.00000   0.00000   0.00000   0.00000   0.00000   0.00000   0.00000   0.00000   0.00000   0.00000   0.00000   0.00000   0.00000   0.01234   0.00000   0.00000   0.00000   0.00000   0.00000   0.00000   0.00000   0.00000   0.00000   0.00000   0.00000   0.00000   0.00000   0.00000   0.01201   0.00000   0.00000   0.00000   0.00000   0.00000   0.00000   0.00000   0.00000   0.00000   0.00000   0.00000   0.21349   2.01213   1.31938   0.80078   1.00000   2.12230   1.35177   0.02416   2.30526  
 53  0.2872    454.845024  x:  0.20411   0.00000   0.00000   0.00000   0.00000   0.00000   0.00000   0.00000   0.00000   0.00000   0.00000   0.00000   0.00000   0.00000   0.00000   0.00000   0.00000   0.00000   0.00000   0.00000   0.01238   0.00000   0.00000   0.00000   0.00000   0.00000   0.00000   0.00000   0.00000   0.00000   0.00000   0.00000   0.00000   0.00000   0.00000   0.01088   0.00000   0.00000   0.00000   0.00000   0.00000   0.00000   0.00000   0.00000   0.00000   0.00000   0.00000   0.21351   1.96927   1.30641   0.79778   1.00000   3.31477   2.24732   0.05201   1.80839  
 54  0.7691    454.785283  x:  0.19644   0.00000   0.00000   0.00000   0.00000   0.00000   0.00000   0.00000   0.00000   0.00000   0.00000   0.00000   0.00000   0.00000   0.00000   0.00000   0.00000   0.00000   0.00000   0.00000   0.01213   0.00000   0.00000   0.00000   0.00000   0.00000   0.00000   0.00000   0.00000   0.00000   0.00000   0.00000   0.00000   0.00000   0.00000   0.01259   0.00000   0.00000   0.00000   0.00000   0.00000   0.00000   0.00000   0.00000   0.00000   0.00000   0.00000   0.20588   1.81040   1.31785   0.79840   1.00000   4.05640   3.04216   0.04475   1.43761  
 55  0.7845    454.774172  x:  0.20119   0.00000   0.00000   0.00000   0.00000   0.00000   0.00000   0.00000   0.00000   0.00000   0.00000   0.00000   0.00000   0.00000   0.00000   0.00000   0.00000   0.00000   0.00000   0.00000   0.01196   0.00000   0.00000   0.00000   0.00000   0.00000   0.00000   0.00000   0.00000   0.00000   0.00000   0.00000   0.00000   0.00000   0.00000   0.01218   0.00000   0.00000   0.00000   0.00000   0.00000   0.00000   0.00000   0.00000   0.00000   0.00000   0.00000   0.21065   1.79633   1.32527   0.80204   1.00000   4.61238   3.65141   0.04083   1.15737  
 56  0.5267    454.769491  x:  0.19986   0.00000   0.00000   0.00000   0.00000   0.00000   0.00000   0.00000   0.00000   0.00000   0.00000   0.00000   0.00000   0.00000   0.00000   0.00000   0.00000   0.00000   0.00000   0.00000   0.01257   0.00000   0.00000   0.00000   0.00000   0.00000   0.00000   0.00000   0.00000   0.00000   0.00000   0.00000   0.00000   0.00000   0.00000   0.01200   0.00000   0.00000   0.00000   0.00000   0.00000   0.00000   0.00000   0.00000   0.00000   0.00000   0.00000   0.20931   1.81940   1.31930   0.80122   1.00000   5.22074   4.28638   0.03643   0.85735  
 57  0.4994    454.766612  x:  0.19965   0.00000   0.00000   0.00000   0.00000   0.00000   0.00000   0.00000   0.00000   0.00000   0.00000   0.00000   0.00000   0.00000   0.00000   0.00000   0.00000   0.00000   0.00000   0.00000   0.01196   0.00000   0.00000   0.00000   0.00000   0.00000   0.00000   0.00000   0.00000   0.00000   0.00000   0.00000   0.00000   0.00000   0.00000   0.01232   0.00000   0.00000   0.00000   0.00000   0.00000   0.00000   0.00000   0.00000   0.00000   0.00000   0.00000   0.20911   1.81829   1.31963   0.80063   1.00000   5.93951   4.96614   0.04106   0.51908  
 58  0.5368    454.765518  x:  0.19969   0.00000   0.00000   0.00000   0.00000   0.00000   0.00000   0.00000   0.00000   0.00000   0.00000   0.00000   0.00000   0.00000   0.00000   0.00000   0.00000   0.00000   0.00000   0.00000   0.01226   0.00000   0.00000   0.00000   0.00000   0.00000   0.00000   0.00000   0.00000   0.00000   0.00000   0.00000   0.00000   0.00000   0.00000   0.01210   0.00000   0.00000   0.00000   0.00000   0.00000   0.00000   0.00000   0.00000   0.00000   0.00000   0.00000   0.20917   1.80804   1.32226   0.80109   1.00000   6.58363   5.61469   0.04146   0.20614  
 59  0.4879    454.765096  x:  0.19990   0.00000   0.00000   0.00000   0.00000   0.00000   0.00000   0.00000   0.00000   0.00000   0.00000   0.00000   0.00000   0.00000   0.00000   0.00000   0.00000   0.00000   0.00000   0.00000   0.01220   0.00000   0.00000   0.00000   0.00000   0.00000   0.00000   0.00000   0.00000   0.00000   0.00000   0.00000   0.00000   0.00000   0.00000   0.01215   0.00000   0.00000   0.00000   0.00000   0.00000   0.00000   0.00000   0.00000   0.00000   0.00000   0.00000   0.20939   1.81346   1.32114   0.80088   1.00000   7.00474   6.04483   0.03961   0.00010  
 60  0.4762    454.764918  x:  0.19973   0.00000   0.00000   0.00000   0.00000   0.00000   0.00000   0.00000   0.00000   0.00000   0.00000   0.00000   0.00000   0.00000   0.00000   0.00000   0.00000   0.00000   0.00000   0.00000   0.01211   0.00000   0.00000   0.00000   0.00000   0.00000   0.00000   0.00000   0.00000   0.00000   0.00000   0.00000   0.00000   0.00000   0.00000   0.01222   0.00000   0.00000   0.00000   0.00000   0.00000   0.00000   0.00000   0.00000   0.00000   0.00000   0.00000   0.20922   1.81690   1.31986   0.80089   1.00000   7.93200   6.96570   0.04068   0.00010  
 61  0.5310    454.764797  x:  0.19984   0.00000   0.00000   0.00000   0.00000   0.00000   0.00000   0.00000   0.00000   0.00000   0.00000   0.00000   0.00000   0.00000   0.00000   0.00000   0.00000   0.00000   0.00000   0.00000   0.01218   0.00000   0.00000   0.00000   0.00000   0.00000   0.00000   0.00000   0.00000   0.00000   0.00000   0.00000   0.00000   0.00000   0.00000   0.01216   0.00000   0.00000   0.00000   0.00000   0.00000   0.00000   0.00000   0.00000   0.00000   0.00000   0.00000   0.20935   1.81305   1.32130   0.80089   1.00000   8.72125   7.76019   0.03965   0.00010  
 62  0.4860    454.764755  x:  0.19975   0.00000   0.00000   0.00000   0.00000   0.00000   0.00000   0.00000   0.00000   0.00000   0.00000   0.00000   0.00000   0.00000   0.00000   0.00000   0.00000   0.00000   0.00000   0.00000   0.01217   0.00000   0.00000   0.00000   0.00000   0.00000   0.00000   0.00000   0.00000   0.00000   0.00000   0.00000   0.00000   0.00000   0.00000   0.01217   0.00000   0.00000   0.00000   0.00000   0.00000   0.00000   0.00000   0.00000   0.00000   0.00000   0.00000   0.20927   1.81399   1.32070   0.80095   1.00000   9.67643   8.71033   0.04086   0.00010  
 63  0.5173    454.764736  x:  0.19978   0.00000   0.00000   0.00000   0.00000   0.00000   0.00000   0.00000   0.00000   0.00000   0.00000   0.00000   0.00000   0.00000   0.00000   0.00000   0.00000   0.00000   0.00000   0.00000   0.01217   0.00000   0.00000   0.00000   0.00000   0.00000   0.00000   0.00000   0.00000   0.00000   0.00000   0.00000   0.00000   0.00000   0.00000   0.01218   0.00000   0.00000   0.00000   0.00000   0.00000   0.00000   0.00000   0.00000   0.00000   0.00000   0.00000   0.20931   1.81359   1.32099   0.80089   1.00000  10.43378   9.47083   0.04001   0.00010  
 64  0.4790    454.764728  x:  0.19977   0.00000   0.00000   0.00000   0.00000   0.00000   0.00000   0.00000   0.00000   0.00000   0.00000   0.00000   0.00000   0.00000   0.00000   0.00000   0.00000   0.00000   0.00000   0.00000   0.01218   0.00000   0.00000   0.00000   0.00000   0.00000   0.00000   0.00000   0.00000   0.00000   0.00000   0.00000   0.00000   0.00000   0.00000   0.01217   0.00000   0.00000   0.00000   0.00000   0.00000   0.00000   0.00000   0.00000   0.00000   0.00000   0.00000   0.20932   1.81413   1.32083   0.80093   1.00000  11.48181  10.51762   0.04043   0.00010  
 65  0.4974    454.764725  x:  0.19976   0.00000   0.00000   0.00000   0.00000   0.00000   0.00000   0.00000   0.00000   0.00000   0.00000   0.00000   0.00000   0.00000   0.00000   0.00000   0.00000   0.00000   0.00000   0.00000   0.01217   0.00000   0.00000   0.00000   0.00000   0.00000   0.00000   0.00000   0.00000   0.00000   0.00000   0.00000   0.00000   0.00000   0.00000   0.01217   0.00000   0.00000   0.00000   0.00000   0.00000   0.00000   0.00000   0.00000   0.00000   0.00000   0.00000   0.20932   1.81361   1.32092   0.80090   1.00000  12.22549  11.26193   0.04018   0.00010  
 66  0.4876    454.764723  x:  0.19976   0.00000   0.00000   0.00000   0.00000   0.00000   0.00000   0.00000   0.00000   0.00000   0.00000   0.00000   0.00000   0.00000   0.00000   0.00000   0.00000   0.00000   0.00000   0.00000   0.01217   0.00000   0.00000   0.00000   0.00000   0.00000   0.00000   0.00000   0.00000   0.00000   0.00000   0.00000   0.00000   0.00000   0.00000   0.01217   0.00000   0.00000   0.00000   0.00000   0.00000   0.00000   0.00000   0.00000   0.00000   0.00000   0.00000   0.20933   1.81402   1.32089   0.80092   1.00000  13.29676  12.33284   0.04032   0.00010  
 67  0.4893    454.764723  x:  0.19975   0.00000   0.00000   0.00000   0.00000   0.00000   0.00000   0.00000   0.00000   0.00000   0.00000   0.00000   0.00000   0.00000   0.00000   0.00000   0.00000   0.00000   0.00000   0.00000   0.01217   0.00000   0.00000   0.00000   0.00000   0.00000   0.00000   0.00000   0.00000   0.00000   0.00000   0.00000   0.00000   0.00000   0.00000   0.01217   0.00000   0.00000   0.00000   0.00000   0.00000   0.00000   0.00000   0.00000   0.00000   0.00000   0.00000   0.20933   1.81369   1.32090   0.80091   1.00000  14.03073  13.06705   0.04023   0.00010  
 68  0.4899    454.764722  x:  0.19975   0.00000   0.00000   0.00000   0.00000   0.00000   0.00000   0.00000   0.00000   0.00000   0.00000   0.00000   0.00000   0.00000   0.00000   0.00000   0.00000   0.00000   0.00000   0.00000   0.01217   0.00000   0.00000   0.00000   0.00000   0.00000   0.00000   0.00000   0.00000   0.00000   0.00000   0.00000   0.00000   0.00000   0.00000   0.01217   0.00000   0.00000   0.00000   0.00000   0.00000   0.00000   0.00000   0.00000   0.00000   0.00000   0.00000   0.20934   1.81393   1.32090   0.80092   1.00000  15.07762  14.11380   0.04028   0.00010  
 69  0.4829    454.764722  x:  0.19974   0.00000   0.00000   0.00000   0.00000   0.00000   0.00000   0.00000   0.00000   0.00000   0.00000   0.00000   0.00000   0.00000   0.00000   0.00000   0.00000   0.00000   0.00000   0.00000   0.01217   0.00000   0.00000   0.00000   0.00000   0.00000   0.00000   0.00000   0.00000   0.00000   0.00000   0.00000   0.00000   0.00000   0.00000   0.01217   0.00000   0.00000   0.00000   0.00000   0.00000   0.00000   0.00000   0.00000   0.00000   0.00000   0.00000   0.20934   1.81374   1.32089   0.80091   1.00000  15.83282  14.86909   0.04025   0.00010  
 70  0.4929    454.764722  x:  0.19973   0.00000   0.00000   0.00000   0.00000   0.00000   0.00000   0.00000   0.00000   0.00000   0.00000   0.00000   0.00000   0.00000   0.00000   0.00000   0.00000   0.00000   0.00000   0.00000   0.01217   0.00000   0.00000   0.00000   0.00000   0.00000   0.00000   0.00000   0.00000   0.00000   0.00000   0.00000   0.00000   0.00000   0.00000   0.01217   0.00000   0.00000   0.00000   0.00000   0.00000   0.00000   0.00000   0.00000   0.00000   0.00000   0.00000   0.20935   1.81386   1.32090   0.80091   1.00000  16.73831  15.77454   0.04026   0.00010  
 71  0.4637    454.764722  x:  0.19973   0.00000   0.00000   0.00000   0.00000   0.00000   0.00000   0.00000   0.00000   0.00000   0.00000   0.00000   0.00000   0.00000   0.00000   0.00000   0.00000   0.00000   0.00000   0.00000   0.01217   0.00000   0.00000   0.00000   0.00000   0.00000   0.00000   0.00000   0.00000   0.00000   0.00000   0.00000   0.00000   0.00000   0.00000   0.01217   0.00000   0.00000   0.00000   0.00000   0.00000   0.00000   0.00000   0.00000   0.00000   0.00000   0.00000   0.20936   1.81377   1.32089   0.80091   1.00000  17.60359  16.63984   0.04026   0.00010  
 72  0.4862    454.764722  x:  0.19972   0.00000   0.00000   0.00000   0.00000   0.00000   0.00000   0.00000   0.00000   0.00000   0.00000   0.00000   0.00000   0.00000   0.00000   0.00000   0.00000   0.00000   0.00000   0.00000   0.01217   0.00000   0.00000   0.00000   0.00000   0.00000   0.00000   0.00000   0.00000   0.00000   0.00000   0.00000   0.00000   0.00000   0.00000   0.01217   0.00000   0.00000   0.00000   0.00000   0.00000   0.00000   0.00000   0.00000   0.00000   0.00000   0.00000   0.20936   1.81382   1.32090   0.80091   1.00000  18.10115  17.13740   0.04026   0.00010  
 73  0.3664    454.764722  x:  0.19971   0.00000   0.00000   0.00000   0.00000   0.00000   0.00000   0.00000   0.00000   0.00000   0.00000   0.00000   0.00000   0.00000   0.00000   0.00000   0.00000   0.00000   0.00000   0.00000   0.01217   0.00000   0.00000   0.00000   0.00000   0.00000   0.00000   0.00000   0.00000   0.00000   0.00000   0.00000   0.00000   0.00000   0.00000   0.01217   0.00000   0.00000   0.00000   0.00000   0.00000   0.00000   0.00000   0.00000   0.00000   0.00000   0.00000   0.20937   1.81379   1.32089   0.80091   1.00000  19.60839  18.64464   0.04026   0.00010  
 74  0.4316    454.764722  x:  0.19971   0.00000   0.00000   0.00000   0.00000   0.00000   0.00000   0.00000   0.00000   0.00000   0.00000   0.00000   0.00000   0.00000   0.00000   0.00000   0.00000   0.00000   0.00000   0.00000   0.01217   0.00000   0.00000   0.00000   0.00000   0.00000   0.00000   0.00000   0.00000   0.00000   0.00000   0.00000   0.00000   0.00000   0.00000   0.01217   0.00000   0.00000   0.00000   0.00000   0.00000   0.00000   0.00000   0.00000   0.00000   0.00000   0.00000   0.20937   1.81380   1.32090   0.80091   1.00000  19.47876  18.51501   0.04026   0.00010  
 75  0.2685    454.764722  x:  0.19971   0.00000   0.00000   0.00000   0.00000   0.00000   0.00000   0.00000   0.00000   0.00000   0.00000   0.00000   0.00000   0.00000   0.00000   0.00000   0.00000   0.00000   0.00000   0.00000   0.01217   0.00000   0.00000   0.00000   0.00000   0.00000   0.00000   0.00000   0.00000   0.00000   0.00000   0.00000   0.00000   0.00000   0.00000   0.01217   0.00000   0.00000   0.00000   0.00000   0.00000   0.00000   0.00000   0.00000   0.00000   0.00000   0.00000   0.20937   1.81380   1.32090   0.80091   1.00000  19.47861  18.51486   0.04026   0.00010  
 76  0.2584    454.764722  x:  0.19971   0.00000   0.00000   0.00000   0.00000   0.00000   0.00000   0.00000   0.00000   0.00000   0.00000   0.00000   0.00000   0.00000   0.00000   0.00000   0.00000   0.00000   0.00000   0.00000   0.01217   0.00000   0.00000   0.00000   0.00000   0.00000   0.00000   0.00000   0.00000   0.00000   0.00000   0.00000   0.00000   0.00000   0.00000   0.01217   0.00000   0.00000   0.00000   0.00000   0.00000   0.00000   0.00000   0.00000   0.00000   0.00000   0.00000   0.20937   1.81380   1.32090   0.80091   1.00000  19.47885  18.51510   0.04026   0.00010  
 77  0.0028    454.764722  x:  0.19971   0.00000   0.00000   0.00000   0.00000   0.00000   0.00000   0.00000   0.00000   0.00000   0.00000   0.00000   0.00000   0.00000   0.00000   0.00000   0.00000   0.00000   0.00000   0.00000   0.01217   0.00000   0.00000   0.00000   0.00000   0.00000   0.00000   0.00000   0.00000   0.00000   0.00000   0.00000   0.00000   0.00000   0.00000   0.01217   0.00000   0.00000   0.00000   0.00000   0.00000   0.00000   0.00000   0.00000   0.00000   0.00000   0.00000   0.20937   1.81380   1.32090   0.80091   1.00000  19.47885  18.51510   0.04026   0.00010  
 78  0.0003    454.764722  x:  0.19971   0.00000   0.00000   0.00000   0.00000   0.00000   0.00000   0.00000   0.00000   0.00000   0.00000   0.00000   0.00000   0.00000   0.00000   0.00000   0.00000   0.00000   0.00000   0.00000   0.01217   0.00000   0.00000   0.00000   0.00000   0.00000   0.00000   0.00000   0.00000   0.00000   0.00000   0.00000   0.00000   0.00000   0.00000   0.01217   0.00000   0.00000   0.00000   0.00000   0.00000   0.00000   0.00000   0.00000   0.00000   0.00000   0.00000   0.20937   1.81380   1.32090   0.80091   1.00000  19.47885  18.51510   0.04026   0.00010  
 79  0.0062    454.764722  x:  0.19971   0.00000   0.00000   0.00000   0.00000   0.00000   0.00000   0.00000   0.00000   0.00000   0.00000   0.00000   0.00000   0.00000   0.00000   0.00000   0.00000   0.00000   0.00000   0.00000   0.01217   0.00000   0.00000   0.00000   0.00000   0.00000   0.00000   0.00000   0.00000   0.00000   0.00000   0.00000   0.00000   0.00000   0.00000   0.01217   0.00000   0.00000   0.00000   0.00000   0.00000   0.00000   0.00000   0.00000   0.00000   0.00000   0.00000   0.20937   1.81380   1.32090   0.80091   1.00000  19.47885  18.51510   0.04026   0.00010  
check convergence!
